
                  X             Displacement          Force      

                0.                -0.                 0.         
                1.E-03           100.E-15             1.08566E-09
                2.E-03           200.E-15           679.41E-12   
                3.5E-03          350.E-15            67.6342E-12 
                5.75E-03         575.E-15             5.33598E-12
                9.125E-03        912.5E-15          524.07E-15   
               14.1875E-03         1.41875E-12       52.3466E-15 
               21.7812E-03         2.17813E-12        5.23341E-15
               33.1719E-03         3.31719E-12      523.388E-18  
               50.2578E-03         5.02578E-12       52.3371E-18 
               75.8867E-03         7.58867E-12        5.23344E-18
              114.33E-03          11.433E-12        523.285E-21  
              171.995E-03         17.1995E-12        52.3247E-21 
              258.493E-03         25.8493E-12         5.23194E-21
              388.239E-03         38.8239E-12       523.123E-24  
              582.859E-03         58.2859E-12        52.302E-24  
              874.788E-03         87.4788E-12         5.22867E-24
                1.31268          131.268E-12        522.639E-27  
                1.96952          196.952E-12         52.2296E-27 
                2.86952          286.952E-12          5.21827E-27
                3.76952          376.952E-12        521.357E-30  
                4.66952          466.952E-12         52.0888E-30 
                5.56952          556.952E-12          5.20418E-30
                6.46952          646.952E-12        519.949E-33  
                7.36952          736.952E-12         51.948E-33  
                8.26952          826.952E-12          5.19011E-33
                9.16952          916.952E-12        518.541E-36  
               10.0695             1.00695E-09      487.811E-09  
               10.9695             1.09695E-09        1.30399E-06
               11.4195             1.14195E-09        1.67441E-06
               11.757              1.1757E-09         1.91342E-06
               12.2633             1.22633E-09        2.16099E-06
               13.0226             1.30226E-09        2.45214E-06
               13.9226             1.39226E-09        2.76286E-06
               14.8226             1.48226E-09        3.02051E-06
               15.7226             1.57226E-09        3.25915E-06
               16.6226             1.66226E-09        3.48696E-06
               17.5226             1.75226E-09        3.70632E-06
               18.4226             1.84226E-09        3.91706E-06
               19.3226             1.93226E-09        4.12069E-06
               20.2226             2.02226E-09        4.31776E-06
               21.1226             2.11226E-09        4.50811E-06
               22.0226             2.20226E-09        4.69077E-06
               22.9226             2.29226E-09        4.86457E-06
               23.8226             2.38226E-09        5.02932E-06
               24.7226             2.47227E-09        5.18578E-06
               25.6226             2.56227E-09        5.33459E-06
               26.5226             2.65226E-09        5.47618E-06
               27.4226             2.74226E-09        5.61094E-06
               28.3226             2.83226E-09        5.73919E-06
               29.2226             2.92226E-09        5.86134E-06
               30.1226             3.01226E-09        5.97791E-06
               31.0226             3.10226E-09        6.08952E-06
               31.9226             3.19226E-09        6.19672E-06
               32.8226             3.28226E-09        6.30001E-06
               33.7226             3.37227E-09        6.39977E-06
               34.6226             3.46226E-09        6.49628E-06
               35.5226             3.55226E-09        6.58977E-06
               36.4226             3.64227E-09        6.68046E-06
               37.3226             3.73226E-09        6.76854E-06
               38.2226             3.82226E-09        6.8542E-06 
               39.1226             3.91226E-09        6.93761E-06
               40.0226             4.00226E-09        7.01894E-06
               40.9226             4.09226E-09        7.0983E-06 
               41.8226             4.18226E-09        7.17581E-06
               42.7226             4.27227E-09        7.25156E-06
               43.6226             4.36227E-09        7.32564E-06
               44.5226             4.45227E-09        7.39813E-06
               45.4226             4.54226E-09        7.46908E-06
               46.3226             4.63226E-09        7.53857E-06
               47.2226             4.72226E-09        7.60665E-06
               48.1226             4.81226E-09        7.67339E-06
               49.0226             4.90226E-09        7.73882E-06
               49.9226             4.99226E-09        7.80302E-06
               50.8226             5.08226E-09        7.86603E-06
               51.7226             5.17226E-09        7.92791E-06
               52.6226             5.26227E-09        7.9887E-06 
               53.5226             5.35227E-09        8.04844E-06
               54.4226             5.44227E-09        8.10718E-06
               55.3226             5.53226E-09        8.16494E-06
               56.2226             5.62226E-09        8.22177E-06
               57.1226             5.71226E-09        8.2777E-06 
               58.0226             5.80226E-09        8.33276E-06
               58.9226             5.89227E-09        8.38699E-06
               59.8226             5.98226E-09        8.44042E-06
               60.7226             6.07227E-09        8.49308E-06
               61.6226             6.16226E-09        9.61043E-06
               62.5226             6.25227E-09       11.2087E-06 
               63.4226             6.34227E-09       12.6473E-06 
               64.3226             6.43227E-09       13.9586E-06 
               65.2226             6.52226E-09       15.1382E-06 
               66.1227             6.61226E-09       16.1854E-06 
               67.0226             6.70227E-09       17.0913E-06 
               67.9226             6.79226E-09       17.8786E-06 
               68.8226             6.88227E-09       18.5808E-06 
               69.7226             6.97226E-09       19.2122E-06 
               70.6227             7.06227E-09       19.7832E-06 
               71.5226             7.15227E-09       20.3058E-06 
               72.4226             7.24227E-09       20.7906E-06 
               73.3226             7.33226E-09       21.2449E-06 
               74.2226             7.42226E-09       21.6743E-06 
               75.1227             7.51227E-09       22.0822E-06 
               76.0226             7.60227E-09       22.4709E-06 
               76.9226             7.69227E-09       22.8426E-06 
               77.8226             7.78227E-09       23.199E-06  
               78.7226             7.87226E-09       23.5416E-06 
               79.6227             7.96227E-09       23.8715E-06 
               80.5226             8.05227E-09       24.1892E-06 
               81.4226             8.14227E-09       24.4957E-06 
               82.3226             8.23227E-09       24.792E-06  
               83.2226             8.32227E-09       25.0789E-06 
               84.1227             8.41227E-09       25.3573E-06 
               85.0226             8.50226E-09       25.6279E-06 
               85.9226             8.59227E-09       25.8911E-06 
               86.8226             8.68227E-09       26.1475E-06 
               87.7226             8.77226E-09       26.3975E-06 
               88.6227             8.86226E-09       26.6414E-06 
               89.5226             8.95226E-09       26.8796E-06 
               90.4226             9.04226E-09       27.1124E-06 
               91.3226             9.13226E-09       27.34E-06   
               92.2226             9.22226E-09       27.5627E-06 
               93.1227             9.31226E-09       27.7808E-06 
               94.0226             9.40226E-09       27.9945E-06 
               94.9226             9.49226E-09       28.2039E-06 
               95.8226             9.58226E-09       28.4092E-06 
               96.7226             9.67227E-09       28.6107E-06 
               97.6227             9.76227E-09       28.8085E-06 
               98.5226             9.85227E-09       29.0027E-06 
               99.4226             9.94227E-09       29.1936E-06 
              100.323             10.0323E-09        29.3812E-06 
              101.223             10.1223E-09        29.5657E-06 
              102.123             10.2123E-09        29.7473E-06 
              103.023             10.3023E-09        29.9261E-06 
              103.923             10.3923E-09        30.1022E-06 
              104.823             10.4823E-09        30.2757E-06 
              105.723             10.5723E-09        30.4466E-06 
              106.623             10.6623E-09        30.615E-06  
              107.523             10.7523E-09        30.7811E-06 
              108.423             10.8423E-09        30.9448E-06 
              109.323             10.9323E-09        31.1063E-06 
              110.223             11.0223E-09        31.2657E-06 
              111.123             11.1123E-09        31.423E-06  
              112.023             11.2023E-09        31.5783E-06 
              112.923             11.2923E-09        31.7316E-06 
              113.823             11.3823E-09        31.883E-06  
              114.723             11.4723E-09        32.0325E-06 
              115.623             11.5623E-09        32.1803E-06 
              116.523             11.6523E-09        32.3263E-06 
              117.423             11.7423E-09        32.4706E-06 
              118.323             11.8323E-09        32.6132E-06 
              119.223             11.9223E-09        32.9881E-06 
              120.123             12.0123E-09        33.4443E-06 
              121.023             12.1023E-09        33.8763E-06 
              121.923             12.1923E-09        34.4153E-06 
              122.823             12.2823E-09        35.2129E-06 
              123.723             12.3723E-09        36.1956E-06 
              124.623             12.4623E-09        37.0876E-06 
              125.523             12.5523E-09        37.8901E-06 
              126.423             12.6423E-09        38.6062E-06 
              127.323             12.7323E-09        39.2488E-06 
              128.223             12.8223E-09        39.8294E-06 
              129.123             12.9123E-09        40.3595E-06 
              130.023             13.0023E-09        40.8491E-06 
              130.923             13.0923E-09        41.3051E-06 
              131.823             13.1823E-09        41.7308E-06 
              132.723             13.2723E-09        42.1279E-06 
              133.623             13.3623E-09        42.4999E-06 
              134.523             13.4523E-09        42.8509E-06 
              135.423             13.5423E-09        43.1841E-06 
              136.323             13.6323E-09        43.5016E-06 
              137.223             13.7223E-09        43.8046E-06 
              138.123             13.8123E-09        44.0947E-06 
              139.023             13.9023E-09        44.3733E-06 
              139.923             13.9923E-09        44.6415E-06 
              140.823             14.0823E-09        44.9006E-06 
              141.723             14.1723E-09        45.1516E-06 
              142.623             14.2623E-09        45.3955E-06 
              143.523             14.3523E-09        45.6333E-06 
              144.423             14.4423E-09        45.8657E-06 
              145.323             14.5323E-09        46.0933E-06 
              146.223             14.6223E-09        46.3166E-06 
              147.123             14.7123E-09        46.5359E-06 
              148.023             14.8023E-09        46.7515E-06 
              148.923             14.8923E-09        46.9636E-06 
              149.823             14.9823E-09        47.1723E-06 
              150.723             15.0723E-09        47.3779E-06 
              151.623             15.1623E-09        47.5802E-06 
              152.523             15.2523E-09        47.7792E-06 
              153.423             15.3423E-09        47.975E-06  
              154.323             15.4323E-09        48.1678E-06 
              155.223             15.5223E-09        48.3577E-06 
              156.123             15.6123E-09        48.545E-06  
              157.023             15.7023E-09        48.7297E-06 
              157.923             15.7923E-09        48.9121E-06 
              158.823             15.8823E-09        49.0923E-06 
              159.723             15.9723E-09        49.2704E-06 
              160.623             16.0623E-09        49.4463E-06 
              161.523             16.1523E-09        49.6203E-06 
              162.423             16.2423E-09        49.7925E-06 
              163.323             16.3323E-09        49.9628E-06 
              164.223             16.4223E-09        50.1313E-06 
              165.123             16.5123E-09        50.2982E-06 
              166.023             16.6023E-09        50.4633E-06 
              166.923             16.6923E-09        50.6268E-06 
              167.823             16.7823E-09        50.7887E-06 
              168.723             16.8723E-09        50.949E-06  
              169.623             16.9623E-09        51.1079E-06 
              170.523             17.0523E-09        51.2653E-06 
              171.423             17.1423E-09        51.4213E-06 
              172.323             17.2323E-09        51.5759E-06 
              173.223             17.3223E-09        51.7292E-06 
              174.123             17.4123E-09        51.8812E-06 
              175.023             17.5023E-09        52.0319E-06 
              175.923             17.5923E-09        52.1814E-06 
              176.823             17.6823E-09        52.3298E-06 
              177.723             17.7723E-09        52.477E-06  
              178.623             17.8623E-09        52.6231E-06 
              179.523             17.9523E-09        52.7682E-06 
              180.423             18.0423E-09        52.9121E-06 
              181.323             18.1323E-09        53.0549E-06 
              182.223             18.2223E-09        53.1966E-06 
              183.123             18.3123E-09        53.3374E-06 
              184.023             18.4023E-09        53.4771E-06 
              184.923             18.4923E-09        53.6159E-06 
              185.823             18.5823E-09        53.7537E-06 
              186.723             18.6723E-09        53.8907E-06 
              187.623             18.7623E-09        54.0267E-06 
              188.523             18.8523E-09        54.1617E-06 
              189.423             18.9423E-09        54.2959E-06 
              190.323             19.0323E-09        54.4292E-06 
              191.223             19.1223E-09        54.5617E-06 
              192.123             19.2123E-09        54.6934E-06 
              193.023             19.3023E-09        54.8242E-06 
              193.923             19.3923E-09        54.9543E-06 
              194.823             19.4823E-09        55.0836E-06 
              195.723             19.5723E-09        55.2121E-06 
              196.623             19.6623E-09        55.34E-06   
              197.523             19.7523E-09        55.4673E-06 
              198.423             19.8423E-09        55.5938E-06 
              199.323             19.9323E-09        55.7195E-06 
              200.223             20.0223E-09        55.8444E-06 
              201.123             20.1123E-09        55.9684E-06 
              202.023             20.2023E-09        56.0919E-06 
              202.923             20.2923E-09        56.2146E-06 
              203.823             20.3823E-09        56.3368E-06 
              204.723             20.4723E-09        56.4582E-06 
              205.623             20.5623E-09        56.5791E-06 
              206.523             20.6523E-09        56.6993E-06 
              207.423             20.7423E-09        56.8191E-06 
              208.323             20.8323E-09        56.9384E-06 
              209.223             20.9223E-09        57.0571E-06 
              210.123             21.0123E-09        57.1752E-06 
              211.023             21.1023E-09        57.2928E-06 
              211.923             21.1923E-09        57.4099E-06 
              212.823             21.2823E-09        57.5265E-06 
              213.723             21.3723E-09        57.6427E-06 
              214.623             21.4623E-09        57.7586E-06 
              215.523             21.5523E-09        57.874E-06  
              216.423             21.6423E-09        57.9889E-06 
              217.323             21.7323E-09        58.1035E-06 
              218.223             21.8223E-09        58.2176E-06 
              219.123             21.9123E-09        58.3313E-06 
              220.023             22.0023E-09        58.4446E-06 
              220.923             22.0923E-09        58.5574E-06 
              221.823             22.1823E-09        58.6697E-06 
              222.723             22.2723E-09        58.7815E-06 
              223.623             22.3623E-09        58.8928E-06 
              224.523             22.4523E-09        59.0036E-06 
              225.423             22.5423E-09        59.114E-06  
              226.323             22.6323E-09        59.224E-06  
              227.223             22.7223E-09        59.3336E-06 
              228.123             22.8123E-09        59.4429E-06 
              229.023             22.9023E-09        59.5518E-06 
              229.923             22.9923E-09        59.6605E-06 
              230.823             23.0823E-09        59.7689E-06 
              231.723             23.1723E-09        59.8768E-06 
              232.623             23.2623E-09        59.9846E-06 
              233.523             23.3523E-09        60.0921E-06 
              234.423             23.4423E-09        60.1993E-06 
              235.323             23.5323E-09        60.3062E-06 
              236.223             23.6223E-09        60.4129E-06 
              237.123             23.7123E-09        60.5193E-06 
              238.023             23.8023E-09        60.6254E-06 
              238.923             23.8923E-09        60.7313E-06 
              239.823             23.9823E-09        60.8371E-06 
              240.723             24.0723E-09        60.9426E-06 
              241.623             24.1623E-09        61.0479E-06 
              242.523             24.2523E-09        61.1996E-06 
              243.423             24.3423E-09        61.6703E-06 
              244.323             24.4323E-09        62.1217E-06 
              245.223             24.5223E-09        62.5494E-06 
              246.123             24.6123E-09        62.9537E-06 
              247.023             24.7023E-09        63.3345E-06 
              247.923             24.7923E-09        63.69E-06   
              248.823             24.8823E-09        64.0224E-06 
              249.723             24.9723E-09        64.3346E-06 
              250.623             25.0623E-09        64.8421E-06 
              251.523             25.1523E-09        65.4745E-06 
              252.423             25.2423E-09        66.0862E-06 
              253.323             25.3323E-09        66.6678E-06 
              254.223             25.4223E-09        67.2136E-06 
              255.123             25.5123E-09        67.7269E-06 
              256.023             25.6023E-09        68.2085E-06 
              256.923             25.6923E-09        68.6515E-06 
              257.823             25.7823E-09        69.0532E-06 
              258.723             25.8723E-09        69.4222E-06 
              259.623             25.9623E-09        69.7656E-06 
              260.523             26.0523E-09        70.0876E-06 
              261.423             26.1423E-09        70.3893E-06 
              262.323             26.2323E-09        70.6704E-06 
              263.223             26.3223E-09        70.9327E-06 
              264.123             26.4123E-09        71.1787E-06 
              265.023             26.5023E-09        71.4106E-06 
              265.923             26.5923E-09        71.63E-06   
              266.823             26.6823E-09        71.8389E-06 
              267.723             26.7723E-09        72.0393E-06 
              268.623             26.8623E-09        72.2327E-06 
              269.523             26.9523E-09        72.4198E-06 
              270.423             27.0423E-09        72.6029E-06 
              271.323             27.1323E-09        72.778E-06  
              272.223             27.2223E-09        72.9496E-06 
              273.123             27.3123E-09        73.117E-06  
              274.023             27.4023E-09        73.2806E-06 
              274.923             27.4923E-09        73.4408E-06 
              275.823             27.5823E-09        73.5978E-06 
              276.723             27.6723E-09        73.752E-06  
              277.623             27.7623E-09        73.9037E-06 
              278.523             27.8523E-09        74.053E-06  
              279.423             27.9423E-09        74.2002E-06 
              280.323             28.0323E-09        74.3455E-06 
              281.223             28.1223E-09        74.489E-06  
              282.123             28.2123E-09        74.6308E-06 
              283.023             28.3023E-09        74.7711E-06 
              283.923             28.3923E-09        74.91E-06   
              284.823             28.4823E-09        75.0475E-06 
              285.723             28.5723E-09        75.1838E-06 
              286.623             28.6623E-09        75.3188E-06 
              287.523             28.7523E-09        75.4525E-06 
              288.423             28.8423E-09        75.5851E-06 
              289.323             28.9323E-09        75.7164E-06 
              290.223             29.0223E-09        75.8466E-06 
              291.123             29.1123E-09        75.9757E-06 
              292.023             29.2023E-09        76.1037E-06 
              292.923             29.2923E-09        76.2308E-06 
              293.823             29.3823E-09        76.3568E-06 
              294.723             29.4723E-09        76.4819E-06 
              295.623             29.5623E-09        76.6061E-06 
              296.523             29.6523E-09        76.7294E-06 
              297.423             29.7423E-09        76.8465E-06 
              298.323             29.8323E-09        76.9707E-06 
              299.223             29.9223E-09        77.0929E-06 
              300.123             30.0123E-09        77.2136E-06 
              301.023             30.1023E-09        77.3332E-06 
              301.923             30.1923E-09        77.4521E-06 
              302.823             30.2823E-09        77.5704E-06 
              303.723             30.3723E-09        77.6881E-06 
              304.623             30.4623E-09        77.8051E-06 
              305.523             30.5523E-09        77.9214E-06 
              306.423             30.6423E-09        78.0371E-06 
              307.323             30.7323E-09        78.1524E-06 
              308.223             30.8223E-09        78.2673E-06 
              309.123             30.9123E-09        78.3817E-06 
              310.023             31.0023E-09        78.5751E-06 
              310.923             31.0923E-09        78.8735E-06 
              311.823             31.1823E-09        79.2174E-06 
              312.723             31.2723E-09        79.5441E-06 
              313.623             31.3623E-09        79.8514E-06 
              314.523             31.4523E-09        80.1391E-06 
              315.423             31.5423E-09        80.4086E-06 
              316.323             31.6323E-09        80.6616E-06 
              317.223             31.7223E-09        80.9005E-06 
              318.123             31.8123E-09        81.1277E-06 
              319.023             31.9023E-09        81.3454E-06 
              319.923             31.9923E-09        81.5551E-06 
              320.823             32.0823E-09        81.7582E-06 
              321.723             32.1723E-09        81.9558E-06 
              322.623             32.2623E-09        82.1485E-06 
              323.523             32.3523E-09        82.3371E-06 
              324.423             32.4423E-09        82.5218E-06 
              325.323             32.5323E-09        82.7026E-06 
              326.223             32.6223E-09        82.9269E-06 
              327.123             32.7123E-09        83.3562E-06 
              328.023             32.8023E-09        83.7747E-06 
              328.923             32.8923E-09        84.1804E-06 
              329.823             32.9823E-09        84.5628E-06 
              330.723             33.0723E-09        84.9253E-06 
              331.623             33.1623E-09        85.468E-06  
              332.523             33.2523E-09        85.9963E-06 
              333.423             33.3423E-09        86.5744E-06 
              334.323             33.4323E-09        87.2226E-06 
              335.223             33.5223E-09        87.8401E-06 
              336.123             33.6123E-09        88.4246E-06 
              337.023             33.7023E-09        88.974E-06  
              337.923             33.7923E-09        89.4872E-06 
              338.823             33.8823E-09        89.9677E-06 
              339.723             33.9723E-09        90.8958E-06 
              340.623             34.0623E-09        91.4463E-06 
              341.523             34.1523E-09        92.066E-06  
              342.423             34.2423E-09        92.6852E-06 
              343.323             34.3323E-09        93.2708E-06 
              344.223             34.4223E-09        93.8134E-06 
              345.123             34.5123E-09        94.3166E-06 
              346.023             34.6023E-09        94.786E-06  
              346.923             34.6923E-09        95.2265E-06 
              347.823             34.7823E-09        94.9887E-06 
              348.723             34.8723E-09        95.3643E-06 
              349.623             34.9623E-09        95.7843E-06 
              350.523             35.0523E-09        96.2169E-06 
              351.423             35.1423E-09        96.6253E-06 
              352.323             35.2323E-09        97.0092E-06 
              353.223             35.3223E-09        97.3713E-06 
              354.123             35.4123E-09        97.7139E-06 
              355.023             35.5023E-09        98.0386E-06 
              355.923             35.5923E-09        98.3467E-06 
              356.823             35.6823E-09        98.6393E-06 
              357.723             35.7723E-09        98.9185E-06 
              358.623             35.8623E-09        99.187E-06  
              359.523             35.9523E-09        99.4466E-06 
              360.423             36.0423E-09        99.6985E-06 
              361.323             36.1323E-09        99.9432E-06 
              362.223             36.2223E-09       100.181E-06  
              363.123             36.3123E-09       100.412E-06  
              364.023             36.4023E-09       100.636E-06  
              364.923             36.4923E-09       100.855E-06  
              365.823             36.5823E-09       101.068E-06  
              366.723             36.6723E-09       101.276E-06  
              367.623             36.7623E-09       101.479E-06  
              368.523             36.8523E-09       101.678E-06  
              369.423             36.9423E-09       101.872E-06  
              370.323             37.0323E-09       102.063E-06  
              371.223             37.1223E-09       102.251E-06  
              372.123             37.2123E-09       102.435E-06  
              373.023             37.3023E-09       102.618E-06  
              373.923             37.3923E-09       102.797E-06  
              374.823             37.4823E-09       102.975E-06  
              375.723             37.5723E-09       103.151E-06  
              376.623             37.6623E-09       103.325E-06  
              377.523             37.7523E-09       103.497E-06  
              378.423             37.8423E-09       103.668E-06  
              379.323             37.9323E-09       103.837E-06  
              380.223             38.0223E-09       104.005E-06  
              381.123             38.1123E-09       104.172E-06  
              382.023             38.2023E-09       104.337E-06  
              382.923             38.2923E-09       104.501E-06  
              383.823             38.3823E-09       104.664E-06  
              384.723             38.4723E-09       104.825E-06  
              385.623             38.5623E-09       104.986E-06  
              386.523             38.6523E-09       105.145E-06  
              387.423             38.7423E-09       105.303E-06  
              388.323             38.8323E-09       105.46E-06   
              389.223             38.9223E-09       105.616E-06  
              390.123             39.0123E-09       105.77E-06   
              391.023             39.1023E-09       105.924E-06  
              391.923             39.1923E-09       106.077E-06  
              392.823             39.2823E-09       106.228E-06  
              393.723             39.3723E-09       106.38E-06   
              394.623             39.4623E-09       106.53E-06   
              395.523             39.5523E-09       106.68E-06   
              396.423             39.6423E-09       106.829E-06  
              397.323             39.7323E-09       106.978E-06  
              398.223             39.8223E-09       107.126E-06  
              399.123             39.9123E-09       107.274E-06  
              400.023             40.0023E-09       107.421E-06  
              400.923             40.0923E-09       107.568E-06  
              401.823             40.1823E-09       107.714E-06  
              402.723             40.2723E-09       107.86E-06   
              403.623             40.3623E-09       108.005E-06  
              404.523             40.4523E-09       108.15E-06   
              405.423             40.5423E-09       108.295E-06  
              406.323             40.6323E-09       108.44E-06   
              407.223             40.7223E-09       108.584E-06  
              408.123             40.8123E-09       108.728E-06  
              409.023             40.9023E-09       108.871E-06  
              409.923             40.9923E-09       109.014E-06  
              410.823             41.0823E-09       109.157E-06  
              411.723             41.1723E-09       109.3E-06    
              412.623             41.2623E-09       109.442E-06  
              413.523             41.3523E-09       109.584E-06  
              414.423             41.4423E-09       109.725E-06  
              415.323             41.5323E-09       109.866E-06  
              416.223             41.6223E-09       110.006E-06  
              417.123             41.7123E-09       110.147E-06  
              418.023             41.8023E-09       110.287E-06  
              418.923             41.8923E-09       110.426E-06  
              419.823             41.9823E-09       110.566E-06  
              420.723             42.0723E-09       110.705E-06  
              421.623             42.1623E-09       110.844E-06  
              422.523             42.2523E-09       110.982E-06  
              423.423             42.3423E-09       111.121E-06  
              424.323             42.4323E-09       111.259E-06  
              425.223             42.5223E-09       111.397E-06  
              426.123             42.6123E-09       111.535E-06  
              427.023             42.7023E-09       111.672E-06  
              427.923             42.7923E-09       111.81E-06   
              428.823             42.8823E-09       111.947E-06  
              429.723             42.9723E-09       112.084E-06  
              430.623             43.0623E-09       112.22E-06   
              431.523             43.1523E-09       112.357E-06  
              432.423             43.2423E-09       112.493E-06  
              433.323             43.3323E-09       112.629E-06  
              434.223             43.4223E-09       112.92E-06   
              435.123             43.5123E-09       112.955E-06  
              436.023             43.6023E-09       113.058E-06  
              436.923             43.6923E-09       113.181E-06  
              437.823             43.7823E-09       113.309E-06  
              438.723             43.8723E-09       113.44E-06   
              439.623             43.9623E-09       113.572E-06  
              440.523             44.0523E-09       113.704E-06  
              441.423             44.1423E-09       113.836E-06  
              442.323             44.2323E-09       113.969E-06  
              443.223             44.3223E-09       114.101E-06  
              444.123             44.4123E-09       114.233E-06  
              445.023             44.5023E-09       114.365E-06  
              445.923             44.5923E-09       114.497E-06  
              446.823             44.6823E-09       114.63E-06   
              447.723             44.7723E-09       114.761E-06  
              448.623             44.8623E-09       114.893E-06  
              449.523             44.9523E-09       115.024E-06  
              450.423             45.0423E-09       115.155E-06  
              451.323             45.1323E-09       115.285E-06  
              452.223             45.2223E-09       115.416E-06  
              453.123             45.3123E-09       115.546E-06  
              454.023             45.4023E-09       115.676E-06  
              454.923             45.4923E-09       115.806E-06  
              455.823             45.5823E-09       115.936E-06  
              456.723             45.6723E-09       116.065E-06  
              457.623             45.7623E-09       116.195E-06  
              458.523             45.8523E-09       116.324E-06  
              459.423             45.9423E-09       116.453E-06  
              460.323             46.0323E-09       116.582E-06  
              461.223             46.1223E-09       116.71E-06   
              462.123             46.2123E-09       116.839E-06  
              463.023             46.3023E-09       116.967E-06  
              463.923             46.3923E-09       117.095E-06  
              464.823             46.4823E-09       117.224E-06  
              465.723             46.5723E-09       117.351E-06  
              466.623             46.6623E-09       117.479E-06  
              467.523             46.7523E-09       117.607E-06  
              468.423             46.8423E-09       117.734E-06  
              469.323             46.9323E-09       117.861E-06  
              470.223             47.0223E-09       117.989E-06  
              471.123             47.1123E-09       118.116E-06  
              472.023             47.2023E-09       118.242E-06  
              472.923             47.2923E-09       118.369E-06  
              473.823             47.3823E-09       118.495E-06  
              474.723             47.4723E-09       118.502E-06  
              475.623             47.5623E-09       118.428E-06  
              476.523             47.6523E-09       118.714E-06  
              477.423             47.7423E-09       118.912E-06  
              478.323             47.8323E-09       119.096E-06  
              479.223             47.9223E-09       119.26E-06   
              480.123             48.0123E-09       119.408E-06  
              481.023             48.1023E-09       119.546E-06  
              481.923             48.1923E-09       119.68E-06   
              482.823             48.2823E-09       119.81E-06   
              483.723             48.3723E-09       119.938E-06  
              484.623             48.4623E-09       120.065E-06  
              485.523             48.5523E-09       120.191E-06  
              486.423             48.6423E-09       120.316E-06  
              487.323             48.7323E-09       120.441E-06  
              488.223             48.8223E-09       120.565E-06  
              489.123             48.9123E-09       120.689E-06  
              490.023             49.0023E-09       120.813E-06  
              490.923             49.0923E-09       120.936E-06  
              491.823             49.1823E-09       121.06E-06   
              492.723             49.2723E-09       121.183E-06  
              493.623             49.3623E-09       121.306E-06  
              494.523             49.4523E-09       121.429E-06  
              495.423             49.5423E-09       121.551E-06  
              496.323             49.6323E-09       121.673E-06  
              497.223             49.7223E-09       121.796E-06  
              498.123             49.8123E-09       121.918E-06  
              499.023             49.9023E-09       122.039E-06  
              499.923             49.9923E-09       122.161E-06  
              500.823             50.0823E-09       122.337E-06  
              501.723             50.1723E-09       122.77E-06   
              502.623             50.2623E-09       123.217E-06  
              503.523             50.3523E-09       123.652E-06  
              504.423             50.4423E-09       124.071E-06  
              505.323             50.5323E-09       124.444E-06  
              506.223             50.6223E-09       124.831E-06  
              507.123             50.7123E-09       125.182E-06  
              508.023             50.8023E-09       125.507E-06  
              508.923             50.8923E-09       125.81E-06   
              509.823             50.9823E-09       126.09E-06   
              510.723             51.0723E-09       126.347E-06  
              511.623             51.1623E-09       126.589E-06  
              512.523             51.2523E-09       126.819E-06  
              513.423             51.3423E-09       127.038E-06  
              514.323             51.4323E-09       127.246E-06  
              515.223             51.5223E-09       127.446E-06  
              516.123             51.6123E-09       127.637E-06  
              517.023             51.7023E-09       127.821E-06  
              517.923             51.7923E-09       127.999E-06  
              518.823             51.8823E-09       128.171E-06  
              519.723             51.9723E-09       128.339E-06  
              520.623             52.0623E-09       128.503E-06  
              521.523             52.1523E-09       128.662E-06  
              522.423             52.2423E-09       128.817E-06  
              523.323             52.3323E-09       128.968E-06  
              524.223             52.4223E-09       129.117E-06  
              525.123             52.5123E-09       129.262E-06  
              526.023             52.6023E-09       129.406E-06  
              526.923             52.6923E-09       129.547E-06  
              527.823             52.7823E-09       129.687E-06  
              528.723             52.8723E-09       129.826E-06  
              529.623             52.9623E-09       129.963E-06  
              530.523             53.0523E-09       130.099E-06  
              531.423             53.1423E-09       130.234E-06  
              532.323             53.2323E-09       130.368E-06  
              533.223             53.3223E-09       130.501E-06  
              534.123             53.4123E-09       130.634E-06  
              535.023             53.5023E-09       130.765E-06  
              535.923             53.5923E-09       130.895E-06  
              536.823             53.6823E-09       131.025E-06  
              537.723             53.7723E-09       131.154E-06  
              538.623             53.8623E-09       131.282E-06  
              539.523             53.9523E-09       131.41E-06   
              540.423             54.0423E-09       131.537E-06  
              541.323             54.1323E-09       131.664E-06  
              542.223             54.2223E-09       131.79E-06   
              543.123             54.3123E-09       131.915E-06  
              544.023             54.4023E-09       132.04E-06   
              544.923             54.4923E-09       132.165E-06  
              545.823             54.5823E-09       132.289E-06  
              546.723             54.6723E-09       132.413E-06  
              547.623             54.7623E-09       132.536E-06  
              548.523             54.8523E-09       132.66E-06   
              549.423             54.9423E-09       132.782E-06  
              550.323             55.0323E-09       132.905E-06  
              551.223             55.1223E-09       133.027E-06  
              552.123             55.2123E-09       133.149E-06  
              553.023             55.3023E-09       133.271E-06  
              553.923             55.3923E-09       133.393E-06  
              554.823             55.4823E-09       133.515E-06  
              555.723             55.5723E-09       133.636E-06  
              556.623             55.6623E-09       133.757E-06  
              557.523             55.7523E-09       133.878E-06  
              558.423             55.8423E-09       133.999E-06  
              559.323             55.9323E-09       134.12E-06   
              560.223             56.0223E-09       134.241E-06  
              561.123             56.1123E-09       134.361E-06  
              562.023             56.2023E-09       134.482E-06  
              562.923             56.2923E-09       134.602E-06  
              563.823             56.3823E-09       134.722E-06  
              564.723             56.4723E-09       134.842E-06  
              565.623             56.5623E-09       134.962E-06  
              566.523             56.6523E-09       135.081E-06  
              567.423             56.7423E-09       135.201E-06  
              568.323             56.8323E-09       135.32E-06   
              569.223             56.9223E-09       135.44E-06   
              570.123             57.0123E-09       135.56E-06   
              571.023             57.1023E-09       135.679E-06  
              571.923             57.1923E-09       135.798E-06  
              572.823             57.2823E-09       135.917E-06  
              573.723             57.3723E-09       136.036E-06  
              574.623             57.4623E-09       136.155E-06  
              575.523             57.5523E-09       136.274E-06  
              576.423             57.6423E-09       136.393E-06  
              577.323             57.7323E-09       136.512E-06  
              578.223             57.8223E-09       136.63E-06   
              579.123             57.9123E-09       136.749E-06  
              580.023             58.0023E-09       136.868E-06  
              580.923             58.0923E-09       136.986E-06  
              581.823             58.1823E-09       137.106E-06  
              582.723             58.2723E-09       137.225E-06  
              583.623             58.3623E-09       137.39E-06   
              584.523             58.4523E-09       137.475E-06  
              585.423             58.5423E-09       137.587E-06  
              586.323             58.6323E-09       137.702E-06  
              587.223             58.7223E-09       137.819E-06  
              588.123             58.8123E-09       137.937E-06  
              589.023             58.9023E-09       138.054E-06  
              589.923             58.9923E-09       138.463E-06  
              590.823             59.0823E-09       138.955E-06  
              591.723             59.1723E-09       139.434E-06  
              592.623             59.2623E-09       139.893E-06  
              593.523             59.3523E-09       140.333E-06  
              594.423             59.4423E-09       140.756E-06  
              595.323             59.5323E-09       141.153E-06  
              596.223             59.6223E-09       141.516E-06  
              597.123             59.7123E-09       141.848E-06  
              598.023             59.8023E-09       142.158E-06  
              598.923             59.8923E-09       142.45E-06   
              599.823             59.9823E-09       142.728E-06  
              600.723             60.0723E-09       142.992E-06  
              601.623             60.1623E-09       143.304E-06  
              602.523             60.2523E-09       143.75E-06   
              603.423             60.3423E-09       144.182E-06  
              604.323             60.4323E-09       144.589E-06  
              605.223             60.5223E-09       144.974E-06  
              606.123             60.6123E-09       145.44E-06   
              607.023             60.7023E-09       146.064E-06  
              607.923             60.7923E-09       146.682E-06  
              608.823             60.8823E-09       147.282E-06  
              609.723             60.9723E-09       147.859E-06  
              610.623             61.0623E-09       148.405E-06  
              611.523             61.1523E-09       148.917E-06  
              612.423             61.2423E-09       149.421E-06  
              613.323             61.3323E-09       149.951E-06  
              614.223             61.4223E-09       150.484E-06  
              615.123             61.5123E-09       150.982E-06  
              616.023             61.6023E-09       151.45E-06   
              616.923             61.6923E-09       151.89E-06   
              617.823             61.7823E-09       152.343E-06  
              618.723             61.8723E-09       152.715E-06  
              619.623             61.9623E-09       153.087E-06  
              620.523             62.0523E-09       153.445E-06  
              621.423             62.1423E-09       153.787E-06  
              622.323             62.2323E-09       154.114E-06  
              623.223             62.3223E-09       154.426E-06  
              624.123             62.4123E-09       154.725E-06  
              625.023             62.5023E-09       155.011E-06  
              625.923             62.5923E-09       155.286E-06  
              626.823             62.6823E-09       155.553E-06  
              627.723             62.7723E-09       155.812E-06  
              628.623             62.8623E-09       156.063E-06  
              629.523             62.9523E-09       156.311E-06  
              630.423             63.0423E-09       156.583E-06  
              631.323             63.1323E-09       156.846E-06  
              632.223             63.2223E-09       157.101E-06  
              633.123             63.3123E-09       157.347E-06  
              634.023             63.4023E-09       157.586E-06  
              634.923             63.4923E-09       157.819E-06  
              635.823             63.5823E-09       158.046E-06  
              636.723             63.6723E-09       158.267E-06  
              637.623             63.7623E-09       158.484E-06  
              638.523             63.8523E-09       158.697E-06  
              639.423             63.9423E-09       158.905E-06  
              640.323             64.0323E-09       159.111E-06  
              641.223             64.1223E-09       159.313E-06  
              642.123             64.2123E-09       159.512E-06  
              643.023             64.3023E-09       159.708E-06  
              643.923             64.3923E-09       159.901E-06  
              644.823             64.4823E-09       160.091E-06  
              645.723             64.5723E-09       160.28E-06   
              646.623             64.6623E-09       160.466E-06  
              647.523             64.7523E-09       160.65E-06   
              648.423             64.8423E-09       160.832E-06  
              649.323             64.9323E-09       161.013E-06  
              650.223             65.0223E-09       161.192E-06  
              651.123             65.1123E-09       161.37E-06   
              652.023             65.2023E-09       161.546E-06  
              652.923             65.2923E-09       161.721E-06  
              653.823             65.3823E-09       161.896E-06  
              654.723             65.4723E-09       162.068E-06  
              655.623             65.5623E-09       162.24E-06   
              656.523             65.6523E-09       162.411E-06  
              657.423             65.7423E-09       162.581E-06  
              658.323             65.8323E-09       162.75E-06   
              659.223             65.9223E-09       162.918E-06  
              660.123             66.0123E-09       163.085E-06  
              661.023             66.1023E-09       163.252E-06  
              661.923             66.1923E-09       163.418E-06  
              662.823             66.2823E-09       163.583E-06  
              663.723             66.3723E-09       163.747E-06  
              664.623             66.4623E-09       163.911E-06  
              665.523             66.5523E-09       164.073E-06  
              666.423             66.6423E-09       164.239E-06  
              667.323             66.7323E-09       164.442E-06  
              668.223             66.8223E-09       164.636E-06  
              669.123             66.9123E-09       164.825E-06  
              670.023             67.0023E-09       165.01E-06   
              670.923             67.0923E-09       165.193E-06  
              671.823             67.1823E-09       165.373E-06  
              672.723             67.2723E-09       165.552E-06  
              673.623             67.3623E-09       165.729E-06  
              674.523             67.4523E-09       165.905E-06  
              675.423             67.5423E-09       166.08E-06   
              676.323             67.6323E-09       166.254E-06  
              677.223             67.7223E-09       166.427E-06  
              678.123             67.8123E-09       166.598E-06  
              679.023             67.9023E-09       166.769E-06  
              679.923             67.9923E-09       166.939E-06  
              680.823             68.0823E-09       167.108E-06  
              681.723             68.1723E-09       167.276E-06  
              682.623             68.2623E-09       167.442E-06  
              683.523             68.3523E-09       167.608E-06  
              684.423             68.4423E-09       167.773E-06  
              685.323             68.5323E-09       167.937E-06  
              686.223             68.6223E-09       168.101E-06  
              687.123             68.7123E-09       168.264E-06  
              688.023             68.8023E-09       168.426E-06  
              688.923             68.8923E-09       168.587E-06  
              689.823             68.9823E-09       168.748E-06  
              690.723             69.0723E-09       168.908E-06  
              691.623             69.1623E-09       169.067E-06  
              692.523             69.2523E-09       169.226E-06  
              693.423             69.3423E-09       169.384E-06  
              694.323             69.4323E-09       169.542E-06  
              695.223             69.5223E-09       169.7E-06    
              696.123             69.6123E-09       169.857E-06  
              697.023             69.7023E-09       170.014E-06  
              697.923             69.7923E-09       170.17E-06   
              698.823             69.8823E-09       170.326E-06  
              699.723             69.9723E-09       170.481E-06  
              700.623             70.0623E-09       170.636E-06  
              701.523             70.1523E-09       170.791E-06  
              702.423             70.2423E-09       170.945E-06  
              703.323             70.3323E-09       171.098E-06  
              704.223             70.4223E-09       171.252E-06  
              705.123             70.5123E-09       171.404E-06  
              706.023             70.6023E-09       171.557E-06  
              706.923             70.6923E-09       171.709E-06  
              707.823             70.7823E-09       171.861E-06  
              708.723             70.8723E-09       171.9E-06    
              709.623             70.9623E-09       172.123E-06  
              710.523             71.0523E-09       172.286E-06  
              711.423             71.1423E-09       172.457E-06  
              712.323             71.2323E-09       172.618E-06  
              713.223             71.3223E-09       172.772E-06  
              714.123             71.4123E-09       172.923E-06  
              715.023             71.5023E-09       173.072E-06  
              715.923             71.5923E-09       173.22E-06   
              716.823             71.6823E-09       173.368E-06  
              717.723             71.7723E-09       173.514E-06  
              718.623             71.8623E-09       173.661E-06  
              719.523             71.9523E-09       173.808E-06  
              720.423             72.0423E-09       173.954E-06  
              721.323             72.1323E-09       174.101E-06  
              722.223             72.2223E-09       174.247E-06  
              723.123             72.3123E-09       174.393E-06  
              724.023             72.4023E-09       174.539E-06  
              724.923             72.4923E-09       174.685E-06  
              725.823             72.5823E-09       174.832E-06  
              726.723             72.6723E-09       174.978E-06  
              727.623             72.7623E-09       175.124E-06  
              728.523             72.8523E-09       175.27E-06   
              729.423             72.9423E-09       175.416E-06  
              730.323             73.0323E-09       175.562E-06  
              731.223             73.1223E-09       175.708E-06  
              732.123             73.2123E-09       175.854E-06  
              733.023             73.3023E-09       176.001E-06  
              733.923             73.3923E-09       176.146E-06  
              734.823             73.4823E-09       176.292E-06  
              735.723             73.5723E-09       176.438E-06  
              736.623             73.6623E-09       176.583E-06  
              737.523             73.7523E-09       176.728E-06  
              738.423             73.8423E-09       176.874E-06  
              739.323             73.9323E-09       177.019E-06  
              740.223             74.0223E-09       177.164E-06  
              741.123             74.1123E-09       177.309E-06  
              742.023             74.2023E-09       177.454E-06  
              742.923             74.2923E-09       177.599E-06  
              743.823             74.3823E-09       177.744E-06  
              744.723             74.4723E-09       177.889E-06  
              745.623             74.5623E-09       178.034E-06  
              746.523             74.6523E-09       178.186E-06  
              747.423             74.7423E-09       178.359E-06  
              748.323             74.8323E-09       178.542E-06  
              749.223             74.9223E-09       178.748E-06  
              750.123             75.0123E-09       178.95E-06   
              751.023             75.1023E-09       179.148E-06  
              751.923             75.1923E-09       179.342E-06  
              752.823             75.2823E-09       179.532E-06  
              753.723             75.3723E-09       179.719E-06  
              754.623             75.4623E-09       179.904E-06  
              755.523             75.5523E-09       180.085E-06  
              756.423             75.6423E-09       180.265E-06  
              757.323             75.7323E-09       180.443E-06  
              758.223             75.8223E-09       180.619E-06  
              759.123             75.9123E-09       180.793E-06  
              760.023             76.0023E-09       180.967E-06  
              760.923             76.0923E-09       181.139E-06  
              761.823             76.1823E-09       181.311E-06  
              762.723             76.2723E-09       181.517E-06  
              763.623             76.3623E-09       181.662E-06  
              764.523             76.4523E-09       181.826E-06  
              765.423             76.5423E-09       181.992E-06  
              766.323             76.6323E-09       182.159E-06  
              767.223             76.7223E-09       182.325E-06  
              768.123             76.8123E-09       182.492E-06  
              769.023             76.9023E-09       182.658E-06  
              769.923             76.9923E-09       182.823E-06  
              770.823             77.0823E-09       182.989E-06  
              771.723             77.1723E-09       183.153E-06  
              772.623             77.2623E-09       183.318E-06  
              773.523             77.3523E-09       183.481E-06  
              774.423             77.4423E-09       183.645E-06  
              775.323             77.5323E-09       183.808E-06  
              776.223             77.6223E-09       183.971E-06  
              777.123             77.7123E-09       184.134E-06  
              778.023             77.8023E-09       184.296E-06  
              778.923             77.8923E-09       184.458E-06  
              779.823             77.9823E-09       184.62E-06   
              780.723             78.0723E-09       184.781E-06  
              781.623             78.1623E-09       184.757E-06  
              782.523             78.2523E-09       184.979E-06  
              783.423             78.3423E-09       185.15E-06   
              784.323             78.4323E-09       185.341E-06  
              785.223             78.5223E-09       185.522E-06  
              786.123             78.6123E-09       185.694E-06  
              787.023             78.7023E-09       185.86E-06   
              787.923             78.7923E-09       186.023E-06  
              788.823             78.8823E-09       186.185E-06  
              789.723             78.9723E-09       186.345E-06  
              790.623             79.0623E-09       186.504E-06  
              791.523             79.1523E-09       186.663E-06  
              792.423             79.2423E-09       186.821E-06  
              793.323             79.3323E-09       187.093E-06  
              794.223             79.4223E-09       187.461E-06  
              795.123             79.5123E-09       187.83E-06   
              796.023             79.6023E-09       188.193E-06  
              796.923             79.6923E-09       188.546E-06  
              797.823             79.7823E-09       188.888E-06  
              798.723             79.8723E-09       189.214E-06  
              799.623             79.9623E-09       189.525E-06  
              800.523             80.0523E-09       189.823E-06  
              801.423             80.1423E-09       190.148E-06  
              802.323             80.2323E-09       190.618E-06  
              803.223             80.3223E-09       191.082E-06  
              804.123             80.4123E-09       191.531E-06  
              805.023             80.5023E-09       191.961E-06  
              805.923             80.5923E-09       192.372E-06  
              806.823             80.6823E-09       192.766E-06  
              807.723             80.7723E-09       193.144E-06  
              808.623             80.8623E-09       193.508E-06  
              809.523             80.9523E-09       193.858E-06  
              810.423             81.0423E-09       194.193E-06  
              811.323             81.1323E-09       194.518E-06  
              812.223             81.2223E-09       194.832E-06  
              813.123             81.3123E-09       195.138E-06  
              814.023             81.4023E-09       195.436E-06  
              814.923             81.4923E-09       195.727E-06  
              815.823             81.5823E-09       196.012E-06  
              816.723             81.6723E-09       196.292E-06  
              817.623             81.7623E-09       196.566E-06  
              818.523             81.8523E-09       196.836E-06  
              819.423             81.9423E-09       197.1E-06    
              820.323             82.0323E-09       197.36E-06   
              821.223             82.1223E-09       197.615E-06  
              822.123             82.2123E-09       197.865E-06  
              823.023             82.3023E-09       198.111E-06  
              823.923             82.3923E-09       198.353E-06  
              824.823             82.4823E-09       198.592E-06  
              825.723             82.5723E-09       198.827E-06  
              826.623             82.6623E-09       199.059E-06  
              827.523             82.7523E-09       199.288E-06  
              828.423             82.8423E-09       199.514E-06  
              829.323             82.9323E-09       199.736E-06  
              830.223             83.0223E-09       199.955E-06  
              831.123             83.1123E-09       200.172E-06  
              832.023             83.2023E-09       200.386E-06  
              832.923             83.2923E-09       200.597E-06  
              833.823             83.3823E-09       200.806E-06  
              834.723             83.4723E-09       201.014E-06  
              835.623             83.5623E-09       201.219E-06  
              836.523             83.6523E-09       201.423E-06  
              837.423             83.7423E-09       201.635E-06  
              838.323             83.8323E-09       201.851E-06  
              839.223             83.9223E-09       202.064E-06  
              840.123             84.0123E-09       202.274E-06  
              841.023             84.1023E-09       202.482E-06  
              841.923             84.1923E-09       202.687E-06  
              842.823             84.2823E-09       202.891E-06  
              843.723             84.3723E-09       203.093E-06  
              844.623             84.4623E-09       203.294E-06  
              845.523             84.5523E-09       203.494E-06  
              846.423             84.6423E-09       203.692E-06  
              847.323             84.7323E-09       203.89E-06   
              848.223             84.8223E-09       204.086E-06  
              849.123             84.9123E-09       204.282E-06  
              850.023             85.0023E-09       204.477E-06  
              850.923             85.0923E-09       204.671E-06  
              851.823             85.1823E-09       204.864E-06  
              852.723             85.2723E-09       205.057E-06  
              853.623             85.3623E-09       205.248E-06  
              854.523             85.4523E-09       205.439E-06  
              855.423             85.5423E-09       205.629E-06  
              856.323             85.6323E-09       205.819E-06  
              857.223             85.7223E-09       206.007E-06  
              858.123             85.8123E-09       206.195E-06  
              859.023             85.9023E-09       206.381E-06  
              859.923             85.9923E-09       206.567E-06  
              860.823             86.0823E-09       206.753E-06  
              861.723             86.1723E-09       206.937E-06  
              862.623             86.2623E-09       207.122E-06  
              863.523             86.3523E-09       207.305E-06  
              864.423             86.4423E-09       207.489E-06  
              865.323             86.5323E-09       207.672E-06  
              866.223             86.6223E-09       207.854E-06  
              867.123             86.7123E-09       208.036E-06  
              868.023             86.8023E-09       208.218E-06  
              868.923             86.8923E-09       208.4E-06    
              869.823             86.9823E-09       208.581E-06  
              870.723             87.0723E-09       208.762E-06  
              871.623             87.1623E-09       208.942E-06  
              872.523             87.2523E-09       209.122E-06  
              873.423             87.3423E-09       209.301E-06  
              874.323             87.4323E-09       209.48E-06   
              875.223             87.5223E-09       209.659E-06  
              876.123             87.6123E-09       209.838E-06  
              877.023             87.7023E-09       210.016E-06  
              877.923             87.7923E-09       210.195E-06  
              878.823             87.8823E-09       210.373E-06  
              879.723             87.9723E-09       210.551E-06  
              880.623             88.0623E-09       210.728E-06  
              881.523             88.1523E-09       210.906E-06  
              882.423             88.2423E-09       211.083E-06  
              883.323             88.3323E-09       211.26E-06   
              884.223             88.4223E-09       211.437E-06  
              885.123             88.5123E-09       211.615E-06  
              886.023             88.6023E-09       211.791E-06  
              886.923             88.6923E-09       211.968E-06  
              887.823             88.7823E-09       212.188E-06  
              888.723             88.8723E-09       212.653E-06  
              889.623             88.9623E-09       213.114E-06  
              890.523             89.0523E-09       213.57E-06   
              891.423             89.1423E-09       214.016E-06  
              892.323             89.2323E-09       214.448E-06  
              893.223             89.3223E-09       214.856E-06  
              894.123             89.4123E-09       215.231E-06  
              895.023             89.5023E-09       215.58E-06   
              895.923             89.5923E-09       215.911E-06  
              896.823             89.6823E-09       216.228E-06  
              897.723             89.7723E-09       216.535E-06  
              898.623             89.8623E-09       216.833E-06  
              899.523             89.9523E-09       217.123E-06  
              900.423             90.0423E-09       217.405E-06  
              901.323             90.1323E-09       217.681E-06  
              902.223             90.2223E-09       217.95E-06   
              903.123             90.3123E-09       218.212E-06  
              904.023             90.4023E-09       218.467E-06  
              904.923             90.4923E-09       218.881E-06  
              905.823             90.5823E-09       219.432E-06  
              906.723             90.6723E-09       219.985E-06  
              907.623             90.7623E-09       220.528E-06  
              908.523             90.8523E-09       221.055E-06  
              909.423             90.9423E-09       221.587E-06  
              910.323             91.0323E-09       222.126E-06  
              911.223             91.1223E-09       222.414E-06  
              912.123             91.2123E-09       222.92E-06   
              913.023             91.3023E-09       223.388E-06  
              913.923             91.3923E-09       223.891E-06  
              914.823             91.4823E-09       224.37E-06   
              915.723             91.5723E-09       224.828E-06  
              916.623             91.6623E-09       225.264E-06  
              917.523             91.7523E-09       225.681E-06  
              918.423             91.8423E-09       226.08E-06   
              919.323             91.9323E-09       226.465E-06  
              920.223             92.0223E-09       226.837E-06  
              921.123             92.1123E-09       227.198E-06  
              922.023             92.2023E-09       227.547E-06  
              922.923             92.2923E-09       227.885E-06  
              923.823             92.3823E-09       228.213E-06  
              924.723             92.4723E-09       228.53E-06   
              925.623             92.5623E-09       228.839E-06  
              926.523             92.6523E-09       229.141E-06  
              927.423             92.7423E-09       229.539E-06  
              928.323             92.8323E-09       230.151E-06  
              929.223             92.9223E-09       230.781E-06  
              930.123             93.0123E-09       231.407E-06  
              931.023             93.1023E-09       232.016E-06  
              931.923             93.1923E-09       232.589E-06  
              932.823             93.2823E-09       233.124E-06  
              933.723             93.3723E-09       233.624E-06  
              934.623             93.4623E-09       234.082E-06  
              935.523             93.5523E-09       234.507E-06  
              936.423             93.6423E-09       234.907E-06  
              937.323             93.7323E-09       235.287E-06  
              938.223             93.8223E-09       235.65E-06   
              939.123             93.9123E-09       235.997E-06  
              940.023             94.0023E-09       236.33E-06   
              940.923             94.0923E-09       236.648E-06  
              941.823             94.1823E-09       236.953E-06  
              942.723             94.2723E-09       237.246E-06  
              943.623             94.3623E-09       237.529E-06  
              944.523             94.4523E-09       237.802E-06  
              945.423             94.5423E-09       238.066E-06  
              946.323             94.6323E-09       238.324E-06  
              947.223             94.7223E-09       238.575E-06  
              948.123             94.8123E-09       238.899E-06  
              949.023             94.9023E-09       239.085E-06  
              949.923             94.9923E-09       239.307E-06  
              950.823             95.0823E-09       239.531E-06  
              951.723             95.1723E-09       239.755E-06  
              952.623             95.2623E-09       239.977E-06  
              953.523             95.3523E-09       240.196E-06  
              954.423             95.4423E-09       240.412E-06  
              955.323             95.5323E-09       240.625E-06  
              956.223             95.6223E-09       240.837E-06  
              957.123             95.7123E-09       241.046E-06  
              958.023             95.8023E-09       241.253E-06  
              958.923             95.8923E-09       241.458E-06  
              959.823             95.9823E-09       241.661E-06  
              960.723             96.0723E-09       241.862E-06  
              961.623             96.1623E-09       242.075E-06  
              962.523             96.2523E-09       242.293E-06  
              963.423             96.3423E-09       242.508E-06  
              964.323             96.4323E-09       242.721E-06  
              965.223             96.5223E-09       242.931E-06  
              966.123             96.6123E-09       243.14E-06   
              967.023             96.7023E-09       243.346E-06  
              967.923             96.7923E-09       243.551E-06  
              968.823             96.8823E-09       243.754E-06  
              969.723             96.9723E-09       243.955E-06  
              970.623             97.0623E-09       244.155E-06  
              971.523             97.1523E-09       244.354E-06  
              972.423             97.2423E-09       244.551E-06  
              973.323             97.3323E-09       244.748E-06  
              974.223             97.4223E-09       244.944E-06  
              975.123             97.5123E-09       245.14E-06   
              976.023             97.6023E-09       245.334E-06  
              976.923             97.6923E-09       245.528E-06  
              977.823             97.7823E-09       245.721E-06  
              978.723             97.8723E-09       245.914E-06  
              979.623             97.9623E-09       246.106E-06  
              980.523             98.0523E-09       246.298E-06  
              981.423             98.1423E-09       246.489E-06  
              982.323             98.2323E-09       246.679E-06  
              983.223             98.3223E-09       246.869E-06  
              984.123             98.4123E-09       247.058E-06  
              985.023             98.5023E-09       247.246E-06  
              985.923             98.5923E-09       247.434E-06  
              986.823             98.6823E-09       247.622E-06  
              987.723             98.7723E-09       247.809E-06  
              988.623             98.8623E-09       247.995E-06  
              989.523             98.9523E-09       248.181E-06  
              990.423             99.0423E-09       248.366E-06  
              991.323             99.1323E-09       248.55E-06   
              992.223             99.2223E-09       248.735E-06  
              993.123             99.3123E-09       248.919E-06  
              994.023             99.4023E-09       249.103E-06  
              994.923             99.4923E-09       249.286E-06  
              995.823             99.5823E-09       249.47E-06   
              996.723             99.6723E-09       249.653E-06  
              997.623             99.7623E-09       249.836E-06  
              998.523             99.8523E-09       250.018E-06  
              999.423             99.9423E-09       250.2E-06    
                1.00032E+03      100.E-09           248.861E-06  
                1.00122E+03      100.E-09           245.036E-06  
                1.00167E+03      100.E-09           243.215E-06  
                1.00201E+03       98.9853E-09       160.81E-06   
                1.00201E+03       98.9853E-09         0.         




