
                  X             Displacement          Force      

                0.                -0.                 0.         
                1.E-03           100.E-15             1.07776E-09
                2.E-03           200.E-15           620.58E-12   
                3.5E-03          350.E-15            59.0772E-12 
                5.75E-03         575.E-15             4.75751E-12
                9.125E-03        912.5E-15          468.46E-15   
               14.1875E-03         1.41875E-12       46.796E-15  
               21.7812E-03         2.17813E-12        4.68016E-15
               33.1719E-03         3.31719E-12      468.016E-18  
               50.2578E-03         5.02578E-12       46.7983E-18 
               75.8867E-03         7.58867E-12        4.67966E-18
              114.33E-03          11.433E-12        467.916E-21  
              171.995E-03         17.1995E-12        46.7869E-21 
              258.493E-03         25.8493E-12         4.67834E-21
              388.239E-03         38.8239E-12       467.772E-24  
              582.859E-03         58.2859E-12        46.7682E-24 
              874.788E-03         87.4788E-12         4.67546E-24
                1.31268          131.268E-12        467.341E-27  
                1.96952          196.952E-12         46.7035E-27 
                2.66952          266.952E-12          4.66708E-27
                3.36952          336.952E-12        466.381E-30  
                4.06952          406.952E-12         46.6055E-30 
                4.76952          476.952E-12          4.65728E-30
                5.46952          546.952E-12        465.401E-33  
                6.16952          616.952E-12         46.5074E-33 
                6.86952          686.952E-12          4.64748E-33
                7.56952          756.952E-12        464.421E-36  
                8.26952          826.952E-12         46.4095E-36 
                8.96952          896.952E-12          4.63768E-36
                9.66952          966.952E-12        121.253E-09  
               10.3695             1.03695E-09      739.32E-09   
               11.0695             1.10695E-09        1.35689E-06
               11.7695             1.17695E-09        1.97405E-06
               12.4695             1.24695E-09        2.55124E-06
               13.1695             1.31695E-09        3.06231E-06
               13.8695             1.38695E-09        3.45261E-06
               14.5695             1.45695E-09        3.74701E-06
               15.2695             1.52695E-09        4.00064E-06
               15.9695             1.59695E-09        4.2277E-06 
               16.6695             1.66695E-09        4.43431E-06
               17.3695             1.73695E-09        4.61942E-06
               18.0695             1.80695E-09        4.7874E-06 
               18.7695             1.87695E-09        4.94335E-06
               19.4695             1.94695E-09        5.09117E-06
               20.1695             2.01695E-09        5.23293E-06
               20.8695             2.08695E-09        5.36981E-06
               21.5695             2.15695E-09        5.5026E-06 
               22.2695             2.22695E-09        5.63177E-06
               22.9695             2.29695E-09        5.75767E-06
               23.6695             2.36695E-09        5.88056E-06
               24.3695             2.43695E-09        6.00059E-06
               25.0695             2.50695E-09        6.11787E-06
               25.7695             2.57695E-09        6.2324E-06 
               26.4695             2.64695E-09        6.34401E-06
               27.1695             2.71695E-09        6.45253E-06
               27.8695             2.78695E-09        6.55793E-06
               28.5695             2.85695E-09        6.66032E-06
               29.2695             2.92695E-09        6.75974E-06
               29.9695             2.99695E-09        6.8561E-06 
               30.6695             3.06695E-09        6.94918E-06
               31.3695             3.13695E-09        7.03892E-06
               32.0695             3.20695E-09        7.12536E-06
               32.7695             3.27695E-09        7.20865E-06
               33.4695             3.34695E-09        7.28891E-06
               34.1695             3.41695E-09        7.36623E-06
               34.8695             3.48695E-09        7.4407E-06 
               35.5695             3.55695E-09        7.5124E-06 
               36.2695             3.62695E-09        7.58147E-06
               36.9695             3.69695E-09        7.64804E-06
               37.6695             3.76695E-09        7.71225E-06
               38.3695             3.83695E-09        7.7743E-06 
               39.0695             3.90695E-09        7.83439E-06
               39.7695             3.97695E-09        7.89271E-06
               40.4695             4.04695E-09        7.94941E-06
               41.1695             4.11695E-09        8.00462E-06
               41.8695             4.18695E-09        8.05842E-06
               42.5695             4.25695E-09        8.11088E-06
               43.2695             4.32695E-09        8.16203E-06
               43.9695             4.39695E-09        8.2119E-06 
               44.6695             4.46695E-09        8.26055E-06
               45.3695             4.53695E-09        8.30801E-06
               46.0695             4.60695E-09        8.35433E-06
               46.7695             4.67695E-09        8.39959E-06
               47.4695             4.74695E-09        8.44382E-06
               48.1695             4.81695E-09        8.4871E-06 
               48.8695             4.88695E-09        8.52946E-06
               49.5695             4.95695E-09        8.57097E-06
               50.2695             5.02695E-09        8.61167E-06
               50.9695             5.09695E-09        8.65162E-06
               51.6695             5.16695E-09        8.69084E-06
               52.3695             5.23695E-09        8.72937E-06
               53.0695             5.30695E-09        8.76726E-06
               53.7695             5.37695E-09        8.80451E-06
               54.4695             5.44695E-09        8.84115E-06
               55.1695             5.51695E-09        8.87721E-06
               55.8695             5.58695E-09        8.91269E-06
               56.5695             5.65695E-09        8.94764E-06
               57.2695             5.72695E-09        8.98206E-06
               57.9695             5.79695E-09        9.01599E-06
               58.6695             5.86695E-09        9.04945E-06
               59.3695             5.93695E-09        9.08245E-06
               60.0695             6.00695E-09        9.11503E-06
               60.7695             6.07695E-09        9.14721E-06
               61.4695             6.14695E-09        9.6645E-06 
               62.1695             6.21695E-09       10.8028E-06 
               62.8695             6.28695E-09       12.0599E-06 
               63.5695             6.35695E-09       13.263E-06  
               64.2695             6.42695E-09       14.4147E-06 
               64.9695             6.49695E-09       15.5074E-06 
               65.6695             6.56695E-09       16.5318E-06 
               66.3695             6.63695E-09       17.478E-06  
               67.0695             6.70695E-09       18.3351E-06 
               67.7695             6.77695E-09       19.1079E-06 
               68.4695             6.84695E-09       19.8086E-06 
               69.1695             6.91695E-09       20.4469E-06 
               69.8695             6.98695E-09       21.0293E-06 
               70.5695             7.05695E-09       21.5622E-06 
               71.2695             7.12695E-09       22.0519E-06 
               71.9695             7.19695E-09       22.5049E-06 
               72.6695             7.26695E-09       22.9254E-06 
               73.3695             7.33695E-09       23.3165E-06 
               74.0695             7.40695E-09       23.6815E-06 
               74.7695             7.47695E-09       24.0237E-06 
               75.4695             7.54695E-09       24.3462E-06 
               76.1695             7.61695E-09       24.6514E-06 
               76.8695             7.68695E-09       24.9419E-06 
               77.5695             7.75695E-09       25.2193E-06 
               78.2695             7.82695E-09       25.4851E-06 
               78.9695             7.89695E-09       25.7406E-06 
               79.6695             7.96695E-09       25.9867E-06 
               80.3695             8.03695E-09       26.2244E-06 
               81.0695             8.10695E-09       26.4543E-06 
               81.7695             8.17695E-09       26.6771E-06 
               82.4695             8.24695E-09       26.8932E-06 
               83.1695             8.31695E-09       27.1031E-06 
               83.8695             8.38695E-09       27.3071E-06 
               84.5695             8.45695E-09       27.5057E-06 
               85.2695             8.52695E-09       27.6991E-06 
               85.9695             8.59695E-09       27.8876E-06 
               86.6695             8.66695E-09       28.0716E-06 
               87.3695             8.73695E-09       28.2512E-06 
               88.0695             8.80695E-09       28.4267E-06 
               88.7695             8.87695E-09       28.5983E-06 
               89.4695             8.94695E-09       28.7662E-06 
               90.1695             9.01695E-09       28.9307E-06 
               90.8695             9.08695E-09       29.0919E-06 
               91.5695             9.15695E-09       29.2499E-06 
               92.2695             9.22695E-09       29.4049E-06 
               92.9695             9.29695E-09       29.5571E-06 
               93.6695             9.36695E-09       29.7064E-06 
               94.3695             9.43695E-09       29.8529E-06 
               95.0695             9.50695E-09       29.9967E-06 
               95.7695             9.57695E-09       30.1377E-06 
               96.4695             9.64695E-09       30.2762E-06 
               97.1695             9.71695E-09       30.412E-06  
               97.8695             9.78695E-09       30.5454E-06 
               98.5695             9.85695E-09       30.6765E-06 
               99.2695             9.92695E-09       30.8053E-06 
               99.9695             9.99695E-09       30.9321E-06 
              100.67              10.067E-09         31.0567E-06 
              101.37              10.137E-09         31.1793E-06 
              102.07              10.207E-09         31.2999E-06 
              102.77              10.277E-09         31.4185E-06 
              103.47              10.347E-09         31.5354E-06 
              104.17              10.417E-09         31.6504E-06 
              104.87              10.487E-09         31.7639E-06 
              105.57              10.557E-09         31.8757E-06 
              106.27              10.627E-09         31.986E-06  
              106.97              10.697E-09         32.0949E-06 
              107.67              10.767E-09         32.2024E-06 
              108.37              10.837E-09         32.3086E-06 
              109.07              10.907E-09         32.4135E-06 
              109.77              10.977E-09         32.5173E-06 
              110.47              11.047E-09         32.6198E-06 
              111.17              11.117E-09         32.7213E-06 
              111.87              11.187E-09         32.8216E-06 
              112.57              11.257E-09         32.9207E-06 
              113.27              11.327E-09         33.0188E-06 
              113.97              11.397E-09         33.1157E-06 
              114.67              11.467E-09         33.2116E-06 
              115.37              11.537E-09         33.3499E-06 
              116.07              11.607E-09         33.8359E-06 
              116.77              11.677E-09         34.324E-06  
              117.47              11.747E-09         34.7877E-06 
              118.17              11.817E-09         35.2246E-06 
              118.87              11.887E-09         35.6257E-06 
              119.57              11.957E-09         35.9943E-06 
              120.27              12.027E-09         36.3556E-06 
              120.97              12.097E-09         36.9031E-06 
              121.67              12.167E-09         37.4299E-06 
              122.37              12.237E-09         37.9637E-06 
              123.07              12.307E-09         38.6387E-06 
              123.77              12.377E-09         39.2779E-06 
              124.47              12.447E-09         39.879E-06  
              125.17              12.517E-09         40.4399E-06 
              125.87              12.587E-09         40.96E-06   
              126.57              12.657E-09         41.4444E-06 
              127.27              12.727E-09         41.8973E-06 
              127.97              12.797E-09         42.3214E-06 
              128.67              12.867E-09         42.7171E-06 
              129.37              12.937E-09         43.0799E-06 
              130.07              13.007E-09         43.4124E-06 
              130.77              13.077E-09         43.7204E-06 
              131.47              13.147E-09         44.0082E-06 
              132.17              13.217E-09         44.2794E-06 
              132.87              13.287E-09         44.5369E-06 
              133.57              13.357E-09         44.7827E-06 
              134.27              13.427E-09         45.0182E-06 
              134.97              13.497E-09         45.2444E-06 
              135.67              13.567E-09         45.4621E-06 
              136.37              13.637E-09         45.6716E-06 
              137.07              13.707E-09         45.8736E-06 
              137.77              13.777E-09         46.0687E-06 
              138.47              13.847E-09         46.2575E-06 
              139.17              13.917E-09         46.4406E-06 
              139.87              13.987E-09         46.6186E-06 
              140.57              14.057E-09         46.792E-06  
              141.27              14.127E-09         46.9614E-06 
              141.97              14.197E-09         47.1271E-06 
              142.67              14.267E-09         47.2895E-06 
              143.37              14.337E-09         47.4488E-06 
              144.07              14.407E-09         47.6051E-06 
              144.77              14.477E-09         47.7588E-06 
              145.47              14.547E-09         47.9099E-06 
              146.17              14.617E-09         48.0587E-06 
              146.87              14.687E-09         48.2051E-06 
              147.57              14.757E-09         48.3494E-06 
              148.27              14.827E-09         48.4917E-06 
              148.97              14.897E-09         48.6319E-06 
              149.67              14.967E-09         48.7703E-06 
              150.37              15.037E-09         48.9068E-06 
              151.07              15.107E-09         49.0416E-06 
              151.77              15.177E-09         49.1747E-06 
              152.47              15.247E-09         49.3061E-06 
              153.17              15.317E-09         49.4358E-06 
              153.87              15.387E-09         49.5641E-06 
              154.57              15.457E-09         49.6908E-06 
              155.27              15.527E-09         49.8162E-06 
              155.97              15.597E-09         49.9401E-06 
              156.67              15.667E-09         50.0628E-06 
              157.37              15.737E-09         50.1841E-06 
              158.07              15.807E-09         50.3043E-06 
              158.77              15.877E-09         50.4233E-06 
              159.47              15.947E-09         50.5412E-06 
              160.17              16.017E-09         50.658E-06  
              160.87              16.087E-09         50.7738E-06 
              161.57              16.157E-09         50.8886E-06 
              162.27              16.227E-09         51.0026E-06 
              162.97              16.297E-09         51.1157E-06 
              163.67              16.367E-09         51.228E-06  
              164.37              16.437E-09         51.3394E-06 
              165.07              16.507E-09         51.4501E-06 
              165.77              16.577E-09         51.5599E-06 
              166.47              16.647E-09         51.6691E-06 
              167.17              16.717E-09         51.7775E-06 
              167.87              16.787E-09         51.8853E-06 
              168.57              16.857E-09         51.9924E-06 
              169.27              16.927E-09         52.0989E-06 
              169.97              16.997E-09         52.2048E-06 
              170.67              17.067E-09         52.31E-06   
              171.37              17.137E-09         52.4145E-06 
              172.07              17.207E-09         52.5184E-06 
              172.77              17.277E-09         52.6217E-06 
              173.47              17.347E-09         52.7243E-06 
              174.17              17.417E-09         52.8262E-06 
              174.87              17.487E-09         52.9274E-06 
              175.57              17.557E-09         53.0278E-06 
              176.27              17.627E-09         53.1275E-06 
              176.97              17.697E-09         53.2265E-06 
              177.67              17.767E-09         53.3248E-06 
              178.37              17.837E-09         53.4225E-06 
              179.07              17.907E-09         53.5196E-06 
              179.77              17.977E-09         53.616E-06  
              180.47              18.047E-09         53.712E-06  
              181.17              18.117E-09         53.8075E-06 
              181.87              18.187E-09         53.9024E-06 
              182.57              18.257E-09         53.9969E-06 
              183.27              18.327E-09         54.0908E-06 
              183.97              18.397E-09         54.1843E-06 
              184.67              18.467E-09         54.2773E-06 
              185.37              18.537E-09         54.3699E-06 
              186.07              18.607E-09         54.462E-06  
              186.77              18.677E-09         54.5537E-06 
              187.47              18.747E-09         54.6449E-06 
              188.17              18.817E-09         54.7357E-06 
              188.87              18.887E-09         54.826E-06  
              189.57              18.957E-09         54.9158E-06 
              190.27              19.027E-09         55.0052E-06 
              190.97              19.097E-09         55.0941E-06 
              191.67              19.167E-09         55.1825E-06 
              192.37              19.237E-09         55.2705E-06 
              193.07              19.307E-09         55.3581E-06 
              193.77              19.377E-09         55.4452E-06 
              194.47              19.447E-09         55.5321E-06 
              195.17              19.517E-09         55.6186E-06 
              195.87              19.587E-09         55.7047E-06 
              196.57              19.657E-09         55.7905E-06 
              197.27              19.727E-09         55.8759E-06 
              197.97              19.797E-09         55.961E-06  
              198.67              19.867E-09         56.0456E-06 
              199.37              19.937E-09         56.1299E-06 
              200.07              20.007E-09         56.2138E-06 
              200.77              20.077E-09         56.2974E-06 
              201.47              20.147E-09         56.3805E-06 
              202.17              20.217E-09         56.4634E-06 
              202.87              20.287E-09         56.5459E-06 
              203.57              20.357E-09         56.6281E-06 
              204.27              20.427E-09         56.71E-06   
              204.97              20.497E-09         56.7916E-06 
              205.67              20.567E-09         56.8728E-06 
              206.37              20.637E-09         56.9537E-06 
              207.07              20.707E-09         57.0344E-06 
              207.77              20.777E-09         57.1147E-06 
              208.47              20.847E-09         57.1949E-06 
              209.17              20.917E-09         57.2748E-06 
              209.87              20.987E-09         57.3544E-06 
              210.57              21.057E-09         57.4338E-06 
              211.27              21.127E-09         57.513E-06  
              211.97              21.197E-09         57.5919E-06 
              212.67              21.267E-09         57.6705E-06 
              213.37              21.337E-09         57.7488E-06 
              214.07              21.407E-09         57.8268E-06 
              214.77              21.477E-09         57.9045E-06 
              215.47              21.547E-09         57.9819E-06 
              216.17              21.617E-09         58.0591E-06 
              216.87              21.687E-09         58.136E-06  
              217.57              21.757E-09         58.2126E-06 
              218.27              21.827E-09         58.289E-06  
              218.97              21.897E-09         58.3651E-06 
              219.67              21.967E-09         58.4411E-06 
              220.37              22.037E-09         58.517E-06  
              221.07              22.107E-09         58.5926E-06 
              221.77              22.177E-09         58.668E-06  
              222.47              22.247E-09         58.7432E-06 
              223.17              22.317E-09         58.8181E-06 
              223.87              22.387E-09         58.8929E-06 
              224.57              22.457E-09         58.9674E-06 
              225.27              22.527E-09         59.0416E-06 
              225.97              22.597E-09         59.1156E-06 
              226.67              22.667E-09         59.1893E-06 
              227.37              22.737E-09         59.2629E-06 
              228.07              22.807E-09         59.3364E-06 
              228.77              22.877E-09         59.4096E-06 
              229.47              22.947E-09         59.4827E-06 
              230.17              23.017E-09         59.5555E-06 
              230.87              23.087E-09         59.628E-06  
              231.57              23.157E-09         59.7004E-06 
              232.27              23.227E-09         59.8858E-06 
              232.97              23.297E-09         60.2718E-06 
              233.67              23.367E-09         60.6642E-06 
              234.37              23.437E-09         61.0428E-06 
              235.07              23.507E-09         61.404E-06  
              235.77              23.577E-09         61.746E-06  
              236.47              23.647E-09         62.0684E-06 
              237.17              23.717E-09         62.3699E-06 
              237.87              23.787E-09         62.6493E-06 
              238.57              23.857E-09         62.9084E-06 
              239.27              23.927E-09         63.1497E-06 
              239.97              23.997E-09         63.3756E-06 
              240.67              24.067E-09         63.5879E-06 
              241.37              24.137E-09         63.788E-06  
              242.07              24.207E-09         63.9768E-06 
              242.77              24.277E-09         64.155E-06  
              243.47              24.347E-09         64.3229E-06 
              244.17              24.417E-09         64.4814E-06 
              244.87              24.487E-09         64.6312E-06 
              245.57              24.557E-09         64.7733E-06 
              246.27              24.627E-09         64.9087E-06 
              246.97              24.697E-09         65.0383E-06 
              247.67              24.767E-09         65.1629E-06 
              248.37              24.837E-09         65.2833E-06 
              249.07              24.907E-09         65.4868E-06 
              249.77              24.977E-09         65.8819E-06 
              250.47              25.047E-09         66.2773E-06 
              251.17              25.117E-09         66.6618E-06 
              251.87              25.187E-09         67.0325E-06 
              252.57              25.257E-09         67.3897E-06 
              253.27              25.327E-09         67.7329E-06 
              253.97              25.397E-09         68.0575E-06 
              254.67              25.467E-09         68.3643E-06 
              255.37              25.537E-09         68.6567E-06 
              256.07              25.607E-09         68.9357E-06 
              256.77              25.677E-09         69.2005E-06 
              257.47              25.747E-09         69.4503E-06 
              258.17              25.817E-09         69.6862E-06 
              258.87              25.887E-09         69.9088E-06 
              259.57              25.957E-09         70.1188E-06 
              260.27              26.027E-09         70.3162E-06 
              260.97              26.097E-09         70.5017E-06 
              261.67              26.167E-09         70.6767E-06 
              262.37              26.237E-09         70.8432E-06 
              263.07              26.307E-09         71.0032E-06 
              263.77              26.377E-09         71.1578E-06 
              264.47              26.447E-09         71.3081E-06 
              265.17              26.517E-09         71.4545E-06 
              265.87              26.587E-09         71.5971E-06 
              266.57              26.657E-09         71.7363E-06 
              267.27              26.727E-09         71.8721E-06 
              267.97              26.797E-09         72.0046E-06 
              268.67              26.867E-09         72.1338E-06 
              269.37              26.937E-09         72.2599E-06 
              270.07              27.007E-09         72.3833E-06 
              270.77              27.077E-09         72.5042E-06 
              271.47              27.147E-09         72.6227E-06 
              272.17              27.217E-09         72.739E-06  
              272.87              27.287E-09         72.8531E-06 
              273.57              27.357E-09         72.9653E-06 
              274.27              27.427E-09         73.0755E-06 
              274.97              27.497E-09         73.1839E-06 
              275.67              27.567E-09         73.2906E-06 
              276.37              27.637E-09         73.3957E-06 
              277.07              27.707E-09         73.4994E-06 
              277.77              27.777E-09         73.6019E-06 
              278.47              27.847E-09         73.7033E-06 
              279.17              27.917E-09         73.8036E-06 
              279.87              27.987E-09         73.9029E-06 
              280.57              28.057E-09         73.9992E-06 
              281.27              28.127E-09         74.0975E-06 
              281.97              28.197E-09         74.1946E-06 
              282.67              28.267E-09         74.2907E-06 
              283.37              28.337E-09         74.3859E-06 
              284.07              28.407E-09         74.4802E-06 
              284.77              28.477E-09         74.5739E-06 
              285.47              28.547E-09         74.6665E-06 
              286.17              28.617E-09         74.7584E-06 
              286.87              28.687E-09         74.8497E-06 
              287.57              28.757E-09         74.9403E-06 
              288.27              28.827E-09         75.03E-06   
              288.97              28.897E-09         75.119E-06  
              289.67              28.967E-09         75.2075E-06 
              290.37              29.037E-09         75.2952E-06 
              291.07              29.107E-09         75.3823E-06 
              291.77              29.177E-09         75.4689E-06 
              292.47              29.247E-09         75.5548E-06 
              293.17              29.317E-09         75.6401E-06 
              293.87              29.387E-09         75.7249E-06 
              294.57              29.457E-09         75.8091E-06 
              295.27              29.527E-09         75.8929E-06 
              295.97              29.597E-09         75.9762E-06 
              296.67              29.667E-09         76.0589E-06 
              297.37              29.737E-09         76.1411E-06 
              298.07              29.807E-09         76.2227E-06 
              298.77              29.877E-09         76.3037E-06 
              299.47              29.947E-09         76.3844E-06 
              300.17              30.017E-09         76.4647E-06 
              300.87              30.087E-09         76.5447E-06 
              301.57              30.157E-09         76.6245E-06 
              302.27              30.227E-09         76.7043E-06 
              302.97              30.297E-09         76.784E-06  
              303.67              30.367E-09         76.8631E-06 
              304.37              30.437E-09         76.9418E-06 
              305.07              30.507E-09         77.0202E-06 
              305.77              30.577E-09         77.0982E-06 
              306.47              30.647E-09         77.176E-06  
              307.17              30.717E-09         77.2536E-06 
              307.87              30.787E-09         77.331E-06  
              308.57              30.857E-09         77.4081E-06 
              309.27              30.927E-09         77.4849E-06 
              309.97              30.997E-09         77.5613E-06 
              310.67              31.067E-09         77.6373E-06 
              311.37              31.1369E-09        77.713E-06  
              312.07              31.207E-09         77.7883E-06 
              312.77              31.277E-09         77.8772E-06 
              313.47              31.347E-09         78.194E-06  
              314.17              31.417E-09         78.1279E-06 
              314.87              31.487E-09         78.1417E-06 
              315.57              31.557E-09         78.1916E-06 
              316.27              31.627E-09         78.2529E-06 
              316.97              31.697E-09         78.4962E-06 
              317.67              31.767E-09         78.7491E-06 
              318.37              31.837E-09         78.9961E-06 
              319.07              31.907E-09         79.4256E-06 
              319.77              31.977E-09         79.8525E-06 
              320.47              32.047E-09         80.2683E-06 
              321.17              32.117E-09         80.6683E-06 
              321.87              32.187E-09         81.0506E-06 
              322.57              32.257E-09         81.4152E-06 
              323.27              32.327E-09         81.7631E-06 
              323.97              32.3969E-09        82.0949E-06 
              324.67              32.467E-09         82.4115E-06 
              325.37              32.5369E-09        82.7135E-06 
              326.07              32.607E-09         83.0011E-06 
              326.77              32.677E-09         83.2742E-06 
              327.47              32.747E-09         83.5331E-06 
              328.17              32.817E-09         83.7779E-06 
              328.87              32.887E-09         84.0096E-06 
              329.57              32.957E-09         84.2291E-06 
              330.27              33.027E-09         84.4379E-06 
              330.97              33.097E-09         84.6373E-06 
              331.67              33.167E-09         84.8286E-06 
              332.37              33.237E-09         85.0121E-06 
              333.07              33.307E-09         85.1882E-06 
              333.77              33.377E-09         85.3573E-06 
              334.47              33.447E-09         85.5374E-06 
              335.17              33.517E-09         85.7171E-06 
              335.87              33.587E-09         85.8901E-06 
              336.57              33.657E-09         86.0566E-06 
              337.27              33.727E-09         86.2174E-06 
              337.97              33.797E-09         86.3859E-06 
              338.67              33.867E-09         86.7537E-06 
              339.37              33.937E-09         87.128E-06  
              340.07              34.007E-09         87.4931E-06 
              340.77              34.077E-09         88.0173E-06 
              341.47              34.147E-09         88.5392E-06 
              342.17              34.217E-09         89.0451E-06 
              342.87              34.287E-09         89.5273E-06 
              343.57              34.357E-09         89.9818E-06 
              344.27              34.427E-09         90.4078E-06 
              344.97              34.497E-09         90.8079E-06 
              345.67              34.567E-09         91.1851E-06 
              346.37              34.637E-09         91.5413E-06 
              347.07              34.707E-09         91.8779E-06 
              347.77              34.777E-09         92.1966E-06 
              348.47              34.847E-09         92.4982E-06 
              349.17              34.917E-09         92.7835E-06 
              349.87              34.987E-09         93.054E-06  
              350.57              35.057E-09         93.311E-06  
              351.27              35.1269E-09        93.5562E-06 
              351.97              35.197E-09         93.7912E-06 
              352.67              35.267E-09         94.0171E-06 
              353.37              35.337E-09         94.2349E-06 
              354.07              35.407E-09         94.4453E-06 
              354.77              35.4769E-09        94.6487E-06 
              355.47              35.547E-09         94.8456E-06 
              356.17              35.617E-09         95.0365E-06 
              356.87              35.687E-09         95.222E-06  
              357.57              35.757E-09         95.4025E-06 
              358.27              35.827E-09         95.5783E-06 
              358.97              35.897E-09         95.7498E-06 
              359.67              35.967E-09         95.9172E-06 
              360.37              36.037E-09         96.0807E-06 
              361.07              36.107E-09         96.2405E-06 
              361.77              36.177E-09         96.4063E-06 
              362.47              36.247E-09         96.5731E-06 
              363.17              36.317E-09         96.7365E-06 
              363.87              36.387E-09         96.8964E-06 
              364.57              36.457E-09         97.0531E-06 
              365.27              36.527E-09         97.2071E-06 
              365.97              36.597E-09         97.3584E-06 
              366.67              36.667E-09         97.5073E-06 
              367.37              36.737E-09         97.654E-06  
              368.07              36.807E-09         97.7984E-06 
              368.77              36.8769E-09        97.9409E-06 
              369.47              36.947E-09         98.0815E-06 
              370.17              37.017E-09         98.2201E-06 
              370.87              37.087E-09         98.357E-06  
              371.57              37.157E-09         98.6617E-06 
              372.27              37.227E-09         98.6927E-06 
              372.97              37.297E-09         98.791E-06  
              373.67              37.367E-09         98.9077E-06 
              374.37              37.437E-09         99.0301E-06 
              375.07              37.507E-09         99.1545E-06 
              375.77              37.577E-09         99.2793E-06 
              376.47              37.6469E-09        99.4038E-06 
              377.17              37.717E-09         99.5276E-06 
              377.87              37.787E-09         99.6506E-06 
              378.57              37.857E-09         99.7728E-06 
              379.27              37.9269E-09        99.8941E-06 
              379.97              37.997E-09        100.015E-06  
              380.67              38.067E-09        100.134E-06  
              381.37              38.137E-09        100.253E-06  
              382.07              38.207E-09        100.371E-06  
              382.77              38.277E-09        100.488E-06  
              383.47              38.347E-09        100.604E-06  
              384.17              38.417E-09        100.72E-06   
              384.87              38.487E-09        100.834E-06  
              385.57              38.557E-09        100.949E-06  
              386.27              38.627E-09        101.062E-06  
              386.97              38.697E-09        101.175E-06  
              387.67              38.767E-09        101.287E-06  
              388.37              38.837E-09        101.398E-06  
              389.07              38.907E-09        101.508E-06  
              389.77              38.977E-09        101.618E-06  
              390.47              39.047E-09        101.727E-06  
              391.17              39.117E-09        101.836E-06  
              391.87              39.187E-09        101.944E-06  
              392.57              39.257E-09        102.052E-06  
              393.27              39.327E-09        102.293E-06  
              393.97              39.397E-09        102.318E-06  
              394.67              39.467E-09        102.398E-06  
              395.37              39.537E-09        102.492E-06  
              396.07              39.607E-09        102.591E-06  
              396.77              39.677E-09        102.693E-06  
              397.47              39.747E-09        102.795E-06  
              398.17              39.817E-09        102.752E-06  
              398.87              39.887E-09        102.973E-06  
              399.57              39.957E-09        103.102E-06  
              400.27              40.027E-09        103.241E-06  
              400.97              40.097E-09        103.366E-06  
              401.67              40.167E-09        103.48E-06   
              402.37              40.237E-09        103.59E-06   
              403.07              40.307E-09        103.695E-06  
              403.77              40.3769E-09       103.798E-06  
              404.47              40.447E-09        103.9E-06    
              405.17              40.517E-09        104.001E-06  
              405.87              40.587E-09        104.101E-06  
              406.57              40.657E-09        104.2E-06    
              407.27              40.727E-09        104.299E-06  
              407.97              40.797E-09        104.397E-06  
              408.67              40.867E-09        104.495E-06  
              409.37              40.937E-09        104.593E-06  
              410.07              41.007E-09        104.691E-06  
              410.77              41.077E-09        104.789E-06  
              411.47              41.147E-09        104.886E-06  
              412.17              41.217E-09        104.984E-06  
              412.87              41.287E-09        105.081E-06  
              413.57              41.357E-09        105.178E-06  
              414.27              41.427E-09        105.275E-06  
              414.97              41.497E-09        105.372E-06  
              415.67              41.567E-09        105.468E-06  
              416.37              41.637E-09        105.565E-06  
              417.07              41.707E-09        105.661E-06  
              417.77              41.777E-09        105.757E-06  
              418.47              41.847E-09        105.853E-06  
              419.17              41.917E-09        105.949E-06  
              419.87              41.987E-09        106.045E-06  
              420.57              42.057E-09        106.14E-06   
              421.27              42.127E-09        106.235E-06  
              421.97              42.197E-09        106.33E-06   
              422.67              42.267E-09        106.424E-06  
              423.37              42.337E-09        106.519E-06  
              424.07              42.407E-09        106.613E-06  
              424.77              42.477E-09        106.707E-06  
              425.47              42.547E-09        106.801E-06  
              426.17              42.617E-09        106.894E-06  
              426.87              42.687E-09        106.988E-06  
              427.57              42.757E-09        107.081E-06  
              428.27              42.827E-09        107.175E-06  
              428.97              42.897E-09        107.268E-06  
              429.67              42.967E-09        107.361E-06  
              430.37              43.037E-09        107.454E-06  
              431.07              43.107E-09        107.547E-06  
              431.77              43.177E-09        107.639E-06  
              432.47              43.247E-09        107.732E-06  
              433.17              43.317E-09        107.824E-06  
              433.87              43.387E-09        107.916E-06  
              434.57              43.457E-09        108.008E-06  
              435.27              43.527E-09        108.1E-06    
              435.97              43.597E-09        108.192E-06  
              436.67              43.667E-09        108.284E-06  
              437.37              43.737E-09        108.375E-06  
              438.07              43.8069E-09       108.427E-06  
              438.77              43.877E-09        108.539E-06  
              439.47              43.947E-09        108.64E-06   
              440.17              44.017E-09        108.737E-06  
              440.87              44.087E-09        108.831E-06  
              441.57              44.157E-09        108.924E-06  
              442.27              44.227E-09        109.016E-06  
              442.97              44.297E-09        109.107E-06  
              443.67              44.367E-09        109.198E-06  
              444.37              44.437E-09        109.288E-06  
              445.07              44.507E-09        109.378E-06  
              445.77              44.577E-09        109.468E-06  
              446.47              44.647E-09        109.558E-06  
              447.17              44.7169E-09       109.647E-06  
              447.87              44.787E-09        109.736E-06  
              448.57              44.857E-09        109.825E-06  
              449.27              44.927E-09        109.913E-06  
              449.97              44.997E-09        110.002E-06  
              450.67              45.067E-09        110.09E-06   
              451.37              45.137E-09        110.179E-06  
              452.07              45.207E-09        110.267E-06  
              452.77              45.277E-09        110.354E-06  
              453.47              45.347E-09        110.442E-06  
              454.17              45.417E-09        110.529E-06  
              454.87              45.487E-09        110.617E-06  
              455.57              45.557E-09        110.704E-06  
              456.27              45.627E-09        110.792E-06  
              456.97              45.697E-09        110.879E-06  
              457.67              45.767E-09        110.966E-06  
              458.37              45.837E-09        111.053E-06  
              459.07              45.907E-09        110.898E-06  
              459.77              45.977E-09        111.121E-06  
              460.47              46.047E-09        111.226E-06  
              461.17              46.117E-09        111.352E-06  
              461.87              46.187E-09        111.466E-06  
              462.57              46.257E-09        111.572E-06  
              463.27              46.327E-09        111.671E-06  
              463.97              46.397E-09        111.765E-06  
              464.67              46.467E-09        111.858E-06  
              465.37              46.537E-09        111.948E-06  
              466.07              46.607E-09        112.037E-06  
              466.77              46.677E-09        112.124E-06  
              467.47              46.747E-09        112.212E-06  
              468.17              46.817E-09        112.299E-06  
              468.87              46.887E-09        112.385E-06  
              469.57              46.957E-09        112.471E-06  
              470.27              47.027E-09        112.557E-06  
              470.97              47.097E-09        112.642E-06  
              471.67              47.167E-09        112.728E-06  
              472.37              47.237E-09        112.813E-06  
              473.07              47.307E-09        112.898E-06  
              473.77              47.377E-09        112.983E-06  
              474.47              47.447E-09        113.068E-06  
              475.17              47.5169E-09       113.153E-06  
              475.87              47.587E-09        113.238E-06  
              476.57              47.657E-09        113.322E-06  
              477.27              47.727E-09        113.407E-06  
              477.97              47.797E-09        113.492E-06  
              478.67              47.867E-09        113.577E-06  
              479.37              47.937E-09        113.662E-06  
              480.07              48.007E-09        113.767E-06  
              480.77              48.077E-09        114.071E-06  
              481.47              48.147E-09        114.369E-06  
              482.17              48.217E-09        114.662E-06  
              482.87              48.287E-09        114.944E-06  
              483.57              48.357E-09        115.215E-06  
              484.27              48.427E-09        115.476E-06  
              484.97              48.497E-09        115.729E-06  
              485.67              48.567E-09        115.972E-06  
              486.37              48.637E-09        116.206E-06  
              487.07              48.707E-09        116.427E-06  
              487.77              48.777E-09        116.632E-06  
              488.47              48.847E-09        116.823E-06  
              489.17              48.917E-09        117.003E-06  
              489.87              48.987E-09        117.173E-06  
              490.57              49.057E-09        117.334E-06  
              491.27              49.127E-09        117.489E-06  
              491.97              49.197E-09        117.637E-06  
              492.67              49.267E-09        117.779E-06  
              493.37              49.337E-09        117.915E-06  
              494.07              49.407E-09        118.046E-06  
              494.77              49.477E-09        118.172E-06  
              495.47              49.547E-09        118.339E-06  
              496.17              49.617E-09        118.425E-06  
              496.87              49.687E-09        118.537E-06  
              497.57              49.757E-09        118.649E-06  
              498.27              49.827E-09        118.761E-06  
              498.97              49.897E-09        118.872E-06  
              499.67              49.967E-09        118.982E-06  
              500.37              50.037E-09        119.09E-06   
              501.07              50.107E-09        119.198E-06  
              501.77              50.177E-09        119.303E-06  
              502.47              50.247E-09        119.408E-06  
              503.17              50.317E-09        119.512E-06  
              503.87              50.387E-09        119.615E-06  
              504.57              50.457E-09        119.717E-06  
              505.27              50.527E-09        119.819E-06  
              505.97              50.597E-09        119.92E-06   
              506.67              50.667E-09        120.019E-06  
              507.37              50.737E-09        120.119E-06  
              508.07              50.807E-09        120.218E-06  
              508.77              50.877E-09        120.316E-06  
              509.47              50.947E-09        120.414E-06  
              510.17              51.017E-09        120.511E-06  
              510.87              51.087E-09        120.608E-06  
              511.57              51.157E-09        120.704E-06  
              512.27              51.227E-09        120.801E-06  
              512.97              51.297E-09        120.896E-06  
              513.669             51.367E-09        120.991E-06  
              514.37              51.437E-09        121.086E-06  
              515.07              51.507E-09        121.181E-06  
              515.77              51.577E-09        121.293E-06  
              516.47              51.6469E-09       121.458E-06  
              517.169             51.717E-09        121.619E-06  
              517.87              51.787E-09        121.776E-06  
              518.57              51.857E-09        121.928E-06  
              519.27              51.927E-09        122.074E-06  
              519.97              51.9969E-09       122.215E-06  
              520.669             52.067E-09        122.352E-06  
              521.37              52.137E-09        122.485E-06  
              522.07              52.207E-09        122.615E-06  
              522.77              52.277E-09        122.742E-06  
              523.47              52.347E-09        122.867E-06  
              524.169             52.417E-09        122.99E-06   
              524.87              52.487E-09        123.11E-06   
              525.57              52.557E-09        123.23E-06   
              526.27              52.6269E-09       123.347E-06  
              526.97              52.697E-09        123.478E-06  
              527.669             52.767E-09        123.586E-06  
              528.37              52.837E-09        123.695E-06  
              529.07              52.907E-09        123.805E-06  
              529.77              52.977E-09        123.915E-06  
              530.47              53.047E-09        124.073E-06  
              531.169             53.117E-09        124.242E-06  
              531.87              53.187E-09        124.409E-06  
              532.57              53.257E-09        124.571E-06  
              533.27              53.327E-09        124.728E-06  
              533.97              53.397E-09        124.881E-06  
              534.669             53.467E-09        125.03E-06   
              535.37              53.537E-09        125.176E-06  
              536.07              53.607E-09        125.318E-06  
              536.77              53.677E-09        125.457E-06  
              537.47              53.747E-09        125.594E-06  
              538.169             53.817E-09        125.728E-06  
              538.87              53.887E-09        125.86E-06   
              539.57              53.957E-09        125.99E-06   
              540.27              54.027E-09        126.118E-06  
              540.97              54.097E-09        126.244E-06  
              541.669             54.167E-09        126.368E-06  
              542.37              54.237E-09        126.491E-06  
              543.07              54.3069E-09       126.613E-06  
              543.77              54.377E-09        126.733E-06  
              544.47              54.447E-09        126.852E-06  
              545.169             54.517E-09        126.97E-06   
              545.87              54.587E-09        127.086E-06  
              546.57              54.657E-09        127.202E-06  
              547.27              54.727E-09        127.316E-06  
              547.97              54.797E-09        127.43E-06   
              548.669             54.867E-09        127.542E-06  
              549.37              54.937E-09        127.654E-06  
              550.07              55.007E-09        127.765E-06  
              550.77              55.077E-09        127.875E-06  
              551.47              55.147E-09        127.985E-06  
              552.169             55.217E-09        128.094E-06  
              552.87              55.287E-09        128.202E-06  
              553.57              55.357E-09        128.31E-06   
              554.27              55.427E-09        128.417E-06  
              554.97              55.497E-09        128.524E-06  
              555.669             55.567E-09        128.63E-06   
              556.37              55.637E-09        128.736E-06  
              557.07              55.707E-09        128.842E-06  
              557.77              55.777E-09        128.947E-06  
              558.47              55.847E-09        129.052E-06  
              559.169             55.917E-09        129.156E-06  
              559.87              55.987E-09        129.26E-06   
              560.57              56.057E-09        129.363E-06  
              561.27              56.127E-09        129.466E-06  
              561.97              56.197E-09        129.569E-06  
              562.669             56.267E-09        129.671E-06  
              563.37              56.337E-09        129.773E-06  
              564.07              56.407E-09        129.874E-06  
              564.77              56.477E-09        130.117E-06  
              565.47              56.547E-09        130.378E-06  
              566.169             56.617E-09        130.637E-06  
              566.87              56.687E-09        130.892E-06  
              567.57              56.757E-09        131.14E-06   
              568.27              56.827E-09        131.382E-06  
              568.97              56.897E-09        131.616E-06  
              569.669             56.967E-09        131.843E-06  
              570.37              57.037E-09        132.062E-06  
              571.07              57.107E-09        132.275E-06  
              571.77              57.177E-09        132.481E-06  
              572.47              57.247E-09        132.681E-06  
              573.169             57.317E-09        132.875E-06  
              573.87              57.387E-09        133.063E-06  
              574.57              57.457E-09        133.244E-06  
              575.27              57.527E-09        133.421E-06  
              575.97              57.597E-09        133.592E-06  
              576.669             57.667E-09        133.739E-06  
              577.37              57.737E-09        133.912E-06  
              578.07              57.807E-09        134.076E-06  
              578.77              57.877E-09        134.234E-06  
              579.47              57.947E-09        134.387E-06  
              580.169             58.017E-09        134.536E-06  
              580.87              58.087E-09        134.683E-06  
              581.57              58.157E-09        134.826E-06  
              582.27              58.227E-09        134.967E-06  
              582.97              58.297E-09        135.105E-06  
              583.669             58.367E-09        135.24E-06   
              584.37              58.437E-09        135.373E-06  
              585.07              58.507E-09        135.504E-06  
              585.77              58.577E-09        135.633E-06  
              586.47              58.647E-09        135.76E-06   
              587.169             58.717E-09        135.885E-06  
              587.87              58.7869E-09       136.008E-06  
              588.57              58.857E-09        136.13E-06   
              589.27              58.927E-09        136.251E-06  
              589.97              58.997E-09        136.371E-06  
              590.669             59.067E-09        136.489E-06  
              591.37              59.137E-09        136.67E-06   
              592.07              59.207E-09        137.049E-06  
              592.77              59.277E-09        137.432E-06  
              593.47              59.347E-09        137.808E-06  
              594.169             59.417E-09        138.171E-06  
              594.87              59.4869E-09       138.519E-06  
              595.57              59.557E-09        138.851E-06  
              596.27              59.627E-09        139.17E-06   
              596.97              59.6969E-09       139.476E-06  
              597.669             59.767E-09        139.77E-06   
              598.37              59.837E-09        140.053E-06  
              599.07              59.907E-09        140.324E-06  
              599.77              59.977E-09        140.584E-06  
              600.47              60.047E-09        140.833E-06  
              601.169             60.117E-09        141.072E-06  
              601.87              60.187E-09        141.301E-06  
              602.57              60.257E-09        141.522E-06  
              603.27              60.327E-09        141.736E-06  
              603.97              60.397E-09        141.942E-06  
              604.669             60.467E-09        142.141E-06  
              605.37              60.537E-09        142.333E-06  
              606.07              60.607E-09        142.52E-06   
              606.77              60.677E-09        142.702E-06  
              607.47              60.747E-09        142.972E-06  
              608.169             60.817E-09        143.347E-06  
              608.87              60.887E-09        143.724E-06  
              609.57              60.957E-09        144.096E-06  
              610.27              61.027E-09        144.459E-06  
              610.97              61.097E-09        144.811E-06  
              611.669             61.167E-09        145.2E-06    
              612.37              61.237E-09        145.614E-06  
              613.07              61.307E-09        146.01E-06   
              613.77              61.377E-09        146.389E-06  
              614.47              61.447E-09        146.753E-06  
              615.169             61.517E-09        147.102E-06  
              615.87              61.5869E-09       147.437E-06  
              616.57              61.657E-09        147.757E-06  
              617.27              61.727E-09        148.064E-06  
              617.97              61.797E-09        148.358E-06  
              618.669             61.867E-09        148.64E-06   
              619.37              61.937E-09        148.911E-06  
              620.07              62.007E-09        149.168E-06  
              620.77              62.077E-09        149.412E-06  
              621.47              62.1469E-09       149.645E-06  
              622.169             62.217E-09        149.868E-06  
              622.87              62.287E-09        150.084E-06  
              623.57              62.3569E-09       150.293E-06  
              624.27              62.427E-09        150.497E-06  
              624.97              62.497E-09        150.695E-06  
              625.669             62.567E-09        150.888E-06  
              626.37              62.637E-09        151.078E-06  
              627.07              62.707E-09        151.263E-06  
              627.77              62.777E-09        151.445E-06  
              628.47              62.847E-09        151.623E-06  
              629.169             62.917E-09        151.798E-06  
              629.87              62.987E-09        151.969E-06  
              630.57              63.057E-09        152.136E-06  
              631.27              63.127E-09        152.301E-06  
              631.97              63.197E-09        152.463E-06  
              632.669             63.267E-09        152.653E-06  
              633.37              63.337E-09        152.787E-06  
              634.07              63.407E-09        152.938E-06  
              634.77              63.477E-09        153.088E-06  
              635.47              63.547E-09        153.237E-06  
              636.169             63.6169E-09       153.385E-06  
              636.87              63.687E-09        153.532E-06  
              637.57              63.757E-09        153.677E-06  
              638.27              63.827E-09        153.82E-06   
              638.97              63.897E-09        153.962E-06  
              639.669             63.967E-09        154.103E-06  
              640.37              64.037E-09        154.242E-06  
              641.07              64.1069E-09       154.38E-06   
              641.77              64.177E-09        154.517E-06  
              642.47              64.247E-09        154.653E-06  
              643.169             64.317E-09        154.788E-06  
              643.87              64.3869E-09       154.724E-06  
              644.57              64.457E-09        154.923E-06  
              645.27              64.527E-09        155.071E-06  
              645.97              64.597E-09        155.234E-06  
              646.669             64.667E-09        155.386E-06  
              647.37              64.737E-09        155.531E-06  
              648.07              64.807E-09        155.67E-06   
              648.77              64.877E-09        155.806E-06  
              649.47              64.947E-09        155.937E-06  
              650.169             65.017E-09        156.048E-06  
              650.87              65.087E-09        156.193E-06  
              651.57              65.157E-09        156.33E-06   
              652.27              65.227E-09        156.462E-06  
              652.97              65.297E-09        156.592E-06  
              653.669             65.367E-09        156.719E-06  
              654.37              65.437E-09        156.845E-06  
              655.07              65.507E-09        156.97E-06   
              655.77              65.577E-09        157.095E-06  
              656.47              65.6469E-09       157.218E-06  
              657.169             65.7169E-09       157.341E-06  
              657.87              65.7869E-09       157.464E-06  
              658.57              65.857E-09        157.586E-06  
              659.27              65.927E-09        157.708E-06  
              659.97              65.997E-09        157.829E-06  
              660.669             66.067E-09        157.95E-06   
              661.37              66.137E-09        158.071E-06  
              662.07              66.2069E-09       158.191E-06  
              662.77              66.277E-09        158.311E-06  
              663.47              66.347E-09        158.43E-06   
              664.169             66.4169E-09       158.549E-06  
              664.87              66.487E-09        158.668E-06  
              665.57              66.557E-09        158.786E-06  
              666.27              66.627E-09        158.904E-06  
              666.97              66.697E-09        159.022E-06  
              667.669             66.767E-09        159.139E-06  
              668.37              66.837E-09        159.256E-06  
              669.07              66.907E-09        159.373E-06  
              669.77              66.977E-09        159.489E-06  
              670.47              67.047E-09        159.606E-06  
              671.169             67.117E-09        159.722E-06  
              671.87              67.187E-09        159.838E-06  
              672.57              67.257E-09        159.953E-06  
              673.27              67.327E-09        160.069E-06  
              673.97              67.397E-09        160.184E-06  
              674.669             67.467E-09        160.299E-06  
              675.37              67.5369E-09       160.415E-06  
              676.07              67.607E-09        160.529E-06  
              676.77              67.6769E-09       160.644E-06  
              677.47              67.747E-09        160.759E-06  
              678.169             67.8169E-09       160.873E-06  
              678.87              67.887E-09        160.988E-06  
              679.57              67.957E-09        161.102E-06  
              680.27              68.027E-09        161.216E-06  
              680.97              68.097E-09        161.33E-06   
              681.669             68.167E-09        161.444E-06  
              682.37              68.2369E-09       161.558E-06  
              683.07              68.307E-09        161.672E-06  
              683.77              68.377E-09        161.785E-06  
              684.47              68.447E-09        161.899E-06  
              685.169             68.5169E-09       162.012E-06  
              685.87              68.587E-09        162.126E-06  
              686.57              68.657E-09        162.239E-06  
              687.27              68.727E-09        162.352E-06  
              687.97              68.797E-09        162.465E-06  
              688.669             68.867E-09        162.578E-06  
              689.37              68.937E-09        162.69E-06   
              690.07              69.007E-09        162.803E-06  
              690.77              69.077E-09        162.916E-06  
              691.47              69.1469E-09       163.028E-06  
              692.169             69.2169E-09       163.14E-06   
              692.87              69.287E-09        163.252E-06  
              693.57              69.357E-09        163.365E-06  
              694.27              69.427E-09        163.477E-06  
              694.97              69.497E-09        163.589E-06  
              695.669             69.5669E-09       163.7E-06    
              696.37              69.637E-09        163.812E-06  
              697.07              69.707E-09        163.923E-06  
              697.77              69.777E-09        164.035E-06  
              698.47              69.8469E-09       164.146E-06  
              699.169             69.917E-09        164.257E-06  
              699.87              69.987E-09        164.368E-06  
              700.57              70.057E-09        164.479E-06  
              701.27              70.127E-09        164.59E-06   
              701.97              70.197E-09        164.701E-06  
              702.669             70.2669E-09       164.812E-06  
              703.37              70.337E-09        164.922E-06  
              704.07              70.407E-09        165.033E-06  
              704.77              70.477E-09        165.143E-06  
              705.47              70.5469E-09       165.254E-06  
              706.169             70.617E-09        165.364E-06  
              706.87              70.687E-09        165.475E-06  
              707.57              70.757E-09        165.585E-06  
              708.27              70.827E-09        165.696E-06  
              708.97              70.897E-09        165.806E-06  
              709.669             70.9669E-09       165.917E-06  
              710.37              71.0369E-09       166.027E-06  
              711.07              71.1069E-09       166.137E-06  
              711.77              71.177E-09        166.247E-06  
              712.47              71.2469E-09       166.357E-06  
              713.169             71.317E-09        166.467E-06  
              713.87              71.387E-09        166.578E-06  
              714.57              71.457E-09        166.688E-06  
              715.27              71.527E-09        166.798E-06  
              715.97              71.597E-09        166.908E-06  
              716.669             71.667E-09        167.018E-06  
              717.37              71.737E-09        167.127E-06  
              718.07              71.807E-09        167.237E-06  
              718.77              71.877E-09        167.347E-06  
              719.47              71.947E-09        167.456E-06  
              720.169             72.017E-09        167.566E-06  
              720.87              72.087E-09        167.676E-06  
              721.57              72.157E-09        167.785E-06  
              722.27              72.227E-09        167.895E-06  
              722.97              72.2969E-09       168.004E-06  
              723.669             72.367E-09        168.114E-06  
              724.37              72.437E-09        168.226E-06  
              725.07              72.507E-09        168.335E-06  
              725.77              72.577E-09        168.444E-06  
              726.47              72.6469E-09       168.553E-06  
              727.169             72.717E-09        168.662E-06  
              727.87              72.787E-09        168.771E-06  
              728.57              72.857E-09        168.881E-06  
              729.27              72.927E-09        168.99E-06   
              729.97              72.9969E-09       169.099E-06  
              730.669             73.0669E-09       169.208E-06  
              731.37              73.1369E-09       169.329E-06  
              732.07              73.207E-09        169.451E-06  
              732.77              73.277E-09        169.572E-06  
              733.47              73.347E-09        169.691E-06  
              734.169             73.417E-09        169.81E-06   
              734.87              73.487E-09        169.928E-06  
              735.57              73.557E-09        170.045E-06  
              736.27              73.627E-09        170.169E-06  
              736.97              73.697E-09        170.313E-06  
              737.669             73.767E-09        170.456E-06  
              738.37              73.837E-09        170.597E-06  
              739.07              73.907E-09        170.735E-06  
              739.77              73.977E-09        170.872E-06  
              740.47              74.047E-09        171.007E-06  
              741.169             74.117E-09        171.14E-06   
              741.87              74.187E-09        171.272E-06  
              742.57              74.257E-09        171.403E-06  
              743.27              74.327E-09        171.532E-06  
              743.97              74.3969E-09       171.66E-06   
              744.669             74.4669E-09       171.608E-06  
              745.37              74.537E-09        171.786E-06  
              746.07              74.6069E-09       171.923E-06  
              746.77              74.677E-09        172.076E-06  
              747.47              74.747E-09        172.222E-06  
              748.169             74.817E-09        172.362E-06  
              748.87              74.887E-09        172.497E-06  
              749.57              74.957E-09        172.627E-06  
              750.27              75.027E-09        172.755E-06  
              750.97              75.097E-09        172.881E-06  
              751.669             75.1669E-09       173.005E-06  
              752.37              75.237E-09        173.128E-06  
              753.07              75.307E-09        173.25E-06   
              753.77              75.377E-09        173.371E-06  
              754.47              75.447E-09        173.492E-06  
              755.169             75.517E-09        173.672E-06  
              755.87              75.587E-09        173.917E-06  
              756.57              75.657E-09        174.16E-06   
              757.27              75.727E-09        174.398E-06  
              757.97              75.797E-09        174.631E-06  
              758.669             75.867E-09        174.859E-06  
              759.37              75.937E-09        175.082E-06  
              760.07              76.007E-09        175.3E-06    
              760.77              76.077E-09        175.513E-06  
              761.47              76.1469E-09       175.722E-06  
              762.169             76.217E-09        175.925E-06  
              762.87              76.287E-09        176.124E-06  
              763.57              76.357E-09        176.319E-06  
              764.27              76.427E-09        176.511E-06  
              764.97              76.4969E-09       176.698E-06  
              765.669             76.567E-09        176.882E-06  
              766.37              76.637E-09        177.062E-06  
              767.07              76.707E-09        177.237E-06  
              767.77              76.777E-09        177.409E-06  
              768.47              76.847E-09        177.578E-06  
              769.169             76.917E-09        177.743E-06  
              769.87              76.987E-09        177.905E-06  
              770.57              77.057E-09        178.064E-06  
              771.27              77.127E-09        178.221E-06  
              771.97              77.1969E-09       178.375E-06  
              772.669             77.267E-09        178.527E-06  
              773.37              77.337E-09        178.677E-06  
              774.07              77.407E-09        178.825E-06  
              774.77              77.477E-09        178.972E-06  
              775.47              77.547E-09        179.117E-06  
              776.169             77.617E-09        179.262E-06  
              776.87              77.687E-09        179.405E-06  
              777.57              77.757E-09        179.547E-06  
              778.27              77.827E-09        179.689E-06  
              778.97              77.8969E-09       179.829E-06  
              779.669             77.9669E-09       179.969E-06  
              780.37              78.0369E-09       180.109E-06  
              781.07              78.107E-09        180.247E-06  
              781.77              78.177E-09        180.385E-06  
              782.47              78.247E-09        180.522E-06  
              783.169             78.317E-09        180.658E-06  
              783.87              78.387E-09        180.794E-06  
              784.57              78.457E-09        180.929E-06  
              785.27              78.527E-09        181.063E-06  
              785.97              78.5969E-09       181.196E-06  
              786.669             78.667E-09        181.329E-06  
              787.37              78.737E-09        181.461E-06  
              788.07              78.807E-09        181.592E-06  
              788.77              78.877E-09        181.724E-06  
              789.47              78.947E-09        181.854E-06  
              790.169             79.017E-09        181.985E-06  
              790.87              79.087E-09        182.115E-06  
              791.57              79.157E-09        182.245E-06  
              792.27              79.227E-09        182.374E-06  
              792.97              79.297E-09        182.504E-06  
              793.669             79.367E-09        182.633E-06  
              794.37              79.437E-09        182.761E-06  
              795.07              79.507E-09        182.89E-06   
              795.77              79.577E-09        183.018E-06  
              796.47              79.647E-09        183.146E-06  
              797.169             79.717E-09        183.274E-06  
              797.87              79.787E-09        183.402E-06  
              798.57              79.857E-09        183.529E-06  
              799.27              79.927E-09        183.656E-06  
              799.97              79.9969E-09       183.783E-06  
              800.669             80.0669E-09       183.909E-06  
              801.37              80.137E-09        184.036E-06  
              802.07              80.207E-09        184.162E-06  
              802.77              80.277E-09        184.288E-06  
              803.47              80.347E-09        184.414E-06  
              804.169             80.417E-09        184.54E-06   
              804.87              80.487E-09        184.666E-06  
              805.57              80.557E-09        184.791E-06  
              806.27              80.627E-09        184.916E-06  
              806.97              80.697E-09        185.042E-06  
              807.669             80.7669E-09       185.167E-06  
              808.37              80.837E-09        185.292E-06  
              809.07              80.907E-09        185.417E-06  
              809.77              80.977E-09        185.542E-06  
              810.47              81.047E-09        185.666E-06  
              811.169             81.117E-09        185.791E-06  
              811.87              81.187E-09        185.916E-06  
              812.57              81.257E-09        186.04E-06   
              813.27              81.327E-09        186.164E-06  
              813.97              81.3969E-09       186.289E-06  
              814.669             81.467E-09        186.413E-06  
              815.37              81.537E-09        186.537E-06  
              816.07              81.607E-09        186.662E-06  
              816.77              81.677E-09        186.786E-06  
              817.47              81.747E-09        186.91E-06   
              818.169             81.817E-09        187.035E-06  
              818.87              81.887E-09        187.159E-06  
              819.57              81.957E-09        187.284E-06  
              820.27              82.027E-09        187.408E-06  
              820.97              82.0969E-09       187.533E-06  
              821.669             82.167E-09        187.657E-06  
              822.37              82.237E-09        187.781E-06  
              823.07              82.307E-09        187.906E-06  
              823.77              82.377E-09        188.03E-06   
              824.47              82.447E-09        188.155E-06  
              825.169             82.517E-09        188.279E-06  
              825.87              82.587E-09        188.403E-06  
              826.57              82.657E-09        188.552E-06  
              827.27              82.727E-09        188.659E-06  
              827.97              82.7969E-09       188.78E-06   
              828.669             82.867E-09        188.903E-06  
              829.37              82.937E-09        189.026E-06  
              830.07              83.007E-09        189.15E-06   
              830.77              83.077E-09        189.275E-06  
              831.47              83.147E-09        189.399E-06  
              832.169             83.217E-09        189.523E-06  
              832.87              83.287E-09        189.648E-06  
              833.57              83.3569E-09       189.784E-06  
              834.27              83.427E-09        190.007E-06  
              834.97              83.4969E-09       190.226E-06  
              835.669             83.5669E-09       190.44E-06   
              836.37              83.637E-09        190.645E-06  
              837.07              83.707E-09        190.842E-06  
              837.77              83.777E-09        191.03E-06   
              838.47              83.847E-09        191.213E-06  
              839.169             83.917E-09        191.39E-06   
              839.87              83.987E-09        191.563E-06  
              840.57              84.057E-09        191.733E-06  
              841.27              84.127E-09        191.9E-06    
              841.97              84.197E-09        192.064E-06  
              842.669             84.267E-09        192.226E-06  
              843.37              84.337E-09        192.385E-06  
              844.07              84.407E-09        192.542E-06  
              844.77              84.477E-09        192.696E-06  
              845.47              84.547E-09        192.848E-06  
              846.169             84.617E-09        192.999E-06  
              846.87              84.687E-09        193.148E-06  
              847.57              84.757E-09        193.295E-06  
              848.27              84.827E-09        193.442E-06  
              848.97              84.8969E-09       193.587E-06  
              849.669             84.967E-09        193.451E-06  
              850.37              85.037E-09        193.64E-06   
              851.07              85.107E-09        193.802E-06  
              851.77              85.177E-09        193.978E-06  
              852.47              85.247E-09        194.141E-06  
              853.169             85.317E-09        194.297E-06  
              853.87              85.3869E-09       194.447E-06  
              854.57              85.457E-09        194.594E-06  
              855.27              85.5269E-09       194.738E-06  
              855.97              85.597E-09        194.881E-06  
              856.669             85.667E-09        195.022E-06  
              857.37              85.737E-09        195.162E-06  
              858.07              85.807E-09        195.302E-06  
              858.77              85.877E-09        195.441E-06  
              859.47              85.947E-09        195.58E-06   
              860.169             86.017E-09        195.718E-06  
              860.87              86.087E-09        195.856E-06  
              861.57              86.157E-09        195.994E-06  
              862.27              86.227E-09        196.131E-06  
              862.97              86.297E-09        196.268E-06  
              863.669             86.367E-09        196.405E-06  
              864.37              86.437E-09        196.542E-06  
              865.07              86.507E-09        196.679E-06  
              865.77              86.577E-09        196.815E-06  
              866.47              86.647E-09        196.951E-06  
              867.169             86.7169E-09       197.087E-06  
              867.87              86.787E-09        197.222E-06  
              868.57              86.857E-09        197.357E-06  
              869.27              86.9269E-09       197.493E-06  
              869.97              86.997E-09        197.627E-06  
              870.669             87.067E-09        197.762E-06  
              871.37              87.137E-09        197.897E-06  
              872.07              87.207E-09        198.031E-06  
              872.77              87.277E-09        198.165E-06  
              873.47              87.347E-09        198.299E-06  
              874.169             87.4169E-09       198.433E-06  
              874.87              87.487E-09        198.567E-06  
              875.57              87.557E-09        198.702E-06  
              876.27              87.627E-09        198.836E-06  
              876.97              87.697E-09        198.97E-06   
              877.669             87.767E-09        199.104E-06  
              878.37              87.837E-09        199.238E-06  
              879.07              87.907E-09        199.372E-06  
              879.77              87.977E-09        199.506E-06  
              880.47              88.047E-09        199.64E-06   
              881.169             88.117E-09        199.773E-06  
              881.87              88.187E-09        199.909E-06  
              882.57              88.257E-09        200.06E-06   
              883.27              88.327E-09        200.21E-06   
              883.97              88.397E-09        200.359E-06  
              884.669             88.467E-09        200.508E-06  
              885.37              88.537E-09        200.655E-06  
              886.07              88.607E-09        200.801E-06  
              886.77              88.677E-09        200.947E-06  
              887.47              88.747E-09        201.091E-06  
              888.169             88.817E-09        201.235E-06  
              888.87              88.887E-09        201.379E-06  
              889.57              88.957E-09        201.522E-06  
              890.27              89.0269E-09       201.664E-06  
              890.97              89.097E-09        201.806E-06  
              891.669             89.167E-09        201.948E-06  
              892.37              89.237E-09        202.09E-06   
              893.07              89.307E-09        202.231E-06  
              893.77              89.377E-09        202.372E-06  
              894.47              89.447E-09        202.512E-06  
              895.169             89.517E-09        202.653E-06  
              895.87              89.587E-09        202.793E-06  
              896.57              89.657E-09        202.934E-06  
              897.27              89.727E-09        203.255E-06  
              897.97              89.797E-09        203.621E-06  
              898.669             89.867E-09        203.992E-06  
              899.37              89.937E-09        204.359E-06  
              900.07              90.007E-09        204.72E-06   
              900.77              90.077E-09        205.068E-06  
              901.47              90.1469E-09       205.403E-06  
              902.169             90.217E-09        205.726E-06  
              902.87              90.2869E-09       206.039E-06  
              903.57              90.357E-09        206.342E-06  
              904.27              90.427E-09        206.713E-06  
              904.97              90.497E-09        207.206E-06  
              905.669             90.567E-09        207.698E-06  
              906.37              90.637E-09        208.181E-06  
              907.07              90.707E-09        208.646E-06  
              907.77              90.777E-09        209.09E-06   
              908.47              90.8469E-09       209.649E-06  
              909.169             90.917E-09        210.26E-06   
              909.87              90.987E-09        210.852E-06  
              910.57              91.057E-09        211.418E-06  
              911.27              91.127E-09        211.955E-06  
              911.97              91.197E-09        212.467E-06  
              912.669             91.267E-09        212.949E-06  
              913.37              91.337E-09        213.4E-06    
              914.07              91.407E-09        213.824E-06  
              914.77              91.477E-09        214.226E-06  
              915.47              91.547E-09        214.61E-06   
              916.169             91.617E-09        214.98E-06   
              916.87              91.687E-09        215.337E-06  
              917.57              91.757E-09        215.683E-06  
              918.27              91.827E-09        216.018E-06  
              918.97              91.897E-09        216.342E-06  
              919.669             91.967E-09        216.655E-06  
              920.37              92.037E-09        216.958E-06  
              921.07              92.107E-09        217.252E-06  
              921.77              92.177E-09        217.538E-06  
              922.47              92.247E-09        217.817E-06  
              923.169             92.3169E-09       218.087E-06  
              923.87              92.387E-09        218.351E-06  
              924.57              92.457E-09        218.607E-06  
              925.27              92.527E-09        218.856E-06  
              925.97              92.597E-09        219.099E-06  
              926.669             92.667E-09        219.335E-06  
              927.37              92.737E-09        219.566E-06  
              928.07              92.807E-09        219.791E-06  
              928.77              92.8769E-09       220.011E-06  
              929.47              92.947E-09        220.227E-06  
              930.169             93.017E-09        220.439E-06  
              930.87              93.087E-09        220.648E-06  
              931.57              93.157E-09        220.852E-06  
              932.27              93.227E-09        221.053E-06  
              932.97              93.297E-09        221.251E-06  
              933.669             93.367E-09        221.445E-06  
              934.37              93.437E-09        221.636E-06  
              935.07              93.507E-09        221.825E-06  
              935.77              93.577E-09        222.011E-06  
              936.47              93.6469E-09       222.195E-06  
              937.169             93.717E-09        222.377E-06  
              937.87              93.787E-09        222.557E-06  
              938.57              93.857E-09        222.741E-06  
              939.27              93.927E-09        222.914E-06  
              939.97              93.997E-09        223.088E-06  
              940.669             94.067E-09        223.261E-06  
              941.37              94.137E-09        223.433E-06  
              942.07              94.207E-09        223.604E-06  
              942.77              94.277E-09        223.774E-06  
              943.47              94.3469E-09       223.942E-06  
              944.169             94.417E-09        224.109E-06  
              944.87              94.487E-09        224.275E-06  
              945.57              94.557E-09        224.439E-06  
              946.27              94.627E-09        224.603E-06  
              946.97              94.697E-09        224.765E-06  
              947.669             94.767E-09        224.926E-06  
              948.37              94.837E-09        225.087E-06  
              949.07              94.907E-09        225.246E-06  
              949.77              94.977E-09        225.405E-06  
              950.47              95.047E-09        225.563E-06  
              951.169             95.117E-09        225.72E-06   
              951.87              95.187E-09        225.876E-06  
              952.57              95.257E-09        226.032E-06  
              953.27              95.327E-09        226.188E-06  
              953.97              95.397E-09        226.342E-06  
              954.669             95.467E-09        226.496E-06  
              955.37              95.537E-09        226.65E-06   
              956.07              95.6069E-09       226.803E-06  
              956.77              95.6769E-09       226.956E-06  
              957.47              95.7469E-09       227.108E-06  
              958.169             95.817E-09        227.26E-06   
              958.87              95.887E-09        227.412E-06  
              959.57              95.957E-09        227.563E-06  
              960.27              96.027E-09        227.714E-06  
              960.97              96.097E-09        227.864E-06  
              961.669             96.167E-09        228.014E-06  
              962.37              96.237E-09        228.164E-06  
              963.07              96.307E-09        228.314E-06  
              963.77              96.3769E-09       228.463E-06  
              964.47              96.447E-09        228.612E-06  
              965.169             96.517E-09        228.761E-06  
              965.87              96.587E-09        228.91E-06   
              966.57              96.657E-09        229.058E-06  
              967.27              96.727E-09        229.207E-06  
              967.97              96.797E-09        229.355E-06  
              968.669             96.867E-09        229.503E-06  
              969.37              96.937E-09        229.65E-06   
              970.07              97.007E-09        229.798E-06  
              970.77              97.077E-09        229.946E-06  
              971.47              97.1469E-09       230.093E-06  
              972.169             97.2169E-09       230.24E-06   
              972.87              97.287E-09        230.387E-06  
              973.57              97.357E-09        230.534E-06  
              974.27              97.427E-09        230.68E-06   
              974.97              97.497E-09        230.827E-06  
              975.669             97.567E-09        230.973E-06  
              976.37              97.637E-09        231.118E-06  
              977.07              97.707E-09        231.264E-06  
              977.77              97.7769E-09       231.409E-06  
              978.47              97.847E-09        231.554E-06  
              979.169             97.917E-09        231.698E-06  
              979.87              97.987E-09        231.843E-06  
              980.57              98.057E-09        231.987E-06  
              981.27              98.127E-09        232.131E-06  
              981.97              98.197E-09        232.275E-06  
              982.669             98.267E-09        232.419E-06  
              983.37              98.337E-09        232.562E-06  
              984.07              98.407E-09        232.705E-06  
              984.77              98.477E-09        232.848E-06  
              985.47              98.547E-09        232.99E-06   
              986.169             98.617E-09        233.132E-06  
              986.87              98.687E-09        233.274E-06  
              987.57              98.757E-09        233.416E-06  
              988.27              98.827E-09        233.557E-06  
              988.97              98.897E-09        233.699E-06  
              989.669             98.967E-09        233.84E-06   
              990.37              99.037E-09        233.981E-06  
              991.07              99.1069E-09       234.122E-06  
              991.77              99.177E-09        234.262E-06  
              992.47              99.2469E-09       234.403E-06  
              993.169             99.317E-09        234.543E-06  
              993.87              99.387E-09        234.684E-06  
              994.57              99.457E-09        234.824E-06  
              995.27              99.527E-09        234.964E-06  
              995.97              99.597E-09        235.104E-06  
              996.669             99.667E-09        235.244E-06  
              997.37              99.737E-09        235.384E-06  
              998.07              99.8069E-09       235.524E-06  
              998.77              99.877E-09        235.664E-06  
              999.47              99.947E-09        235.804E-06  
                1.00017E+03      100.E-09           235.084E-06  
                1.00087E+03      100.E-09           231.812E-06  
                1.00157E+03      100.E-09           229.096E-06  
                1.00192E+03      100.E-09           227.931E-06  
                1.00199E+03      100.E-09           227.717E-06  
                1.002E+03        100.E-09           227.677E-06  
                1.00201E+03       99.3319E-09       173.063E-06  
                1.00201E+03       98.6398E-09       115.592E-06  
                1.00202E+03       98.3802E-09        94.0688E-06 
                1.00202E+03       97.9909E-09        62.7886E-06 
                1.00202E+03       97.6989E-09        41.644E-06  
                1.00203E+03       97.4799E-09        25.0793E-06 
                1.00203E+03       97.1514E-09         6.72542E-06
                1.00203E+03       96.9051E-09         1.09708E-06
                1.00203E+03       96.7203E-09         0.         
                1.00203E+03       96.5817E-09         0.         
                1.00203E+03       96.5817E-09         0.         




