
                  X             Displacement          Force      

                0.                -0.                 0.         
                1.E-03           100.E-15             1.08566E-09
                2.E-03           200.E-15           679.41E-12   
                3.5E-03          350.E-15            67.6342E-12 
                5.75E-03         575.E-15             5.33598E-12
                9.125E-03        912.5E-15          524.07E-15   
               14.1875E-03         1.41875E-12       52.3466E-15 
               21.7812E-03         2.17813E-12        5.23341E-15
               33.1719E-03         3.31719E-12      523.388E-18  
               50.2578E-03         5.02578E-12       52.3371E-18 
               75.8867E-03         7.58867E-12        5.23344E-18
              114.33E-03          11.433E-12        523.285E-21  
              171.995E-03         17.1995E-12        52.3247E-21 
              258.493E-03         25.8493E-12         5.23194E-21
              388.239E-03         38.8239E-12       523.123E-24  
              582.859E-03         58.2859E-12        52.302E-24  
              874.788E-03         87.4788E-12         5.22867E-24
                1.31268          131.268E-12        522.639E-27  
                1.96952          196.952E-12         52.2296E-27 
                2.86952          286.952E-12          5.21827E-27
                3.76952          376.952E-12        521.357E-30  
                4.66952          466.952E-12         52.0888E-30 
                5.56952          556.952E-12          5.20418E-30
                6.46952          646.952E-12        519.949E-33  
                7.36952          736.952E-12         51.948E-33  
                8.26952          826.952E-12          5.19011E-33
                9.16952          916.952E-12        518.541E-36  
               10.0695             1.00695E-09      487.811E-09  
               10.9695             1.09695E-09        1.30416E-06
               11.8695             1.18695E-09        2.11992E-06
               12.7695             1.27695E-09        2.93461E-06
               13.6695             1.36695E-09        3.66032E-06
               14.5695             1.45695E-09        4.24052E-06
               15.4695             1.54695E-09        4.6234E-06 
               16.3695             1.63695E-09        4.91806E-06
               17.2695             1.72695E-09        5.18753E-06
               18.1695             1.81695E-09        5.43377E-06
               19.0695             1.90695E-09        5.64918E-06
               19.9695             1.99695E-09        5.83878E-06
               20.8695             2.08695E-09        6.01055E-06
               21.7695             2.17695E-09        6.17076E-06
               22.6695             2.26695E-09        6.32279E-06
               23.5695             2.35695E-09        6.46838E-06
               24.4695             2.44695E-09        6.60922E-06
               25.3695             2.53695E-09        6.74669E-06
               26.2695             2.62695E-09        6.8813E-06 
               27.1695             2.71695E-09        7.01318E-06
               28.0695             2.80695E-09        7.14247E-06
               28.9695             2.89695E-09        7.26927E-06
               29.8695             2.98695E-09        7.39374E-06
               30.7695             3.07695E-09        7.51579E-06
               31.6695             3.16695E-09        7.63532E-06
               32.5695             3.25695E-09        7.75223E-06
               33.4695             3.34695E-09        7.86628E-06
               34.3695             3.43695E-09        7.97707E-06
               35.2695             3.52695E-09        8.08412E-06
               36.1695             3.61695E-09        8.18702E-06
               37.0695             3.70695E-09        8.2857E-06 
               37.9695             3.79695E-09        8.38037E-06
               38.8695             3.88695E-09        8.47132E-06
               39.7695             3.97695E-09        8.5588E-06 
               40.6695             4.06695E-09        8.64294E-06
               41.5695             4.15695E-09        8.72384E-06
               42.4695             4.24695E-09        8.80154E-06
               43.3695             4.33695E-09        8.87609E-06
               44.2695             4.42695E-09        8.9475E-06 
               45.1695             4.51695E-09        9.01584E-06
               46.0695             4.60695E-09        9.08125E-06
               46.9695             4.69695E-09        9.14396E-06
               47.8695             4.78695E-09        9.20424E-06
               48.7695             4.87695E-09        9.26237E-06
               49.6695             4.96695E-09        9.31857E-06
               50.5695             5.05695E-09        9.37304E-06
               51.4695             5.14695E-09        9.42592E-06
               52.3695             5.23695E-09        9.47731E-06
               53.2695             5.32695E-09        9.52727E-06
               54.1695             5.41695E-09        9.57583E-06
               55.0695             5.50695E-09        9.62302E-06
               55.9695             5.59695E-09        9.66893E-06
               56.8695             5.68695E-09        9.71358E-06
               57.7695             5.77695E-09        9.75702E-06
               58.6695             5.86695E-09        9.79932E-06
               59.5695             5.95695E-09        9.84056E-06
               60.4695             6.04695E-09        9.88072E-06
               61.3695             6.13695E-09       10.8907E-06 
               62.2695             6.22695E-09       12.6347E-06 
               63.1695             6.31695E-09       14.3047E-06 
               64.0695             6.40695E-09       15.912E-06  
               64.9695             6.49695E-09       17.4448E-06 
               65.8695             6.58695E-09       18.8866E-06 
               66.7695             6.67695E-09       20.2202E-06 
               67.6695             6.76695E-09       21.4478E-06 
               68.5695             6.85695E-09       22.5611E-06 
               69.4695             6.94695E-09       23.5636E-06 
               70.3695             7.03695E-09       24.4634E-06 
               71.2695             7.12695E-09       25.2571E-06 
               72.1695             7.21695E-09       25.9547E-06 
               73.0695             7.30695E-09       26.5745E-06 
               73.9695             7.39695E-09       27.1313E-06 
               74.8695             7.48695E-09       27.634E-06  
               75.7695             7.57695E-09       28.0927E-06 
               76.6695             7.66695E-09       28.5168E-06 
               77.5695             7.75695E-09       28.9135E-06 
               78.4695             7.84695E-09       29.2868E-06 
               79.3695             7.93695E-09       29.6394E-06 
               80.2695             8.02695E-09       29.9733E-06 
               81.1695             8.11695E-09       30.2906E-06 
               82.0695             8.20695E-09       30.5937E-06 
               82.9695             8.29695E-09       30.8842E-06 
               83.8695             8.38695E-09       31.1633E-06 
               84.7695             8.47695E-09       31.432E-06  
               85.6695             8.56695E-09       31.6908E-06 
               86.5695             8.65695E-09       31.9402E-06 
               87.4695             8.74695E-09       32.1805E-06 
               88.3695             8.83695E-09       32.4124E-06 
               89.2695             8.92695E-09       32.6365E-06 
               90.1695             9.01695E-09       32.8534E-06 
               91.0695             9.10695E-09       33.0636E-06 
               91.9695             9.19695E-09       33.2676E-06 
               92.8695             9.28695E-09       33.4659E-06 
               93.7695             9.37695E-09       33.6589E-06 
               94.6695             9.46695E-09       33.8469E-06 
               95.5695             9.55695E-09       34.0304E-06 
               96.4695             9.64695E-09       34.2096E-06 
               97.3695             9.73695E-09       34.3848E-06 
               98.2695             9.82695E-09       34.556E-06  
               99.1695             9.91695E-09       34.7235E-06 
              100.07              10.007E-09         34.8875E-06 
              100.97              10.097E-09         35.0479E-06 
              101.87              10.187E-09         35.2049E-06 
              102.77              10.277E-09         35.3587E-06 
              103.67              10.367E-09         35.5092E-06 
              104.57              10.457E-09         35.6565E-06 
              105.47              10.547E-09         35.8008E-06 
              106.37              10.637E-09         35.9422E-06 
              107.27              10.727E-09         36.0808E-06 
              108.17              10.817E-09         36.2169E-06 
              109.07              10.907E-09         36.3506E-06 
              109.97              10.997E-09         36.4819E-06 
              110.87              11.087E-09         36.6109E-06 
              111.77              11.177E-09         36.7377E-06 
              112.67              11.267E-09         36.8623E-06 
              113.57              11.357E-09         37.2271E-06 
              114.47              11.447E-09         37.7086E-06 
              115.37              11.537E-09         38.4049E-06 
              116.27              11.627E-09         39.0673E-06 
              117.17              11.717E-09         39.6892E-06 
              118.07              11.807E-09         40.6354E-06 
              118.97              11.897E-09         41.7782E-06 
              119.87              11.987E-09         42.8595E-06 
              120.77              12.077E-09         43.8682E-06 
              121.67              12.167E-09         44.7956E-06 
              122.57              12.257E-09         45.6287E-06 
              123.47              12.347E-09         46.374E-06  
              124.37              12.437E-09         47.0451E-06 
              125.27              12.527E-09         47.6544E-06 
              126.17              12.617E-09         48.213E-06  
              127.07              12.707E-09         48.7272E-06 
              127.97              12.797E-09         49.1998E-06 
              128.87              12.887E-09         49.6343E-06 
              129.77              12.977E-09         50.0348E-06 
              130.67              13.067E-09         50.406E-06  
              131.57              13.157E-09         50.7518E-06 
              132.47              13.247E-09         51.0753E-06 
              133.37              13.337E-09         51.3799E-06 
              134.27              13.427E-09         51.6684E-06 
              135.17              13.517E-09         51.9428E-06 
              136.07              13.607E-09         52.2045E-06 
              136.97              13.697E-09         52.4544E-06 
              137.87              13.787E-09         52.6933E-06 
              138.77              13.877E-09         52.9223E-06 
              139.67              13.967E-09         53.1429E-06 
              140.57              14.057E-09         53.3564E-06 
              141.47              14.147E-09         53.5638E-06 
              142.37              14.237E-09         53.7658E-06 
              143.27              14.327E-09         53.9629E-06 
              144.17              14.417E-09         54.1556E-06 
              145.07              14.507E-09         54.3441E-06 
              145.97              14.597E-09         54.5287E-06 
              146.87              14.687E-09         54.7095E-06 
              147.77              14.777E-09         54.8868E-06 
              148.67              14.867E-09         55.0608E-06 
              149.57              14.957E-09         55.2314E-06 
              150.47              15.047E-09         55.3988E-06 
              151.37              15.137E-09         55.563E-06  
              152.27              15.227E-09         55.7241E-06 
              153.17              15.317E-09         55.8823E-06 
              154.07              15.407E-09         56.038E-06  
              154.97              15.497E-09         56.1912E-06 
              155.87              15.587E-09         56.3423E-06 
              156.77              15.677E-09         56.4913E-06 
              157.67              15.767E-09         56.6383E-06 
              158.57              15.857E-09         56.7835E-06 
              159.47              15.947E-09         56.9271E-06 
              160.37              16.037E-09         57.069E-06  
              161.27              16.127E-09         57.2094E-06 
              162.17              16.217E-09         57.3483E-06 
              163.07              16.307E-09         57.4858E-06 
              163.97              16.397E-09         57.6219E-06 
              164.87              16.487E-09         57.7565E-06 
              165.77              16.577E-09         57.8899E-06 
              166.67              16.667E-09         58.0219E-06 
              167.57              16.757E-09         58.1527E-06 
              168.47              16.847E-09         58.2823E-06 
              169.37              16.937E-09         58.4108E-06 
              170.27              17.027E-09         58.5381E-06 
              171.17              17.117E-09         58.6643E-06 
              172.07              17.207E-09         58.7895E-06 
              172.97              17.297E-09         58.9137E-06 
              173.87              17.387E-09         59.0367E-06 
              174.77              17.477E-09         59.1589E-06 
              175.67              17.567E-09         59.28E-06   
              176.57              17.657E-09         59.4002E-06 
              177.47              17.747E-09         59.5194E-06 
              178.37              17.837E-09         59.6376E-06 
              179.27              17.927E-09         59.755E-06  
              180.17              18.017E-09         59.8714E-06 
              181.07              18.107E-09         59.9869E-06 
              181.97              18.197E-09         60.1015E-06 
              182.87              18.287E-09         60.2154E-06 
              183.77              18.377E-09         60.3286E-06 
              184.67              18.467E-09         60.4411E-06 
              185.57              18.557E-09         60.5529E-06 
              186.47              18.647E-09         60.664E-06  
              187.37              18.737E-09         60.7745E-06 
              188.27              18.827E-09         60.8844E-06 
              189.17              18.917E-09         60.9936E-06 
              190.07              19.007E-09         61.1022E-06 
              190.97              19.097E-09         61.2102E-06 
              191.87              19.187E-09         61.3177E-06 
              192.77              19.277E-09         61.4246E-06 
              193.67              19.367E-09         61.5308E-06 
              194.57              19.457E-09         61.6365E-06 
              195.47              19.547E-09         61.7417E-06 
              196.37              19.637E-09         61.8463E-06 
              197.27              19.727E-09         61.9503E-06 
              198.17              19.817E-09         62.0538E-06 
              199.07              19.907E-09         62.1569E-06 
              199.97              19.997E-09         62.2594E-06 
              200.87              20.087E-09         62.3616E-06 
              201.77              20.177E-09         62.4635E-06 
              202.67              20.267E-09         62.565E-06  
              203.57              20.357E-09         62.6661E-06 
              204.47              20.447E-09         62.767E-06  
              205.37              20.537E-09         62.8676E-06 
              206.27              20.627E-09         62.9678E-06 
              207.17              20.717E-09         63.0675E-06 
              208.07              20.807E-09         63.1669E-06 
              208.97              20.897E-09         63.266E-06  
              209.87              20.987E-09         63.3648E-06 
              210.77              21.077E-09         63.4632E-06 
              211.67              21.167E-09         63.5614E-06 
              212.57              21.257E-09         63.6593E-06 
              213.47              21.347E-09         63.757E-06  
              214.37              21.437E-09         63.8544E-06 
              215.27              21.527E-09         63.9513E-06 
              216.17              21.617E-09         64.0479E-06 
              217.07              21.707E-09         64.1442E-06 
              217.97              21.797E-09         64.24E-06   
              218.87              21.887E-09         64.3355E-06 
              219.77              21.977E-09         64.4307E-06 
              220.67              22.067E-09         64.5256E-06 
              221.57              22.157E-09         64.6204E-06 
              222.47              22.247E-09         64.7151E-06 
              223.37              22.337E-09         64.8096E-06 
              224.27              22.427E-09         64.9039E-06 
              225.17              22.517E-09         64.998E-06  
              226.07              22.607E-09         65.0919E-06 
              226.97              22.697E-09         65.1856E-06 
              227.87              22.787E-09         65.279E-06  
              228.77              22.877E-09         65.3725E-06 
              229.67              22.967E-09         65.466E-06  
              230.57              23.057E-09         65.5597E-06 
              231.47              23.147E-09         65.6533E-06 
              232.37              23.237E-09         65.9591E-06 
              233.27              23.327E-09         66.4556E-06 
              234.17              23.417E-09         67.0887E-06 
              235.07              23.507E-09         67.9398E-06 
              235.97              23.597E-09         68.7745E-06 
              236.87              23.687E-09         69.5661E-06 
              237.77              23.777E-09         70.3107E-06 
              238.67              23.867E-09         71.0031E-06 
              239.57              23.957E-09         71.6393E-06 
              240.47              24.047E-09         72.2249E-06 
              241.37              24.137E-09         72.7633E-06 
              242.27              24.227E-09         73.2542E-06 
              243.17              24.317E-09         73.7039E-06 
              244.07              24.407E-09         74.1193E-06 
              244.97              24.497E-09         74.5048E-06 
              245.87              24.587E-09         74.8645E-06 
              246.77              24.677E-09         75.2014E-06 
              247.67              24.767E-09         75.5158E-06 
              248.57              24.857E-09         75.8081E-06 
              249.47              24.947E-09         76.08E-06   
              250.37              25.037E-09         76.3332E-06 
              251.27              25.127E-09         76.5693E-06 
              252.17              25.217E-09         76.7907E-06 
              253.07              25.307E-09         76.9996E-06 
              253.97              25.397E-09         77.198E-06  
              254.87              25.487E-09         77.3878E-06 
              255.77              25.577E-09         77.5704E-06 
              256.67              25.667E-09         77.7473E-06 
              257.57              25.757E-09         77.9191E-06 
              258.47              25.847E-09         78.0864E-06 
              259.37              25.937E-09         78.2497E-06 
              260.27              26.027E-09         78.4093E-06 
              261.17              26.117E-09         78.6846E-06 
              262.07              26.207E-09         78.9736E-06 
              262.97              26.297E-09         79.2518E-06 
              263.87              26.387E-09         79.5178E-06 
              264.77              26.477E-09         79.7838E-06 
              265.67              26.567E-09         80.1558E-06 
              266.57              26.657E-09         80.5191E-06 
              267.47              26.747E-09         80.8669E-06 
              268.37              26.837E-09         81.1997E-06 
              269.27              26.927E-09         81.5167E-06 
              270.17              27.017E-09         81.8183E-06 
              271.07              27.107E-09         82.105E-06  
              271.97              27.197E-09         82.3778E-06 
              272.87              27.287E-09         82.6374E-06 
              273.77              27.377E-09         82.8847E-06 
              274.67              27.467E-09         83.1206E-06 
              275.57              27.557E-09         83.3459E-06 
              276.47              27.647E-09         83.5609E-06 
              277.37              27.737E-09         83.7674E-06 
              278.27              27.827E-09         83.966E-06  
              279.17              27.917E-09         84.1575E-06 
              280.07              28.007E-09         84.3429E-06 
              280.97              28.097E-09         84.5226E-06 
              281.87              28.187E-09         84.6959E-06 
              282.77              28.277E-09         84.8635E-06 
              283.67              28.367E-09         85.0264E-06 
              284.57              28.457E-09         85.185E-06  
              285.47              28.547E-09         85.3397E-06 
              286.37              28.637E-09         85.4951E-06 
              287.27              28.727E-09         85.6394E-06 
              288.17              28.817E-09         85.7823E-06 
              289.07              28.907E-09         85.9224E-06 
              289.97              28.997E-09         86.0598E-06 
              290.87              29.087E-09         86.1948E-06 
              291.77              29.177E-09         86.3278E-06 
              292.67              29.267E-09         86.4589E-06 
              293.57              29.357E-09         86.5883E-06 
              294.47              29.447E-09         86.7163E-06 
              295.37              29.537E-09         86.8429E-06 
              296.27              29.627E-09         86.9684E-06 
              297.17              29.717E-09         87.0934E-06 
              298.07              29.807E-09         87.2173E-06 
              298.97              29.897E-09         87.3401E-06 
              299.87              29.987E-09         87.8022E-06 
              300.77              30.077E-09         87.7332E-06 
              301.67              30.167E-09         87.7677E-06 
              302.57              30.257E-09         87.8554E-06 
              303.47              30.347E-09         87.9586E-06 
              304.37              30.437E-09         88.0683E-06 
              305.27              30.527E-09         88.1803E-06 
              306.17              30.617E-09         88.2932E-06 
              307.07              30.707E-09         88.4063E-06 
              307.97              30.797E-09         88.6035E-06 
              308.87              30.887E-09         89.007E-06  
              309.77              30.977E-09         89.3988E-06 
              310.67              31.067E-09         89.7723E-06 
              311.57              31.157E-09         90.1252E-06 
              312.47              31.247E-09         90.4576E-06 
              313.37              31.337E-09         90.8607E-06 
              314.27              31.427E-09         91.375E-06  
              315.17              31.517E-09         92.0437E-06 
              316.07              31.607E-09         92.7015E-06 
              316.97              31.697E-09         93.3219E-06 
              317.87              31.787E-09         93.9061E-06 
              318.77              31.877E-09         94.4562E-06 
              319.67              31.967E-09         94.9747E-06 
              320.57              32.057E-09         95.5938E-06 
              321.47              32.147E-09         96.3251E-06 
              322.37              32.237E-09         97.0322E-06 
              323.27              32.327E-09         97.7041E-06 
              324.17              32.417E-09         98.3361E-06 
              325.07              32.507E-09         98.9228E-06 
              325.97              32.597E-09         99.4632E-06 
              326.87              32.687E-09         99.9629E-06 
              327.77              32.777E-09        100.428E-06  
              328.67              32.867E-09        100.865E-06  
              329.57              32.957E-09        101.277E-06  
              330.47              33.047E-09        101.666E-06  
              331.37              33.137E-09        102.035E-06  
              332.27              33.227E-09        102.386E-06  
              333.17              33.317E-09        102.72E-06   
              334.07              33.407E-09        103.039E-06  
              334.97              33.497E-09        103.344E-06  
              335.87              33.587E-09        103.636E-06  
              336.77              33.677E-09        103.916E-06  
              337.67              33.767E-09        104.185E-06  
              338.57              33.8569E-09       104.445E-06  
              339.47              33.947E-09        104.696E-06  
              340.37              34.037E-09        104.939E-06  
              341.27              34.127E-09        105.174E-06  
              342.17              34.217E-09        105.401E-06  
              343.07              34.307E-09        105.623E-06  
              343.97              34.397E-09        105.838E-06  
              344.87              34.487E-09        106.049E-06  
              345.77              34.577E-09        106.255E-06  
              346.67              34.667E-09        106.457E-06  
              347.57              34.757E-09        106.9E-06    
              348.47              34.847E-09        106.953E-06  
              349.37              34.937E-09        107.088E-06  
              350.27              35.027E-09        107.254E-06  
              351.17              35.117E-09        107.429E-06  
              352.07              35.207E-09        107.607E-06  
              352.97              35.297E-09        107.784E-06  
              353.87              35.387E-09        107.96E-06   
              354.77              35.4769E-09       108.134E-06  
              355.67              35.567E-09        108.306E-06  
              356.57              35.657E-09        108.476E-06  
              357.47              35.747E-09        108.645E-06  
              358.37              35.8369E-09       108.812E-06  
              359.27              35.9269E-09       108.977E-06  
              360.17              36.017E-09        109.14E-06   
              361.07              36.107E-09        109.302E-06  
              361.97              36.1969E-09       109.463E-06  
              362.87              36.2869E-09       109.623E-06  
              363.77              36.377E-09        109.782E-06  
              364.67              36.467E-09        109.94E-06   
              365.57              36.557E-09        110.097E-06  
              366.47              36.647E-09        110.253E-06  
              367.37              36.737E-09        110.41E-06   
              368.27              36.827E-09        110.565E-06  
              369.17              36.917E-09        110.719E-06  
              370.07              37.007E-09        110.872E-06  
              370.97              37.097E-09        111.024E-06  
              371.87              37.187E-09        111.176E-06  
              372.77              37.277E-09        111.327E-06  
              373.67              37.367E-09        111.478E-06  
              374.57              37.457E-09        111.627E-06  
              375.47              37.547E-09        111.776E-06  
              376.37              37.637E-09        111.924E-06  
              377.27              37.727E-09        112.071E-06  
              377.495             37.7495E-09       112.108E-06  
              377.832             37.7832E-09       112.163E-06  
              378.338             37.8338E-09       112.05E-06   
              379.098             37.9098E-09       112.357E-06  
              379.323             37.9323E-09       112.341E-06  
              379.66              37.966E-09        112.417E-06  
              380.166             38.0166E-09       112.255E-06  
              380.926             38.0926E-09       112.551E-06  
              381.826             38.1826E-09       112.728E-06  
              382.726             38.2726E-09       112.928E-06  
              383.626             38.3626E-09       113.111E-06  
              384.526             38.4526E-09       113.28E-06   
              385.426             38.5426E-09       113.442E-06  
              386.326             38.6326E-09       113.597E-06  
              387.226             38.7226E-09       113.747E-06  
              388.126             38.8126E-09       113.894E-06  
              389.026             38.9026E-09       114.038E-06  
              389.926             38.9926E-09       114.181E-06  
              390.826             39.0826E-09       114.322E-06  
              391.726             39.1726E-09       114.462E-06  
              392.626             39.2626E-09       114.601E-06  
              393.526             39.3526E-09       114.74E-06   
              394.426             39.4426E-09       114.877E-06  
              395.326             39.5326E-09       115.014E-06  
              396.226             39.6226E-09       115.151E-06  
              397.126             39.7126E-09       115.287E-06  
              398.026             39.8026E-09       115.423E-06  
              398.926             39.8926E-09       115.558E-06  
              399.826             39.9826E-09       115.692E-06  
              400.726             40.0726E-09       115.826E-06  
              401.626             40.1626E-09       115.96E-06   
              402.526             40.2526E-09       116.093E-06  
              403.426             40.3426E-09       116.226E-06  
              404.326             40.4326E-09       116.359E-06  
              405.226             40.5226E-09       116.491E-06  
              406.126             40.6126E-09       116.623E-06  
              407.026             40.7026E-09       116.755E-06  
              407.926             40.7926E-09       116.848E-06  
              408.826             40.8826E-09       117.001E-06  
              409.726             40.9726E-09       117.142E-06  
              410.626             41.0626E-09       117.279E-06  
              411.526             41.1526E-09       117.414E-06  
              412.426             41.2426E-09       117.547E-06  
              413.326             41.3326E-09       117.679E-06  
              414.226             41.4226E-09       117.81E-06   
              415.126             41.5126E-09       117.941E-06  
              416.026             41.6026E-09       118.071E-06  
              416.926             41.6926E-09       118.201E-06  
              417.826             41.7826E-09       118.331E-06  
              418.726             41.8726E-09       118.461E-06  
              419.626             41.9626E-09       118.59E-06   
              420.526             42.0526E-09       118.718E-06  
              421.426             42.1426E-09       118.847E-06  
              422.326             42.2326E-09       118.975E-06  
              423.226             42.3226E-09       119.103E-06  
              424.126             42.4126E-09       119.23E-06   
              425.026             42.5026E-09       119.358E-06  
              425.926             42.5926E-09       119.486E-06  
              426.826             42.6826E-09       119.614E-06  
              427.726             42.7726E-09       119.742E-06  
              428.626             42.8626E-09       119.87E-06   
              429.526             42.9526E-09       119.998E-06  
              430.426             43.0426E-09       120.125E-06  
              431.326             43.1326E-09       120.252E-06  
              432.226             43.2226E-09       120.378E-06  
              433.126             43.3126E-09       120.505E-06  
              434.026             43.4026E-09       120.631E-06  
              434.926             43.4926E-09       120.758E-06  
              435.826             43.5826E-09       120.884E-06  
              436.726             43.6726E-09       121.009E-06  
              437.626             43.7626E-09       121.135E-06  
              438.526             43.8526E-09       121.261E-06  
              439.426             43.9426E-09       121.387E-06  
              440.326             44.0326E-09       121.512E-06  
              441.226             44.1226E-09       121.638E-06  
              442.126             44.2126E-09       121.763E-06  
              443.026             44.3026E-09       121.889E-06  
              443.926             44.3926E-09       122.014E-06  
              444.826             44.4826E-09       122.14E-06   
              445.726             44.5726E-09       122.265E-06  
              446.626             44.6626E-09       122.391E-06  
              447.526             44.7526E-09       122.517E-06  
              448.426             44.8426E-09       122.643E-06  
              449.326             44.9326E-09       122.769E-06  
              450.226             45.0226E-09       122.895E-06  
              451.126             45.1126E-09       123.022E-06  
              452.026             45.2026E-09       123.148E-06  
              452.926             45.2926E-09       123.274E-06  
              453.826             45.3826E-09       123.401E-06  
              454.726             45.4726E-09       123.527E-06  
              455.626             45.5626E-09       123.653E-06  
              456.526             45.6526E-09       123.779E-06  
              457.426             45.7426E-09       123.905E-06  
              458.326             45.8326E-09       124.031E-06  
              459.226             45.9226E-09       124.156E-06  
              460.126             46.0126E-09       124.282E-06  
              461.026             46.1026E-09       124.407E-06  
              461.926             46.1926E-09       124.533E-06  
              462.826             46.2826E-09       124.658E-06  
              463.726             46.3726E-09       124.783E-06  
              464.626             46.4626E-09       124.908E-06  
              465.526             46.5526E-09       125.033E-06  
              466.426             46.6426E-09       125.158E-06  
              467.326             46.7326E-09       125.284E-06  
              468.226             46.8226E-09       125.409E-06  
              469.126             46.9126E-09       125.534E-06  
              470.026             47.0026E-09       125.659E-06  
              470.926             47.0926E-09       125.784E-06  
              471.826             47.1826E-09       125.909E-06  
              472.726             47.2726E-09       126.035E-06  
              473.626             47.3626E-09       126.16E-06   
              474.526             47.4526E-09       126.285E-06  
              475.426             47.5426E-09       126.41E-06   
              476.326             47.6326E-09       126.535E-06  
              477.226             47.7226E-09       126.66E-06   
              478.126             47.8126E-09       126.785E-06  
              479.026             47.9026E-09       126.99E-06   
              479.926             47.9926E-09       127.059E-06  
              480.826             48.0826E-09       127.432E-06  
              481.726             48.1726E-09       127.917E-06  
              482.626             48.2626E-09       128.399E-06  
              483.526             48.3526E-09       128.869E-06  
              484.426             48.4426E-09       129.321E-06  
              485.326             48.5326E-09       129.742E-06  
              486.226             48.6226E-09       130.13E-06   
              487.126             48.7126E-09       130.494E-06  
              488.026             48.8026E-09       130.833E-06  
              488.926             48.8926E-09       131.142E-06  
              489.826             48.9826E-09       131.427E-06  
              490.726             49.0726E-09       131.695E-06  
              491.626             49.1626E-09       131.949E-06  
              492.526             49.2526E-09       132.191E-06  
              493.426             49.3426E-09       132.423E-06  
              494.326             49.4326E-09       132.646E-06  
              495.226             49.5226E-09       132.86E-06   
              496.126             49.6126E-09       133.066E-06  
              497.026             49.7026E-09       133.263E-06  
              497.926             49.7926E-09       133.452E-06  
              498.826             49.8826E-09       133.634E-06  
              499.726             49.9726E-09       133.81E-06   
              500.626             50.0626E-09       133.981E-06  
              501.526             50.1526E-09       134.148E-06  
              502.426             50.2426E-09       134.312E-06  
              503.326             50.3326E-09       134.472E-06  
              504.226             50.4226E-09       134.629E-06  
              505.126             50.5126E-09       134.783E-06  
              506.026             50.6026E-09       134.935E-06  
              506.926             50.6926E-09       135.084E-06  
              507.826             50.7826E-09       135.231E-06  
              508.726             50.8726E-09       135.376E-06  
              509.626             50.9626E-09       135.519E-06  
              510.526             51.0526E-09       135.661E-06  
              511.426             51.1426E-09       135.802E-06  
              512.326             51.2326E-09       135.941E-06  
              513.226             51.3226E-09       136.08E-06   
              514.126             51.4126E-09       136.217E-06  
              515.026             51.5026E-09       136.353E-06  
              515.926             51.5926E-09       136.488E-06  
              516.826             51.6826E-09       136.623E-06  
              517.726             51.7726E-09       136.757E-06  
              518.626             51.8626E-09       136.891E-06  
              519.526             51.9526E-09       137.024E-06  
              520.426             52.0426E-09       137.156E-06  
              521.326             52.1326E-09       137.287E-06  
              522.226             52.2226E-09       137.419E-06  
              523.126             52.3126E-09       137.55E-06   
              524.026             52.4026E-09       137.68E-06   
              524.926             52.4926E-09       137.81E-06   
              525.826             52.5826E-09       137.94E-06   
              526.726             52.6726E-09       138.07E-06   
              527.626             52.7626E-09       138.199E-06  
              528.526             52.8526E-09       138.328E-06  
              529.426             52.9426E-09       138.457E-06  
              530.326             53.0326E-09       138.586E-06  
              531.226             53.1226E-09       138.714E-06  
              532.126             53.2126E-09       138.842E-06  
              533.026             53.3026E-09       138.97E-06   
              533.926             53.3926E-09       139.098E-06  
              534.826             53.4826E-09       139.225E-06  
              535.726             53.5726E-09       139.352E-06  
              536.626             53.6626E-09       139.479E-06  
              537.526             53.7526E-09       139.606E-06  
              538.426             53.8426E-09       139.733E-06  
              539.326             53.9326E-09       139.859E-06  
              540.226             54.0226E-09       139.986E-06  
              541.126             54.1126E-09       140.113E-06  
              542.026             54.2026E-09       140.24E-06   
              542.926             54.2926E-09       140.367E-06  
              543.826             54.3826E-09       140.494E-06  
              544.726             54.4726E-09       140.621E-06  
              545.626             54.5626E-09       140.748E-06  
              546.526             54.6526E-09       140.875E-06  
              547.426             54.7426E-09       141.002E-06  
              548.326             54.8326E-09       141.129E-06  
              549.226             54.9226E-09       141.255E-06  
              550.126             55.0126E-09       141.382E-06  
              551.026             55.1026E-09       141.509E-06  
              551.926             55.1926E-09       141.636E-06  
              552.826             55.2826E-09       141.763E-06  
              553.726             55.3726E-09       141.89E-06   
              554.626             55.4626E-09       142.017E-06  
              555.526             55.5526E-09       142.143E-06  
              556.426             55.6426E-09       142.27E-06   
              557.326             55.7326E-09       142.396E-06  
              558.226             55.8226E-09       142.523E-06  
              559.126             55.9126E-09       142.63E-06   
              560.026             56.0026E-09       142.769E-06  
              560.926             56.0926E-09       142.901E-06  
              561.826             56.1826E-09       143.031E-06  
              562.726             56.2726E-09       143.159E-06  
              563.626             56.3626E-09       143.286E-06  
              564.526             56.4526E-09       143.413E-06  
              565.426             56.5426E-09       143.54E-06   
              566.326             56.6326E-09       143.667E-06  
              567.226             56.7226E-09       143.795E-06  
              568.126             56.8126E-09       143.922E-06  
              569.026             56.9026E-09       144.157E-06  
              569.926             56.9926E-09       144.642E-06  
              570.826             57.0826E-09       145.128E-06  
              571.726             57.1726E-09       145.603E-06  
              572.626             57.2626E-09       146.062E-06  
              573.526             57.3526E-09       146.505E-06  
              574.426             57.4426E-09       146.921E-06  
              575.326             57.5326E-09       147.301E-06  
              576.226             57.6226E-09       147.649E-06  
              577.126             57.7126E-09       147.975E-06  
              578.026             57.8026E-09       148.282E-06  
              578.926             57.8926E-09       148.642E-06  
              579.826             57.9826E-09       149.109E-06  
              580.726             58.0726E-09       149.564E-06  
              581.626             58.1626E-09       149.996E-06  
              582.526             58.2526E-09       150.404E-06  
              583.426             58.3426E-09       150.787E-06  
              584.326             58.4326E-09       151.149E-06  
              585.226             58.5226E-09       151.571E-06  
              586.126             58.6126E-09       151.973E-06  
              587.026             58.7026E-09       152.381E-06  
              587.926             58.7926E-09       153.019E-06  
              588.826             58.8826E-09       153.662E-06  
              589.726             58.9726E-09       154.288E-06  
              590.626             59.0626E-09       154.892E-06  
              591.526             59.1526E-09       155.458E-06  
              592.426             59.2426E-09       155.982E-06  
              593.326             59.3326E-09       156.47E-06   
              594.226             59.4226E-09       156.921E-06  
              595.126             59.5126E-09       157.342E-06  
              596.026             59.6026E-09       157.738E-06  
              596.926             59.6926E-09       158.114E-06  
              597.826             59.7826E-09       158.47E-06   
              598.726             59.8726E-09       158.811E-06  
              599.626             59.9626E-09       159.139E-06  
              600.526             60.0526E-09       159.454E-06  
              601.426             60.1426E-09       159.76E-06   
              602.326             60.2326E-09       160.055E-06  
              603.226             60.3226E-09       160.342E-06  
              604.126             60.4126E-09       160.64E-06   
              605.026             60.5026E-09       160.943E-06  
              605.926             60.5926E-09       161.237E-06  
              606.826             60.6826E-09       161.521E-06  
              607.726             60.7726E-09       161.797E-06  
              608.626             60.8626E-09       162.065E-06  
              609.526             60.9526E-09       162.326E-06  
              610.426             61.0426E-09       162.581E-06  
              611.326             61.1326E-09       162.831E-06  
              612.226             61.2226E-09       163.075E-06  
              613.126             61.3126E-09       163.315E-06  
              614.026             61.4026E-09       163.551E-06  
              614.926             61.4926E-09       163.783E-06  
              615.826             61.5826E-09       164.012E-06  
              616.726             61.6726E-09       164.238E-06  
              617.626             61.7626E-09       164.46E-06   
              618.526             61.8526E-09       164.678E-06  
              619.426             61.9426E-09       164.894E-06  
              620.326             62.0326E-09       165.107E-06  
              621.226             62.1226E-09       165.317E-06  
              622.126             62.2126E-09       165.524E-06  
              623.026             62.3026E-09       165.729E-06  
              623.926             62.3926E-09       165.932E-06  
              624.826             62.4826E-09       166.132E-06  
              625.726             62.5726E-09       166.331E-06  
              626.626             62.6626E-09       166.527E-06  
              627.526             62.7526E-09       166.722E-06  
              628.426             62.8426E-09       166.915E-06  
              629.326             62.9326E-09       167.106E-06  
              630.226             63.0226E-09       167.34E-06   
              631.126             63.1126E-09       167.498E-06  
              632.026             63.2026E-09       167.679E-06  
              632.926             63.2926E-09       167.862E-06  
              633.826             63.3826E-09       168.045E-06  
              634.726             63.4726E-09       168.227E-06  
              635.626             63.5626E-09       168.409E-06  
              636.526             63.6526E-09       168.336E-06  
              637.426             63.7426E-09       168.602E-06  
              638.326             63.8326E-09       168.791E-06  
              639.226             63.9226E-09       169.009E-06  
              640.126             64.0126E-09       169.212E-06  
              641.026             64.1026E-09       169.406E-06  
              641.926             64.1926E-09       169.613E-06  
              642.826             64.2826E-09       169.813E-06  
              643.726             64.3726E-09       170.009E-06  
              644.626             64.4626E-09       170.201E-06  
              645.526             64.5526E-09       170.39E-06   
              646.426             64.6426E-09       170.576E-06  
              647.326             64.7326E-09       170.76E-06   
              648.226             64.8226E-09       170.941E-06  
              649.126             64.9126E-09       171.121E-06  
              650.026             65.0026E-09       171.299E-06  
              650.926             65.0926E-09       171.476E-06  
              651.826             65.1826E-09       171.651E-06  
              652.726             65.2726E-09       171.825E-06  
              653.626             65.3626E-09       171.998E-06  
              654.526             65.4526E-09       172.17E-06   
              655.426             65.5426E-09       172.342E-06  
              656.326             65.6326E-09       172.512E-06  
              657.226             65.7226E-09       172.682E-06  
              658.126             65.8126E-09       172.851E-06  
              659.026             65.9026E-09       173.019E-06  
              659.926             65.9926E-09       173.186E-06  
              660.826             66.0826E-09       173.354E-06  
              661.726             66.1726E-09       173.52E-06   
              662.626             66.2626E-09       173.687E-06  
              663.526             66.3526E-09       173.853E-06  
              664.426             66.4426E-09       174.019E-06  
              665.326             66.5326E-09       174.202E-06  
              666.226             66.6226E-09       174.389E-06  
              667.126             66.7126E-09       174.571E-06  
              668.026             66.8026E-09       174.75E-06   
              668.926             66.8926E-09       174.925E-06  
              669.826             66.9826E-09       175.099E-06  
              670.726             67.0726E-09       175.271E-06  
              671.626             67.1626E-09       175.441E-06  
              672.526             67.2526E-09       175.611E-06  
              673.426             67.3426E-09       175.78E-06   
              674.326             67.4326E-09       175.948E-06  
              675.226             67.5226E-09       176.115E-06  
              676.126             67.6126E-09       176.282E-06  
              677.026             67.7026E-09       176.449E-06  
              677.926             67.7926E-09       176.615E-06  
              678.826             67.8826E-09       176.782E-06  
              679.726             67.9726E-09       176.947E-06  
              680.626             68.0626E-09       177.113E-06  
              681.526             68.1526E-09       177.279E-06  
              682.426             68.2426E-09       177.444E-06  
              683.326             68.3326E-09       177.61E-06   
              684.226             68.4226E-09       177.775E-06  
              685.126             68.5126E-09       177.941E-06  
              686.026             68.6026E-09       178.106E-06  
              686.926             68.6926E-09       178.271E-06  
              687.826             68.7826E-09       178.436E-06  
              688.726             68.8726E-09       178.6E-06    
              689.626             68.9626E-09       178.764E-06  
              690.526             69.0526E-09       178.928E-06  
              691.426             69.1426E-09       179.092E-06  
              692.326             69.2326E-09       179.255E-06  
              693.226             69.3226E-09       179.419E-06  
              694.126             69.4126E-09       179.583E-06  
              695.026             69.5026E-09       179.746E-06  
              695.926             69.5926E-09       179.91E-06   
              696.826             69.6826E-09       180.073E-06  
              697.726             69.7726E-09       180.237E-06  
              698.626             69.8626E-09       180.401E-06  
              699.526             69.9526E-09       180.565E-06  
              700.426             70.0426E-09       180.729E-06  
              701.326             70.1326E-09       180.893E-06  
              702.226             70.2226E-09       181.058E-06  
              703.126             70.3126E-09       181.222E-06  
              704.026             70.4026E-09       181.386E-06  
              704.926             70.4926E-09       181.55E-06   
              705.826             70.5826E-09       181.713E-06  
              706.726             70.6726E-09       181.877E-06  
              707.626             70.7626E-09       182.041E-06  
              708.526             70.8526E-09       182.205E-06  
              709.426             70.9426E-09       182.369E-06  
              710.326             71.0326E-09       182.532E-06  
              711.226             71.1226E-09       182.696E-06  
              712.126             71.2126E-09       182.86E-06   
              713.026             71.3026E-09       183.023E-06  
              713.926             71.3926E-09       183.187E-06  
              714.826             71.4826E-09       183.351E-06  
              715.726             71.5726E-09       183.516E-06  
              716.626             71.6626E-09       183.68E-06   
              717.526             71.7526E-09       183.845E-06  
              718.426             71.8426E-09       184.01E-06   
              719.326             71.9326E-09       184.174E-06  
              720.226             72.0226E-09       184.339E-06  
              721.126             72.1126E-09       184.503E-06  
              722.026             72.2026E-09       184.667E-06  
              722.926             72.2926E-09       184.831E-06  
              723.826             72.3826E-09       184.995E-06  
              724.726             72.4726E-09       185.159E-06  
              725.626             72.5626E-09       185.323E-06  
              726.526             72.6526E-09       185.487E-06  
              727.426             72.7426E-09       185.651E-06  
              728.326             72.8326E-09       185.815E-06  
              729.226             72.9226E-09       185.98E-06   
              730.126             73.0126E-09       186.144E-06  
              731.026             73.1026E-09       186.308E-06  
              731.926             73.1926E-09       186.473E-06  
              732.826             73.2826E-09       186.637E-06  
              733.726             73.3726E-09       186.802E-06  
              734.626             73.4626E-09       186.966E-06  
              735.526             73.5526E-09       187.131E-06  
              736.426             73.6426E-09       187.296E-06  
              737.326             73.7326E-09       187.46E-06   
              738.226             73.8226E-09       187.625E-06  
              739.126             73.9126E-09       187.791E-06  
              740.026             74.0026E-09       187.956E-06  
              740.926             74.0926E-09       188.121E-06  
              741.826             74.1826E-09       188.287E-06  
              742.726             74.2726E-09       188.452E-06  
              743.626             74.3626E-09       188.618E-06  
              744.526             74.4526E-09       188.784E-06  
              745.426             74.5426E-09       188.95E-06   
              746.326             74.6326E-09       189.117E-06  
              747.226             74.7226E-09       189.283E-06  
              748.126             74.8126E-09       189.45E-06   
              749.026             74.9026E-09       189.624E-06  
              749.926             74.9926E-09       189.798E-06  
              750.826             75.0826E-09       189.97E-06   
              751.726             75.1726E-09       190.139E-06  
              752.626             75.2626E-09       190.308E-06  
              753.526             75.3526E-09       190.492E-06  
              754.426             75.4426E-09       190.653E-06  
              755.326             75.5326E-09       190.817E-06  
              756.226             75.6226E-09       190.983E-06  
              757.126             75.7126E-09       191.15E-06   
              758.026             75.8026E-09       191.316E-06  
              758.926             75.8926E-09       191.483E-06  
              759.826             75.9826E-09       191.65E-06   
              760.726             76.0726E-09       191.817E-06  
              761.626             76.1626E-09       191.984E-06  
              762.526             76.2526E-09       192.151E-06  
              763.426             76.3426E-09       192.319E-06  
              764.326             76.4326E-09       192.653E-06  
              765.226             76.5226E-09       192.995E-06  
              766.126             76.6126E-09       193.33E-06   
              767.026             76.7026E-09       193.658E-06  
              767.926             76.7926E-09       193.976E-06  
              768.826             76.8826E-09       194.28E-06   
              769.726             76.9726E-09       194.57E-06   
              770.626             77.0626E-09       194.85E-06   
              771.526             77.1526E-09       195.12E-06   
              772.426             77.2426E-09       195.381E-06  
              773.326             77.3326E-09       195.633E-06  
              774.226             77.4226E-09       195.876E-06  
              775.126             77.5126E-09       196.114E-06  
              776.026             77.6026E-09       196.344E-06  
              776.926             77.6926E-09       196.57E-06   
              777.826             77.7826E-09       196.792E-06  
              778.726             77.8726E-09       197.055E-06  
              779.626             77.9626E-09       197.26E-06   
              780.526             78.0526E-09       197.767E-06  
              781.426             78.1426E-09       198.115E-06  
              782.326             78.2326E-09       198.471E-06  
              783.226             78.3226E-09       198.815E-06  
              784.126             78.4126E-09       199.143E-06  
              785.026             78.5026E-09       199.458E-06  
              785.926             78.5926E-09       199.76E-06   
              786.826             78.6826E-09       200.053E-06  
              787.726             78.7726E-09       200.336E-06  
              788.626             78.8626E-09       200.612E-06  
              789.526             78.9526E-09       200.88E-06   
              790.426             79.0426E-09       201.142E-06  
              791.326             79.1326E-09       201.398E-06  
              792.226             79.2226E-09       201.649E-06  
              793.126             79.3126E-09       201.895E-06  
              794.026             79.4026E-09       202.137E-06  
              794.926             79.4926E-09       202.376E-06  
              795.826             79.5826E-09       202.612E-06  
              796.726             79.6726E-09       202.845E-06  
              797.626             79.7626E-09       203.076E-06  
              798.526             79.8526E-09       203.306E-06  
              799.426             79.9426E-09       203.533E-06  
              800.326             80.0326E-09       203.759E-06  
              801.226             80.1226E-09       203.983E-06  
              802.126             80.2126E-09       204.205E-06  
              803.026             80.3026E-09       204.426E-06  
              803.926             80.3926E-09       204.645E-06  
              804.826             80.4826E-09       204.862E-06  
              805.726             80.5726E-09       205.079E-06  
              806.626             80.6626E-09       205.294E-06  
              807.526             80.7526E-09       205.508E-06  
              808.426             80.8426E-09       205.726E-06  
              809.326             80.9326E-09       205.938E-06  
              810.226             81.0226E-09       206.15E-06   
              811.126             81.1126E-09       206.361E-06  
              812.026             81.2026E-09       206.572E-06  
              812.926             81.2926E-09       206.782E-06  
              813.826             81.3826E-09       206.991E-06  
              814.726             81.4726E-09       207.2E-06    
              815.626             81.5626E-09       207.408E-06  
              816.526             81.6526E-09       207.615E-06  
              817.426             81.7426E-09       207.823E-06  
              818.326             81.8326E-09       208.03E-06   
              819.226             81.9226E-09       208.236E-06  
              820.126             82.0126E-09       208.443E-06  
              821.026             82.1026E-09       208.649E-06  
              821.926             82.1926E-09       208.854E-06  
              822.826             82.2826E-09       209.059E-06  
              823.726             82.3726E-09       209.264E-06  
              824.626             82.4626E-09       209.469E-06  
              825.526             82.5526E-09       209.673E-06  
              826.426             82.6426E-09       209.878E-06  
              827.326             82.7326E-09       210.089E-06  
              828.226             82.8226E-09       210.3E-06    
              829.126             82.9126E-09       210.508E-06  
              830.026             83.0026E-09       210.715E-06  
              830.926             83.0926E-09       210.921E-06  
              831.826             83.1826E-09       211.126E-06  
              832.726             83.2726E-09       211.331E-06  
              833.626             83.3626E-09       211.535E-06  
              834.526             83.4526E-09       211.739E-06  
              835.426             83.5426E-09       211.943E-06  
              836.326             83.6326E-09       212.146E-06  
              837.226             83.7226E-09       212.349E-06  
              838.126             83.8126E-09       212.553E-06  
              839.026             83.9026E-09       212.756E-06  
              839.926             83.9926E-09       212.959E-06  
              840.826             84.0826E-09       213.162E-06  
              841.726             84.1726E-09       213.365E-06  
              842.626             84.2626E-09       213.567E-06  
              843.526             84.3526E-09       213.77E-06   
              844.426             84.4426E-09       213.972E-06  
              845.326             84.5326E-09       214.174E-06  
              846.226             84.6226E-09       214.375E-06  
              847.126             84.7126E-09       214.577E-06  
              848.026             84.8026E-09       214.778E-06  
              848.926             84.8926E-09       214.98E-06   
              849.826             84.9826E-09       215.181E-06  
              850.726             85.0726E-09       215.382E-06  
              851.626             85.1626E-09       215.584E-06  
              852.526             85.2526E-09       215.785E-06  
              853.426             85.3426E-09       215.986E-06  
              854.326             85.4326E-09       216.188E-06  
              855.226             85.5226E-09       216.389E-06  
              856.126             85.6126E-09       216.591E-06  
              857.026             85.7026E-09       216.792E-06  
              857.926             85.7926E-09       216.994E-06  
              858.826             85.8826E-09       217.195E-06  
              859.726             85.9726E-09       217.396E-06  
              860.626             86.0626E-09       217.598E-06  
              861.526             86.1526E-09       217.799E-06  
              862.426             86.2426E-09       218.001E-06  
              863.326             86.3326E-09       218.202E-06  
              864.226             86.4226E-09       218.404E-06  
              865.126             86.5126E-09       218.605E-06  
              866.026             86.6026E-09       218.806E-06  
              866.926             86.6926E-09       219.007E-06  
              867.826             86.7826E-09       219.208E-06  
              868.726             86.8726E-09       219.568E-06  
              869.626             86.9626E-09       219.987E-06  
              870.526             87.0526E-09       220.4E-06    
              871.426             87.1426E-09       220.789E-06  
              872.326             87.2326E-09       221.151E-06  
              873.226             87.3226E-09       221.493E-06  
              874.126             87.4126E-09       221.821E-06  
              875.026             87.5026E-09       222.148E-06  
              875.926             87.5926E-09       222.453E-06  
              876.826             87.6826E-09       222.752E-06  
              877.726             87.7726E-09       223.044E-06  
              878.626             87.8626E-09       223.331E-06  
              879.526             87.9526E-09       223.613E-06  
              880.426             88.0426E-09       223.889E-06  
              881.326             88.1326E-09       224.185E-06  
              882.226             88.2226E-09       224.706E-06  
              883.126             88.3126E-09       225.218E-06  
              884.026             88.4026E-09       225.717E-06  
              884.926             88.4926E-09       226.203E-06  
              885.826             88.5826E-09       226.676E-06  
              886.726             88.6726E-09       227.13E-06   
              887.626             88.7626E-09       227.554E-06  
              888.526             88.8526E-09       227.948E-06  
              889.426             88.9426E-09       228.322E-06  
              890.326             89.0326E-09       228.679E-06  
              891.226             89.1226E-09       229.025E-06  
              892.126             89.2126E-09       229.36E-06   
              893.026             89.3026E-09       229.686E-06  
              893.926             89.3926E-09       230.005E-06  
              894.826             89.4826E-09       230.316E-06  
              895.726             89.5726E-09       230.622E-06  
              896.626             89.6626E-09       230.922E-06  
              897.526             89.7526E-09       231.218E-06  
              898.426             89.8426E-09       231.51E-06   
              899.326             89.9326E-09       231.799E-06  
              900.226             90.0226E-09       232.085E-06  
              901.126             90.1126E-09       232.368E-06  
              902.026             90.2026E-09       232.649E-06  
              902.926             90.2926E-09       232.926E-06  
              903.826             90.3826E-09       233.2E-06    
              904.726             90.4726E-09       233.472E-06  
              905.626             90.5626E-09       233.741E-06  
              906.526             90.6526E-09       234.071E-06  
              907.426             90.7426E-09       234.649E-06  
              908.326             90.8326E-09       235.26E-06   
              909.226             90.9226E-09       235.874E-06  
              910.126             91.0126E-09       236.456E-06  
              911.026             91.1026E-09       236.994E-06  
              911.926             91.1926E-09       237.49E-06   
              912.826             91.2826E-09       237.952E-06  
              913.726             91.3726E-09       238.389E-06  
              914.626             91.4626E-09       238.806E-06  
              915.526             91.5526E-09       239.216E-06  
              916.426             91.6426E-09       239.61E-06   
              917.326             91.7326E-09       239.989E-06  
              918.226             91.8226E-09       240.356E-06  
              919.126             91.9126E-09       240.713E-06  
              920.026             92.0026E-09       241.061E-06  
              920.926             92.0926E-09       241.402E-06  
              921.826             92.1826E-09       241.735E-06  
              922.726             92.2726E-09       242.061E-06  
              923.626             92.3626E-09       242.382E-06  
              924.526             92.4526E-09       242.696E-06  
              925.426             92.5426E-09       243.005E-06  
              926.326             92.6326E-09       243.307E-06  
              927.226             92.7226E-09       243.605E-06  
              928.126             92.8126E-09       243.898E-06  
              929.026             92.9026E-09       244.187E-06  
              929.926             92.9926E-09       244.473E-06  
              930.826             93.0826E-09       244.755E-06  
              931.726             93.1726E-09       245.034E-06  
              932.626             93.2626E-09       245.31E-06   
              933.526             93.3526E-09       245.584E-06  
              934.426             93.4426E-09       245.855E-06  
              935.326             93.5326E-09       246.123E-06  
              936.226             93.6226E-09       246.39E-06   
              937.126             93.7126E-09       246.655E-06  
              938.026             93.8026E-09       246.918E-06  
              938.926             93.8926E-09       247.18E-06   
              939.826             93.9826E-09       247.44E-06   
              940.726             94.0726E-09       247.699E-06  
              941.626             94.1626E-09       247.956E-06  
              942.526             94.2526E-09       248.212E-06  
              943.426             94.3426E-09       248.467E-06  
              944.326             94.4326E-09       248.722E-06  
              945.226             94.5226E-09       248.974E-06  
              946.126             94.6126E-09       249.226E-06  
              947.026             94.7026E-09       249.476E-06  
              947.926             94.7926E-09       249.724E-06  
              948.826             94.8826E-09       249.972E-06  
              949.726             94.9726E-09       250.218E-06  
              950.626             95.0626E-09       250.462E-06  
              951.526             95.1526E-09       250.704E-06  
              952.426             95.2426E-09       250.976E-06  
              953.326             95.3326E-09       251.254E-06  
              954.226             95.4226E-09       251.529E-06  
              955.126             95.5126E-09       251.801E-06  
              956.026             95.6026E-09       252.069E-06  
              956.926             95.6926E-09       252.334E-06  
              957.826             95.7826E-09       252.595E-06  
              958.726             95.8726E-09       252.853E-06  
              959.626             95.9626E-09       253.108E-06  
              960.526             96.0526E-09       253.361E-06  
              961.426             96.1426E-09       253.611E-06  
              962.326             96.2326E-09       253.86E-06   
              963.226             96.3226E-09       254.106E-06  
              964.126             96.4126E-09       254.351E-06  
              965.026             96.5026E-09       254.595E-06  
              965.926             96.5926E-09       254.837E-06  
              966.826             96.6826E-09       255.079E-06  
              967.726             96.7726E-09       255.321E-06  
              968.626             96.8626E-09       255.562E-06  
              969.526             96.9526E-09       255.802E-06  
              970.426             97.0426E-09       256.039E-06  
              971.326             97.1326E-09       256.276E-06  
              972.226             97.2226E-09       256.511E-06  
              973.126             97.3126E-09       256.745E-06  
              974.026             97.4026E-09       256.978E-06  
              974.926             97.4926E-09       257.21E-06   
              975.826             97.5826E-09       257.44E-06   
              976.726             97.6726E-09       257.67E-06   
              977.626             97.7626E-09       257.899E-06  
              978.526             97.8526E-09       258.127E-06  
              979.426             97.9426E-09       258.354E-06  
              980.326             98.0326E-09       258.683E-06  
              981.226             98.1226E-09       258.874E-06  
              982.126             98.2126E-09       259.06E-06   
              983.026             98.3026E-09       259.273E-06  
              983.926             98.3926E-09       259.491E-06  
              984.826             98.4826E-09       259.712E-06  
              985.726             98.5726E-09       259.934E-06  
              986.626             98.6626E-09       260.155E-06  
              987.526             98.7526E-09       260.377E-06  
              988.426             98.8426E-09       260.599E-06  
              989.326             98.9326E-09       260.82E-06   
              990.226             99.0226E-09       261.042E-06  
              991.126             99.1126E-09       261.263E-06  
              992.026             99.2026E-09       261.483E-06  
              992.926             99.2926E-09       261.704E-06  
              993.826             99.3826E-09       261.924E-06  
              994.726             99.4726E-09       262.144E-06  
              995.626             99.5626E-09       262.364E-06  
              996.526             99.6526E-09       262.584E-06  
              997.426             99.7426E-09       262.804E-06  
              998.326             99.8326E-09       263.023E-06  
              999.226             99.9226E-09       263.243E-06  
                1.00013E+03      100.E-09           262.846E-06  
                1.00103E+03      100.E-09           258.757E-06  
                1.00193E+03      100.E-09           255.338E-06  
                1.00198E+03      100.E-09           255.332E-06  
                1.002E+03         99.6884E-09       228.854E-06  
                1.00201E+03       98.8974E-09       161.567E-06  
                1.00202E+03       98.3041E-09       110.42E-06   
                1.00202E+03       98.0816E-09        91.5153E-06 
                1.00202E+03       97.7479E-09        65.4241E-06 
                1.00203E+03       97.4976E-09        46.3955E-06 
                1.00203E+03       97.1222E-09        18.9385E-06 
                1.00203E+03       96.8406E-09         5.3975E-06 
                1.00203E+03       96.6295E-09       668.94E-09   
                1.00204E+03       96.4711E-09         0.         
                1.00204E+03       96.2335E-09         0.         
                1.00204E+03       96.2335E-09         0.         




