
                  X             Displacement          Force      

                0.                -0.                 0.         
                1.E-03           100.E-15             1.12305E-09
                2.E-03           200.E-15           705.781E-12  
                3.5E-03          350.E-15            70.4427E-12 
                5.75E-03         575.E-15             5.55354E-12
                9.125E-03        912.5E-15          545.344E-15  
               14.1875E-03         1.41875E-12       54.4662E-15 
               21.7812E-03         2.17813E-12        5.44649E-15
               33.1719E-03         3.31719E-12      544.604E-18  
               50.2578E-03         5.02578E-12       54.4593E-18 
               75.8867E-03         7.58867E-12        5.44559E-18
              114.33E-03          11.433E-12        544.533E-21  
              171.995E-03         17.1995E-12        54.4481E-21 
              258.493E-03         25.8493E-12         5.44419E-21
              388.239E-03         38.8239E-12       544.35E-24   
              582.859E-03         58.2859E-12        54.4247E-24 
              874.788E-03         87.4788E-12         5.44088E-24
                1.31268          131.268E-12        543.85E-27   
                1.96952          196.952E-12         54.3494E-27 
                2.76952          276.952E-12          5.43059E-27
                3.56952          356.952E-12        542.625E-30  
                4.36952          436.952E-12         54.219E-30  
                5.16952          516.952E-12          5.41756E-30
                5.96952          596.952E-12        541.322E-33  
                6.76952          676.952E-12         54.0888E-33 
                7.56952          756.952E-12          5.40453E-33
                8.36952          836.952E-12        540.019E-36  
                9.16952          916.952E-12         53.9585E-36 
                9.96952          996.952E-12        411.121E-09  
               10.7695             1.07695E-09        1.16262E-06
               11.1695             1.11695E-09        1.52134E-06
               11.7695             1.17695E-09        1.98582E-06
               12.1695             1.21695E-09        2.2115E-06 
               12.7695             1.27695E-09        2.47814E-06
               13.5695             1.35695E-09        2.79962E-06
               14.3695             1.43695E-09        3.07956E-06
               15.1695             1.51695E-09        3.33292E-06
               15.9695             1.59695E-09        3.56912E-06
               16.7695             1.67695E-09        3.79228E-06
               17.5695             1.75695E-09        4.00461E-06
               18.3695             1.83695E-09        4.20759E-06
               19.1695             1.91695E-09        4.40206E-06
               19.9695             1.99695E-09        4.58789E-06
               20.7695             2.07695E-09        4.7645E-06 
               21.5695             2.15695E-09        4.93177E-06
               22.3695             2.23695E-09        5.0899E-06 
               23.1695             2.31695E-09        5.23927E-06
               23.9695             2.39695E-09        5.3801E-06 
               24.7695             2.47695E-09        5.51288E-06
               25.5695             2.55695E-09        5.6382E-06 
               26.3695             2.63695E-09        5.75674E-06
               27.1695             2.71695E-09        5.86917E-06
               27.9695             2.79695E-09        5.9761E-06 
               28.7695             2.87695E-09        6.07808E-06
               29.5695             2.95695E-09        6.17558E-06
               30.3695             3.03695E-09        6.26898E-06
               31.1695             3.11695E-09        6.35859E-06
               31.9695             3.19695E-09        6.44466E-06
               32.7695             3.27695E-09        6.52743E-06
               33.5695             3.35695E-09        6.60711E-06
               34.3695             3.43695E-09        6.68392E-06
               35.1695             3.51695E-09        6.75809E-06
               35.9695             3.59695E-09        6.82977E-06
               36.7695             3.67695E-09        6.89911E-06
               37.5695             3.75695E-09        6.96622E-06
               38.3695             3.83695E-09        7.0312E-06 
               39.1695             3.91695E-09        7.09417E-06
               39.9695             3.99695E-09        7.15523E-06
               40.7695             4.07695E-09        7.21442E-06
               41.5695             4.15695E-09        7.27185E-06
               42.3695             4.23695E-09        7.32767E-06
               43.1695             4.31695E-09        7.38191E-06
               43.9695             4.39695E-09        7.43468E-06
               44.7695             4.47695E-09        7.486E-06  
               45.5695             4.55695E-09        7.53601E-06
               46.3695             4.63695E-09        7.58475E-06
               47.1695             4.71695E-09        7.63228E-06
               47.9695             4.79695E-09        7.67851E-06
               48.7695             4.87695E-09        7.72328E-06
               49.5695             4.95695E-09        7.76687E-06
               50.3695             5.03695E-09        7.80935E-06
               51.1695             5.11695E-09        7.85078E-06
               51.9695             5.19695E-09        7.89121E-06
               52.7695             5.27695E-09        7.93077E-06
               53.5695             5.35695E-09        7.96948E-06
               54.3695             5.43695E-09        8.00733E-06
               55.1695             5.51695E-09        8.04441E-06
               55.9695             5.59695E-09        8.08068E-06
               56.7695             5.67695E-09        8.11616E-06
               57.5695             5.75695E-09        8.15098E-06
               58.3695             5.83695E-09        8.18509E-06
               59.1695             5.91695E-09        8.21858E-06
               59.9695             5.99695E-09        8.26716E-06
               60.7695             6.07695E-09        8.79382E-06
               61.5695             6.15695E-09        9.53145E-06
               62.3695             6.23695E-09       10.4255E-06 
               63.1695             6.31695E-09       11.251E-06  
               63.9695             6.39695E-09       12.0876E-06 
               64.7695             6.47695E-09       13.1917E-06 
               65.5695             6.55695E-09       14.2381E-06 
               66.3695             6.63695E-09       15.1687E-06 
               67.1695             6.71695E-09       16.0011E-06 
               67.9695             6.79695E-09       16.7499E-06 
               68.7695             6.87695E-09       17.4264E-06 
               69.5695             6.95695E-09       18.041E-06  
               70.3695             7.03695E-09       18.6036E-06 
               71.1695             7.11695E-09       19.1193E-06 
               71.9695             7.19695E-09       19.5921E-06 
               72.7695             7.27695E-09       20.0308E-06 
               73.5695             7.35695E-09       20.4432E-06 
               74.3695             7.43695E-09       20.834E-06  
               75.1695             7.51695E-09       21.2056E-06 
               75.9695             7.59695E-09       21.5594E-06 
               76.7695             7.67695E-09       21.8963E-06 
               77.5695             7.75695E-09       22.2177E-06 
               78.3695             7.83695E-09       22.5246E-06 
               79.1695             7.91695E-09       22.8178E-06 
               79.9695             7.99695E-09       23.0982E-06 
               80.7695             8.07695E-09       23.3669E-06 
               81.5695             8.15695E-09       23.6247E-06 
               82.3695             8.23695E-09       23.8729E-06 
               83.1695             8.31695E-09       24.1122E-06 
               83.9695             8.39695E-09       24.3435E-06 
               84.7695             8.47695E-09       24.5674E-06 
               85.5695             8.55695E-09       24.7845E-06 
               86.3695             8.63695E-09       24.995E-06  
               87.1695             8.71695E-09       25.1992E-06 
               87.9695             8.79695E-09       25.3975E-06 
               88.7695             8.87695E-09       25.5902E-06 
               89.5695             8.95695E-09       25.7777E-06 
               90.3695             9.03695E-09       25.9603E-06 
               91.1695             9.11695E-09       26.1383E-06 
               91.9695             9.19695E-09       26.3119E-06 
               92.7695             9.27695E-09       26.4814E-06 
               93.5695             9.35695E-09       26.6469E-06 
               94.3695             9.43695E-09       26.8086E-06 
               95.1695             9.51695E-09       26.9667E-06 
               95.9695             9.59695E-09       27.1213E-06 
               96.7695             9.67695E-09       27.2726E-06 
               97.5695             9.75695E-09       27.4207E-06 
               98.3695             9.83695E-09       27.5657E-06 
               99.1695             9.91695E-09       27.7076E-06 
               99.9695             9.99695E-09       27.8466E-06 
              100.77              10.077E-09         27.9829E-06 
              101.57              10.157E-09         28.1166E-06 
              102.37              10.237E-09         28.2477E-06 
              103.17              10.317E-09         28.3764E-06 
              103.97              10.397E-09         28.5027E-06 
              104.77              10.477E-09         28.6268E-06 
              105.57              10.557E-09         28.7487E-06 
              106.37              10.637E-09         28.8684E-06 
              107.17              10.717E-09         28.9861E-06 
              107.97              10.797E-09         29.1019E-06 
              108.77              10.877E-09         29.2158E-06 
              109.57              10.957E-09         29.3278E-06 
              110.37              11.037E-09         29.4382E-06 
              111.17              11.117E-09         29.547E-06  
              111.97              11.197E-09         29.6542E-06 
              112.77              11.277E-09         29.7598E-06 
              113.57              11.357E-09         29.864E-06  
              114.37              11.437E-09         29.9667E-06 
              115.17              11.517E-09         30.0678E-06 
              115.97              11.597E-09         30.1676E-06 
              116.77              11.677E-09         30.266E-06  
              117.57              11.757E-09         30.3632E-06 
              118.37              11.837E-09         30.459E-06  
              119.17              11.917E-09         30.5536E-06 
              119.97              11.997E-09         30.6471E-06 
              120.77              12.077E-09         30.7393E-06 
              121.57              12.157E-09         31.0517E-06 
              122.37              12.237E-09         31.3951E-06 
              123.17              12.317E-09         31.8559E-06 
              123.97              12.397E-09         32.2688E-06 
              124.77              12.477E-09         32.7316E-06 
              125.57              12.557E-09         33.4895E-06 
              126.37              12.637E-09         34.2559E-06 
              127.17              12.717E-09         34.9625E-06 
              127.97              12.797E-09         35.6116E-06 
              128.77              12.877E-09         36.2078E-06 
              129.57              12.957E-09         36.7598E-06 
              130.37              13.037E-09         37.275E-06  
              131.17              13.117E-09         37.7545E-06 
              131.97              13.197E-09         38.1906E-06 
              132.77              13.277E-09         38.5839E-06 
              133.57              13.357E-09         38.9447E-06 
              134.37              13.437E-09         39.2815E-06 
              135.17              13.517E-09         39.5979E-06 
              135.97              13.597E-09         39.8965E-06 
              136.77              13.677E-09         40.1796E-06 
              137.57              13.757E-09         40.4485E-06 
              138.37              13.837E-09         40.7047E-06 
              139.17              13.917E-09         40.9495E-06 
              139.97              13.997E-09         41.1842E-06 
              140.77              14.077E-09         41.4095E-06 
              141.57              14.157E-09         41.6262E-06 
              142.37              14.237E-09         41.8347E-06 
              143.17              14.317E-09         42.0356E-06 
              143.97              14.397E-09         42.2296E-06 
              144.77              14.477E-09         42.4172E-06 
              145.57              14.557E-09         42.5991E-06 
              146.37              14.637E-09         42.7757E-06 
              147.17              14.717E-09         42.9476E-06 
              147.97              14.797E-09         43.1154E-06 
              148.77              14.877E-09         43.2794E-06 
              149.57              14.957E-09         43.4398E-06 
              150.37              15.037E-09         43.597E-06  
              151.17              15.117E-09         43.7511E-06 
              151.97              15.197E-09         43.9024E-06 
              152.77              15.277E-09         44.0511E-06 
              153.57              15.357E-09         44.1972E-06 
              154.37              15.437E-09         44.3409E-06 
              155.17              15.517E-09         44.4825E-06 
              155.97              15.597E-09         44.6219E-06 
              156.77              15.677E-09         44.7593E-06 
              157.57              15.757E-09         44.8947E-06 
              158.37              15.837E-09         45.0285E-06 
              159.17              15.917E-09         45.1605E-06 
              159.97              15.997E-09         45.2908E-06 
              160.77              16.077E-09         45.4195E-06 
              161.57              16.157E-09         45.5466E-06 
              162.37              16.237E-09         45.6721E-06 
              163.17              16.317E-09         45.7962E-06 
              163.97              16.397E-09         45.9189E-06 
              164.77              16.477E-09         46.0401E-06 
              165.57              16.557E-09         46.1598E-06 
              166.37              16.637E-09         46.278E-06  
              167.17              16.717E-09         46.395E-06  
              167.97              16.797E-09         46.5107E-06 
              168.77              16.877E-09         46.6251E-06 
              169.57              16.957E-09         46.7383E-06 
              170.37              17.037E-09         46.8504E-06 
              171.17              17.117E-09         46.9614E-06 
              171.97              17.197E-09         47.0714E-06 
              172.77              17.277E-09         47.1802E-06 
              173.57              17.357E-09         47.288E-06  
              174.37              17.437E-09         47.3947E-06 
              175.17              17.517E-09         47.5004E-06 
              175.97              17.597E-09         47.605E-06  
              176.77              17.677E-09         47.7085E-06 
              177.57              17.757E-09         47.8109E-06 
              178.37              17.837E-09         47.9124E-06 
              179.17              17.917E-09         48.013E-06  
              179.97              17.997E-09         48.1128E-06 
              180.77              18.077E-09         48.212E-06  
              181.57              18.157E-09         48.3103E-06 
              182.37              18.237E-09         48.4079E-06 
              183.17              18.317E-09         48.5046E-06 
              183.97              18.397E-09         48.6006E-06 
              184.77              18.477E-09         48.6957E-06 
              185.57              18.557E-09         48.7902E-06 
              186.37              18.637E-09         48.8839E-06 
              187.17              18.717E-09         48.977E-06  
              187.97              18.797E-09         49.0696E-06 
              188.77              18.877E-09         49.1615E-06 
              189.57              18.957E-09         49.2528E-06 
              190.37              19.037E-09         49.3435E-06 
              191.17              19.117E-09         49.4337E-06 
              191.97              19.197E-09         49.5233E-06 
              192.77              19.277E-09         49.6125E-06 
              193.57              19.357E-09         49.7011E-06 
              194.37              19.437E-09         49.7892E-06 
              195.17              19.517E-09         49.8768E-06 
              195.97              19.597E-09         49.9638E-06 
              196.77              19.677E-09         50.0504E-06 
              197.57              19.757E-09         50.1364E-06 
              198.37              19.837E-09         50.222E-06  
              199.17              19.917E-09         50.3072E-06 
              199.97              19.997E-09         50.3919E-06 
              200.77              20.077E-09         50.4762E-06 
              201.57              20.157E-09         50.5598E-06 
              202.37              20.237E-09         50.6429E-06 
              203.17              20.317E-09         50.7256E-06 
              203.97              20.397E-09         50.8079E-06 
              204.77              20.477E-09         50.8897E-06 
              205.57              20.557E-09         50.971E-06  
              206.37              20.637E-09         51.0517E-06 
              207.17              20.717E-09         51.1319E-06 
              207.97              20.797E-09         51.2116E-06 
              208.77              20.877E-09         51.291E-06  
              209.57              20.957E-09         51.3699E-06 
              210.37              21.037E-09         51.4484E-06 
              211.17              21.117E-09         51.5265E-06 
              211.97              21.197E-09         51.6043E-06 
              212.77              21.277E-09         51.6818E-06 
              213.57              21.357E-09         51.7588E-06 
              214.37              21.437E-09         51.8356E-06 
              215.17              21.517E-09         51.912E-06  
              215.97              21.597E-09         51.9881E-06 
              216.77              21.677E-09         52.0639E-06 
              217.57              21.757E-09         52.1394E-06 
              218.37              21.837E-09         52.2145E-06 
              219.17              21.917E-09         52.2893E-06 
              219.97              21.997E-09         52.3638E-06 
              220.77              22.077E-09         52.4379E-06 
              221.57              22.157E-09         52.5117E-06 
              222.37              22.237E-09         52.5852E-06 
              223.17              22.317E-09         52.6585E-06 
              223.97              22.397E-09         52.7314E-06 
              224.77              22.477E-09         52.8042E-06 
              225.57              22.557E-09         52.8766E-06 
              226.37              22.637E-09         52.9487E-06 
              227.17              22.717E-09         53.0203E-06 
              227.97              22.797E-09         53.0916E-06 
              228.77              22.877E-09         53.1625E-06 
              229.57              22.957E-09         53.2332E-06 
              230.37              23.037E-09         53.3039E-06 
              231.17              23.117E-09         53.3743E-06 
              231.97              23.197E-09         53.4443E-06 
              232.77              23.277E-09         53.5141E-06 
              233.57              23.357E-09         53.5835E-06 
              234.37              23.437E-09         53.6525E-06 
              235.17              23.517E-09         53.7213E-06 
              235.97              23.597E-09         53.9826E-06 
              236.77              23.677E-09         54.4122E-06 
              237.57              23.757E-09         54.8325E-06 
              238.37              23.837E-09         55.2301E-06 
              239.17              23.917E-09         55.6017E-06 
              239.97              23.997E-09         55.9472E-06 
              240.77              24.077E-09         56.2663E-06 
              241.57              24.157E-09         56.5551E-06 
              242.37              24.237E-09         56.8155E-06 
              243.17              24.317E-09         57.0535E-06 
              243.97              24.397E-09         57.2731E-06 
              244.77              24.477E-09         57.4765E-06 
              245.57              24.557E-09         57.6656E-06 
              246.37              24.637E-09         57.8425E-06 
              247.17              24.717E-09         58.009E-06  
              247.97              24.797E-09         58.1662E-06 
              248.77              24.877E-09         58.3148E-06 
              249.57              24.957E-09         58.4548E-06 
              250.37              25.037E-09         58.5862E-06 
              251.17              25.117E-09         58.71E-06   
              251.97              25.197E-09         58.8268E-06 
              252.77              25.277E-09         58.9375E-06 
              253.57              25.357E-09         59.0432E-06 
              254.37              25.437E-09         59.2996E-06 
              255.17              25.517E-09         59.7121E-06 
              255.97              25.597E-09         60.1126E-06 
              256.77              25.677E-09         60.4953E-06 
              257.57              25.757E-09         60.8585E-06 
              258.37              25.837E-09         61.1979E-06 
              259.17              25.917E-09         61.5048E-06 
              259.97              25.997E-09         61.7816E-06 
              260.77              26.077E-09         62.0351E-06 
              261.57              26.157E-09         62.2705E-06 
              262.37              26.237E-09         62.4909E-06 
              263.17              26.317E-09         62.6983E-06 
              263.97              26.397E-09         62.8942E-06 
              264.77              26.477E-09         63.0783E-06 
              265.57              26.557E-09         63.2505E-06 
              266.37              26.637E-09         63.4114E-06 
              267.17              26.717E-09         63.5628E-06 
              267.97              26.797E-09         63.7068E-06 
              268.77              26.877E-09         63.8452E-06 
              269.57              26.957E-09         63.979E-06  
              270.37              27.037E-09         64.1089E-06 
              271.17              27.117E-09         64.2353E-06 
              271.97              27.197E-09         64.3587E-06 
              272.77              27.277E-09         64.4795E-06 
              273.57              27.357E-09         64.5975E-06 
              274.37              27.437E-09         64.7129E-06 
              275.17              27.517E-09         64.8259E-06 
              275.97              27.597E-09         64.9366E-06 
              276.77              27.677E-09         65.045E-06  
              277.57              27.757E-09         65.1517E-06 
              278.37              27.837E-09         65.2567E-06 
              279.17              27.917E-09         65.36E-06   
              279.97              27.997E-09         65.4618E-06 
              280.77              28.077E-09         65.5621E-06 
              281.57              28.157E-09         65.6611E-06 
              282.37              28.237E-09         65.7588E-06 
              283.17              28.317E-09         65.8554E-06 
              283.97              28.397E-09         65.9509E-06 
              284.77              28.477E-09         66.0454E-06 
              285.57              28.557E-09         66.1389E-06 
              286.37              28.637E-09         66.2313E-06 
              287.17              28.717E-09         66.3225E-06 
              287.97              28.797E-09         66.4442E-06 
              288.77              28.877E-09         66.6496E-06 
              289.57              28.957E-09         66.8511E-06 
              290.37              29.037E-09         67.0463E-06 
              291.17              29.117E-09         67.2347E-06 
              291.97              29.197E-09         67.4169E-06 
              292.77              29.277E-09         67.5934E-06 
              293.57              29.357E-09         67.7646E-06 
              294.37              29.437E-09         67.931E-06  
              295.17              29.517E-09         68.0927E-06 
              295.97              29.597E-09         68.2496E-06 
              296.77              29.677E-09         68.4019E-06 
              297.57              29.757E-09         68.5486E-06 
              298.37              29.837E-09         68.6895E-06 
              299.17              29.917E-09         68.8249E-06 
              299.97              29.997E-09         68.9559E-06 
              300.77              30.077E-09         69.083E-06  
              301.57              30.157E-09         69.2071E-06 
              302.37              30.237E-09         69.3282E-06 
              303.17              30.317E-09         69.4457E-06 
              303.97              30.397E-09         69.5599E-06 
              304.77              30.477E-09         69.671E-06  
              305.57              30.557E-09         69.7795E-06 
              306.37              30.637E-09         69.8852E-06 
              307.17              30.717E-09         69.9889E-06 
              307.97              30.797E-09         70.0905E-06 
              308.77              30.877E-09         70.1905E-06 
              309.57              30.957E-09         70.2887E-06 
              310.37              31.037E-09         70.3853E-06 
              311.17              31.117E-09         70.4804E-06 
              311.97              31.197E-09         70.5739E-06 
              312.77              31.277E-09         70.6658E-06 
              313.57              31.3569E-09        70.7564E-06 
              314.37              31.437E-09         70.8456E-06 
              315.17              31.517E-09         70.9338E-06 
              315.97              31.597E-09         71.0207E-06 
              316.77              31.677E-09         71.1066E-06 
              317.57              31.757E-09         71.1913E-06 
              318.37              31.837E-09         71.275E-06  
              319.17              31.917E-09         71.3577E-06 
              319.97              31.997E-09         71.4397E-06 
              320.77              32.077E-09         71.5208E-06 
              321.57              32.157E-09         71.6014E-06 
              322.37              32.237E-09         71.6815E-06 
              323.17              32.317E-09         71.7609E-06 
              323.97              32.3969E-09        71.8405E-06 
              324.77              32.477E-09         71.9197E-06 
              325.57              32.557E-09         72.0955E-06 
              326.37              32.637E-09         72.3619E-06 
              327.17              32.717E-09         72.7328E-06 
              327.97              32.797E-09         73.2583E-06 
              328.77              32.877E-09         73.82E-06   
              329.57              32.957E-09         74.3504E-06 
              330.37              33.037E-09         74.8499E-06 
              331.17              33.117E-09         75.3607E-06 
              331.97              33.197E-09         76.0403E-06 
              332.77              33.277E-09         76.6833E-06 
              333.57              33.357E-09         77.2848E-06 
              334.37              33.437E-09         77.8436E-06 
              335.17              33.517E-09         78.3598E-06 
              335.97              33.597E-09         78.8346E-06 
              336.77              33.677E-09         79.2685E-06 
              337.57              33.757E-09         79.6674E-06 
              338.37              33.837E-09         80.0372E-06 
              339.17              33.917E-09         80.3783E-06 
              339.97              33.997E-09         80.6924E-06 
              340.77              34.077E-09         80.9838E-06 
              341.57              34.157E-09         81.2553E-06 
              342.37              34.237E-09         81.509E-06  
              343.17              34.317E-09         81.7471E-06 
              343.97              34.397E-09         81.9706E-06 
              344.77              34.477E-09         82.1812E-06 
              345.57              34.557E-09         82.3808E-06 
              346.37              34.637E-09         82.5712E-06 
              347.17              34.717E-09         82.7537E-06 
              347.97              34.797E-09         82.9295E-06 
              348.77              34.877E-09         83.0993E-06 
              349.57              34.957E-09         83.2636E-06 
              350.37              35.037E-09         83.4228E-06 
              351.17              35.117E-09         83.5775E-06 
              351.97              35.197E-09         83.7279E-06 
              352.77              35.277E-09         83.8743E-06 
              353.57              35.357E-09         84.0173E-06 
              354.37              35.437E-09         84.1572E-06 
              355.17              35.517E-09         84.2942E-06 
              355.97              35.597E-09         84.4288E-06 
              356.77              35.677E-09         84.5609E-06 
              357.57              35.757E-09         84.6907E-06 
              358.37              35.8369E-09        84.9201E-06 
              359.17              35.917E-09         85.2108E-06 
              359.97              35.997E-09         85.4878E-06 
              360.77              36.077E-09         85.7501E-06 
              361.57              36.157E-09         85.9984E-06 
              362.37              36.237E-09         86.2344E-06 
              363.17              36.317E-09         86.7671E-06 
              363.97              36.397E-09         86.8077E-06 
              364.77              36.477E-09         86.9371E-06 
              365.57              36.557E-09         87.1098E-06 
              366.37              36.637E-09         87.2883E-06 
              367.17              36.717E-09         87.4661E-06 
              367.97              36.797E-09         87.6408E-06 
              368.77              36.8769E-09        87.8116E-06 
              369.57              36.957E-09         87.9787E-06 
              370.37              37.037E-09         88.142E-06  
              371.17              37.117E-09         88.3017E-06 
              371.97              37.1969E-09        88.4582E-06 
              372.77              37.277E-09         88.6116E-06 
              373.57              37.357E-09         88.7619E-06 
              374.37              37.437E-09         88.909E-06  
              375.17              37.517E-09         89.053E-06  
              375.97              37.597E-09         89.1936E-06 
              376.77              37.677E-09         89.3311E-06 
              377.57              37.757E-09         89.4657E-06 
              378.37              37.837E-09         89.5975E-06 
              379.17              37.917E-09         89.7271E-06 
              379.97              37.997E-09         89.8544E-06 
              380.77              38.077E-09         89.9799E-06 
              381.57              38.157E-09         90.1034E-06 
              382.37              38.2369E-09        90.2251E-06 
              383.17              38.317E-09         90.3452E-06 
              383.97              38.397E-09         90.4637E-06 
              384.77              38.477E-09         90.5809E-06 
              385.57              38.557E-09         90.697E-06  
              386.37              38.637E-09         90.8119E-06 
              387.17              38.717E-09         90.9259E-06 
              387.97              38.797E-09         91.039E-06  
              388.77              38.8769E-09        91.1511E-06 
              389.57              38.957E-09         91.2625E-06 
              390.37              39.037E-09         91.3731E-06 
              391.17              39.117E-09         91.4829E-06 
              391.97              39.197E-09         91.5919E-06 
              392.77              39.277E-09         91.7002E-06 
              393.57              39.357E-09         91.8078E-06 
              394.37              39.437E-09         91.9147E-06 
              395.17              39.517E-09         92.0207E-06 
              395.97              39.597E-09         92.1259E-06 
              396.77              39.677E-09         92.2304E-06 
              397.57              39.757E-09         92.3343E-06 
              398.37              39.837E-09         92.4375E-06 
              399.17              39.917E-09         92.5402E-06 
              399.97              39.997E-09         92.6423E-06 
              400.77              40.077E-09         92.7438E-06 
              401.57              40.157E-09         92.8448E-06 
              402.37              40.237E-09         92.9453E-06 
              403.17              40.317E-09         93.0453E-06 
              403.97              40.397E-09         93.145E-06  
              404.77              40.477E-09         93.2442E-06 
              405.57              40.557E-09         93.343E-06  
              406.37              40.6369E-09        93.4414E-06 
              407.17              40.717E-09         93.5395E-06 
              407.97              40.797E-09         93.6374E-06 
              408.77              40.877E-09         93.7349E-06 
              409.57              40.957E-09         93.8321E-06 
              410.37              41.037E-09         93.9289E-06 
              411.17              41.117E-09         94.0256E-06 
              411.97              41.197E-09         94.122E-06  
              412.77              41.277E-09         94.2182E-06 
              413.57              41.357E-09         94.3141E-06 
              414.37              41.437E-09         94.4097E-06 
              415.17              41.517E-09         94.5049E-06 
              415.97              41.597E-09         94.5998E-06 
              416.77              41.6769E-09        94.6943E-06 
              417.57              41.757E-09         94.7885E-06 
              418.37              41.837E-09         94.8824E-06 
              419.17              41.917E-09         94.976E-06  
              419.97              41.997E-09         95.0694E-06 
              420.77              42.077E-09         95.1625E-06 
              421.57              42.157E-09         95.2553E-06 
              422.37              42.237E-09         95.3478E-06 
              423.17              42.317E-09         95.4401E-06 
              423.97              42.3969E-09        95.5322E-06 
              424.77              42.477E-09         95.624E-06  
              425.57              42.557E-09         95.7156E-06 
              426.37              42.637E-09         95.807E-06  
              427.17              42.7169E-09        95.8982E-06 
              427.97              42.797E-09         95.9893E-06 
              428.77              42.877E-09         96.0803E-06 
              429.57              42.957E-09         96.171E-06  
              430.37              43.037E-09         96.2638E-06 
              431.17              43.117E-09         96.3529E-06 
              431.97              43.197E-09         96.4432E-06 
              432.77              43.277E-09         96.5334E-06 
              433.57              43.357E-09         96.6236E-06 
              434.37              43.437E-09         96.7137E-06 
              435.17              43.517E-09         96.8036E-06 
              435.97              43.597E-09         96.8935E-06 
              436.77              43.6769E-09        96.9832E-06 
              437.57              43.757E-09         97.0729E-06 
              438.37              43.837E-09         97.1624E-06 
              439.17              43.917E-09         97.2517E-06 
              439.97              43.997E-09         97.341E-06  
              440.77              44.077E-09         97.4302E-06 
              441.57              44.157E-09         97.5191E-06 
              442.37              44.237E-09         97.608E-06  
              443.17              44.317E-09         97.6968E-06 
              443.97              44.397E-09         97.7854E-06 
              444.77              44.477E-09         97.8739E-06 
              445.57              44.557E-09         97.9622E-06 
              446.37              44.637E-09         98.0504E-06 
              447.17              44.7169E-09        98.1386E-06 
              447.97              44.797E-09         98.2266E-06 
              448.77              44.877E-09         98.3146E-06 
              449.57              44.957E-09         98.4026E-06 
              450.37              45.037E-09         98.4908E-06 
              451.17              45.117E-09         98.5788E-06 
              451.97              45.197E-09         98.6668E-06 
              452.77              45.277E-09         98.7547E-06 
              453.57              45.357E-09         98.8424E-06 
              454.37              45.437E-09         98.9299E-06 
              455.17              45.517E-09         99.0174E-06 
              455.97              45.597E-09         99.1049E-06 
              456.77              45.677E-09         99.1925E-06 
              457.57              45.757E-09         99.28E-06   
              458.37              45.837E-09         99.3675E-06 
              459.17              45.917E-09         99.4546E-06 
              459.97              45.997E-09         99.5415E-06 
              460.77              46.077E-09         99.6282E-06 
              461.57              46.157E-09         99.7149E-06 
              462.37              46.237E-09         99.8014E-06 
              463.17              46.317E-09         99.888E-06  
              463.97              46.397E-09         99.9745E-06 
              464.77              46.477E-09        100.061E-06  
              465.57              46.557E-09        100.147E-06  
              466.37              46.637E-09        100.233E-06  
              467.17              46.717E-09        100.32E-06   
              467.97              46.797E-09        100.406E-06  
              468.77              46.877E-09        100.492E-06  
              469.57              46.957E-09        100.578E-06  
              470.37              47.037E-09        100.645E-06  
              471.17              47.117E-09        100.736E-06  
              471.97              47.1969E-09       100.832E-06  
              472.77              47.277E-09        100.922E-06  
              473.57              47.357E-09        101.011E-06  
              474.37              47.437E-09        101.098E-06  
              475.17              47.5169E-09       101.184E-06  
              475.97              47.597E-09        101.319E-06  
              476.77              47.677E-09        101.371E-06  
              477.57              47.757E-09        101.449E-06  
              478.37              47.837E-09        101.532E-06  
              479.17              47.917E-09        101.616E-06  
              479.97              47.997E-09        101.702E-06  
              480.77              48.077E-09        101.787E-06  
              481.57              48.157E-09        101.873E-06  
              482.37              48.2369E-09       101.959E-06  
              483.17              48.317E-09        102.045E-06  
              483.97              48.397E-09        102.131E-06  
              484.77              48.477E-09        102.217E-06  
              485.57              48.5569E-09       102.303E-06  
              486.37              48.637E-09        102.39E-06   
              487.17              48.717E-09        102.476E-06  
              487.97              48.797E-09        102.562E-06  
              488.77              48.877E-09        102.648E-06  
              489.57              48.957E-09        102.734E-06  
              490.37              49.037E-09        102.821E-06  
              491.17              49.117E-09        102.908E-06  
              491.97              49.197E-09        102.995E-06  
              492.77              49.277E-09        103.082E-06  
              493.57              49.357E-09        103.169E-06  
              494.37              49.437E-09        103.255E-06  
              495.17              49.5169E-09       103.244E-06  
              495.97              49.597E-09        103.414E-06  
              496.77              49.677E-09        103.506E-06  
              497.57              49.757E-09        103.607E-06  
              498.37              49.837E-09        103.702E-06  
              499.17              49.917E-09        103.795E-06  
              499.97              49.997E-09        103.885E-06  
              500.77              50.077E-09        103.973E-06  
              501.57              50.157E-09        104.061E-06  
              502.37              50.2369E-09       104.148E-06  
              503.17              50.317E-09        104.235E-06  
              503.97              50.397E-09        104.56E-06   
              504.77              50.477E-09        104.893E-06  
              505.57              50.5569E-09       105.208E-06  
              506.37              50.637E-09        105.505E-06  
              507.17              50.717E-09        105.784E-06  
              507.97              50.797E-09        106.045E-06  
              508.77              50.877E-09        106.291E-06  
              509.57              50.957E-09        106.521E-06  
              510.37              51.037E-09        106.735E-06  
              511.17              51.117E-09        106.935E-06  
              511.97              51.197E-09        107.122E-06  
              512.77              51.277E-09        107.299E-06  
              513.57              51.357E-09        107.468E-06  
              514.37              51.437E-09        107.63E-06   
              515.169             51.517E-09        107.787E-06  
              515.97              51.597E-09        107.938E-06  
              516.77              51.677E-09        108.083E-06  
              517.57              51.757E-09        108.225E-06  
              518.37              51.837E-09        108.361E-06  
              519.169             51.917E-09        108.495E-06  
              519.97              51.9969E-09       108.625E-06  
              520.77              52.077E-09        108.752E-06  
              521.57              52.157E-09        108.876E-06  
              522.37              52.237E-09        108.998E-06  
              523.169             52.317E-09        109.118E-06  
              523.97              52.397E-09        109.236E-06  
              524.77              52.477E-09        109.352E-06  
              525.57              52.557E-09        109.466E-06  
              526.37              52.637E-09        109.579E-06  
              527.169             52.717E-09        109.69E-06   
              527.97              52.797E-09        109.8E-06    
              528.77              52.877E-09        109.909E-06  
              529.57              52.957E-09        110.016E-06  
              530.37              53.037E-09        110.122E-06  
              531.169             53.117E-09        110.226E-06  
              531.97              53.197E-09        110.33E-06   
              532.77              53.277E-09        110.433E-06  
              533.57              53.3569E-09       110.535E-06  
              534.37              53.437E-09        110.637E-06  
              535.169             53.517E-09        110.738E-06  
              535.97              53.597E-09        110.838E-06  
              536.77              53.677E-09        110.937E-06  
              537.57              53.757E-09        111.036E-06  
              538.37              53.837E-09        111.134E-06  
              539.169             53.917E-09        111.232E-06  
              539.97              53.997E-09        111.329E-06  
              540.77              54.077E-09        111.425E-06  
              541.57              54.157E-09        111.522E-06  
              542.37              54.237E-09        111.618E-06  
              543.169             54.317E-09        111.713E-06  
              543.97              54.397E-09        111.808E-06  
              544.77              54.477E-09        111.903E-06  
              545.57              54.557E-09        111.998E-06  
              546.37              54.637E-09        112.092E-06  
              547.169             54.717E-09        112.186E-06  
              547.97              54.797E-09        112.28E-06   
              548.77              54.877E-09        112.374E-06  
              549.57              54.957E-09        112.467E-06  
              550.37              55.0369E-09       112.651E-06  
              551.169             55.117E-09        112.955E-06  
              551.97              55.197E-09        113.245E-06  
              552.77              55.277E-09        113.52E-06   
              553.57              55.357E-09        113.78E-06   
              554.37              55.437E-09        114.024E-06  
              555.169             55.517E-09        114.254E-06  
              555.97              55.597E-09        114.471E-06  
              556.77              55.677E-09        114.677E-06  
              557.57              55.757E-09        114.873E-06  
              558.37              55.837E-09        115.061E-06  
              559.169             55.917E-09        115.242E-06  
              559.97              55.997E-09        115.417E-06  
              560.77              56.077E-09        115.586E-06  
              561.57              56.157E-09        115.75E-06   
              562.37              56.237E-09        115.91E-06   
              563.169             56.317E-09        116.098E-06  
              563.97              56.3969E-09       116.281E-06  
              564.77              56.477E-09        116.459E-06  
              565.57              56.557E-09        116.63E-06   
              566.37              56.637E-09        116.796E-06  
              567.169             56.717E-09        116.958E-06  
              567.97              56.797E-09        117.114E-06  
              568.77              56.877E-09        117.267E-06  
              569.57              56.957E-09        117.416E-06  
              570.37              57.037E-09        117.562E-06  
              571.169             57.117E-09        117.705E-06  
              571.97              57.197E-09        117.845E-06  
              572.77              57.277E-09        117.983E-06  
              573.57              57.357E-09        118.118E-06  
              574.37              57.437E-09        118.251E-06  
              575.169             57.517E-09        118.381E-06  
              575.97              57.597E-09        118.51E-06   
              576.77              57.677E-09        118.672E-06  
              577.57              57.757E-09        118.853E-06  
              578.37              57.837E-09        119.027E-06  
              579.169             57.917E-09        119.195E-06  
              579.97              57.997E-09        119.356E-06  
              580.77              58.077E-09        119.511E-06  
              581.57              58.157E-09        119.662E-06  
              582.37              58.237E-09        119.81E-06   
              583.169             58.317E-09        119.953E-06  
              583.97              58.397E-09        120.094E-06  
              584.77              58.477E-09        120.232E-06  
              585.57              58.557E-09        120.368E-06  
              586.37              58.637E-09        120.501E-06  
              587.169             58.717E-09        120.757E-06  
              587.97              58.797E-09        121.195E-06  
              588.77              58.877E-09        121.631E-06  
              589.57              58.957E-09        122.052E-06  
              590.37              59.037E-09        122.449E-06  
              591.169             59.117E-09        122.818E-06  
              591.97              59.197E-09        123.303E-06  
              592.77              59.277E-09        123.869E-06  
              593.57              59.357E-09        124.407E-06  
              594.37              59.437E-09        124.907E-06  
              595.169             59.517E-09        125.366E-06  
              595.97              59.597E-09        125.805E-06  
              596.77              59.677E-09        126.243E-06  
              597.57              59.757E-09        126.655E-06  
              598.37              59.837E-09        127.041E-06  
              599.169             59.917E-09        127.404E-06  
              599.97              59.997E-09        127.746E-06  
              600.77              60.077E-09        128.07E-06   
              601.57              60.157E-09        128.375E-06  
              602.37              60.237E-09        128.667E-06  
              603.169             60.317E-09        128.935E-06  
              603.97              60.397E-09        129.189E-06  
              604.77              60.477E-09        129.429E-06  
              605.57              60.557E-09        129.657E-06  
              606.37              60.637E-09        129.874E-06  
              607.169             60.717E-09        130.082E-06  
              607.97              60.797E-09        130.282E-06  
              608.77              60.877E-09        130.475E-06  
              609.57              60.957E-09        130.661E-06  
              610.37              61.037E-09        130.841E-06  
              611.169             61.117E-09        131.068E-06  
              611.97              61.197E-09        131.203E-06  
              612.77              61.277E-09        131.36E-06   
              613.57              61.3569E-09       131.519E-06  
              614.37              61.4369E-09       131.675E-06  
              615.169             61.517E-09        131.83E-06   
              615.97              61.597E-09        131.982E-06  
              616.77              61.677E-09        132.131E-06  
              617.57              61.757E-09        132.278E-06  
              618.37              61.837E-09        132.422E-06  
              619.169             61.917E-09        132.564E-06  
              619.97              61.997E-09        132.703E-06  
              620.77              62.077E-09        132.841E-06  
              621.57              62.1569E-09       132.976E-06  
              622.37              62.237E-09        133.11E-06   
              623.169             62.317E-09        133.242E-06  
              623.97              62.397E-09        133.372E-06  
              624.77              62.477E-09        133.5E-06    
              625.57              62.557E-09        133.627E-06  
              626.37              62.637E-09        133.753E-06  
              627.169             62.717E-09        133.877E-06  
              627.97              62.797E-09        134.E-06     
              628.77              62.877E-09        134.207E-06  
              629.57              62.957E-09        134.424E-06  
              630.37              63.037E-09        134.631E-06  
              631.169             63.117E-09        134.829E-06  
              631.97              63.197E-09        135.122E-06  
              632.77              63.277E-09        135.236E-06  
              633.57              63.357E-09        135.393E-06  
              634.37              63.4369E-09       135.557E-06  
              635.169             63.517E-09        135.72E-06   
              635.97              63.597E-09        135.881E-06  
              636.77              63.677E-09        136.04E-06   
              637.57              63.757E-09        136.197E-06  
              638.37              63.837E-09        136.351E-06  
              639.169             63.917E-09        136.503E-06  
              639.97              63.997E-09        136.653E-06  
              640.77              64.077E-09        136.801E-06  
              641.57              64.157E-09        137.037E-06  
              642.37              64.2369E-09       137.118E-06  
              643.169             64.317E-09        137.246E-06  
              643.97              64.397E-09        137.38E-06   
              644.77              64.477E-09        137.515E-06  
              645.57              64.557E-09        137.649E-06  
              646.37              64.637E-09        137.782E-06  
              647.169             64.717E-09        137.914E-06  
              647.97              64.7969E-09       138.045E-06  
              648.77              64.877E-09        138.174E-06  
              649.57              64.957E-09        138.303E-06  
              650.37              65.0369E-09       138.431E-06  
              651.169             65.117E-09        138.558E-06  
              651.97              65.197E-09        138.61E-06   
              652.77              65.277E-09        138.782E-06  
              653.57              65.357E-09        138.909E-06  
              654.37              65.437E-09        139.038E-06  
              655.169             65.517E-09        139.165E-06  
              655.97              65.5969E-09       139.289E-06  
              656.77              65.677E-09        139.412E-06  
              657.57              65.757E-09        139.534E-06  
              658.37              65.837E-09        139.649E-06  
              659.169             65.917E-09        139.773E-06  
              659.97              65.997E-09        139.894E-06  
              660.77              66.077E-09        140.015E-06  
              661.57              66.157E-09        140.135E-06  
              662.37              66.237E-09        140.254E-06  
              663.169             66.317E-09        140.373E-06  
              663.97              66.3969E-09       140.491E-06  
              664.77              66.477E-09        140.609E-06  
              665.57              66.557E-09        140.727E-06  
              666.37              66.637E-09        140.844E-06  
              667.169             66.717E-09        140.962E-06  
              667.97              66.797E-09        141.091E-06  
              668.77              66.8769E-09       141.25E-06   
              669.57              66.957E-09        141.404E-06  
              670.37              67.037E-09        141.558E-06  
              671.169             67.117E-09        141.708E-06  
              671.97              67.197E-09        141.854E-06  
              672.77              67.277E-09        142.041E-06  
              673.57              67.357E-09        142.234E-06  
              674.37              67.437E-09        142.423E-06  
              675.169             67.517E-09        142.607E-06  
              675.97              67.5969E-09       142.786E-06  
              676.77              67.6769E-09       142.962E-06  
              677.57              67.757E-09        143.133E-06  
              678.37              67.837E-09        143.301E-06  
              679.169             67.917E-09        143.465E-06  
              679.97              67.997E-09        143.627E-06  
              680.77              68.077E-09        143.787E-06  
              681.57              68.157E-09        143.944E-06  
              682.37              68.2369E-09       144.099E-06  
              683.169             68.3169E-09       144.252E-06  
              683.97              68.397E-09        144.402E-06  
              684.77              68.477E-09        144.552E-06  
              685.57              68.557E-09        144.699E-06  
              686.37              68.637E-09        144.846E-06  
              687.169             68.717E-09        144.991E-06  
              687.97              68.797E-09        145.134E-06  
              688.77              68.877E-09        145.277E-06  
              689.57              68.9569E-09       145.419E-06  
              690.37              69.0369E-09       145.559E-06  
              691.169             69.117E-09        145.699E-06  
              691.97              69.197E-09        145.837E-06  
              692.77              69.277E-09        145.974E-06  
              693.57              69.357E-09        146.111E-06  
              694.37              69.437E-09        146.247E-06  
              695.169             69.517E-09        146.381E-06  
              695.97              69.597E-09        146.515E-06  
              696.77              69.6769E-09       146.648E-06  
              697.57              69.757E-09        146.78E-06   
              698.37              69.837E-09        146.911E-06  
              699.169             69.917E-09        147.042E-06  
              699.97              69.997E-09        147.171E-06  
              700.77              70.077E-09        147.3E-06    
              701.57              70.157E-09        147.429E-06  
              702.37              70.237E-09        147.556E-06  
              703.169             70.3169E-09       147.684E-06  
              703.97              70.3969E-09       147.811E-06  
              704.77              70.477E-09        147.937E-06  
              705.57              70.557E-09        148.063E-06  
              706.37              70.637E-09        148.189E-06  
              707.169             70.717E-09        148.314E-06  
              707.97              70.797E-09        148.439E-06  
              708.77              70.877E-09        148.563E-06  
              709.57              70.957E-09        148.687E-06  
              710.37              71.0369E-09       148.811E-06  
              711.169             71.1169E-09       148.935E-06  
              711.97              71.197E-09        149.058E-06  
              712.77              71.277E-09        149.181E-06  
              713.57              71.357E-09        149.304E-06  
              714.37              71.437E-09        149.426E-06  
              715.169             71.517E-09        149.549E-06  
              715.97              71.597E-09        149.671E-06  
              716.77              71.6769E-09       149.793E-06  
              717.57              71.757E-09        149.915E-06  
              718.37              71.837E-09        150.037E-06  
              719.169             71.917E-09        150.158E-06  
              719.97              71.997E-09        150.28E-06   
              720.77              72.077E-09        150.401E-06  
              721.57              72.157E-09        150.522E-06  
              722.37              72.237E-09        150.642E-06  
              723.169             72.317E-09        150.763E-06  
              723.97              72.3969E-09       150.883E-06  
              724.77              72.4769E-09       151.003E-06  
              725.57              72.557E-09        151.123E-06  
              726.37              72.637E-09        151.243E-06  
              727.169             72.717E-09        151.363E-06  
              727.97              72.797E-09        151.482E-06  
              728.77              72.877E-09        151.601E-06  
              729.57              72.957E-09        151.72E-06   
              730.37              73.037E-09        151.839E-06  
              731.169             73.117E-09        151.958E-06  
              731.97              73.197E-09        152.077E-06  
              732.77              73.277E-09        152.196E-06  
              733.57              73.357E-09        152.315E-06  
              734.37              73.437E-09        152.434E-06  
              735.169             73.517E-09        152.553E-06  
              735.97              73.597E-09        152.671E-06  
              736.77              73.6769E-09       152.79E-06   
              737.57              73.757E-09        152.909E-06  
              738.37              73.837E-09        153.027E-06  
              739.169             73.917E-09        153.145E-06  
              739.97              73.997E-09        153.263E-06  
              740.77              74.077E-09        153.381E-06  
              741.57              74.157E-09        153.499E-06  
              742.37              74.237E-09        153.617E-06  
              743.169             74.317E-09        153.735E-06  
              743.97              74.3969E-09       153.853E-06  
              744.77              74.477E-09        153.97E-06   
              745.57              74.5569E-09       154.088E-06  
              746.37              74.637E-09        154.205E-06  
              747.169             74.717E-09        154.323E-06  
              747.97              74.797E-09        154.44E-06   
              748.77              74.877E-09        154.557E-06  
              749.57              74.957E-09        154.674E-06  
              750.37              75.037E-09        154.792E-06  
              751.169             75.117E-09        154.909E-06  
              751.97              75.197E-09        155.027E-06  
              752.77              75.277E-09        155.145E-06  
              753.57              75.357E-09        155.262E-06  
              754.37              75.437E-09        155.379E-06  
              755.169             75.517E-09        155.496E-06  
              755.97              75.597E-09        155.614E-06  
              756.77              75.677E-09        155.731E-06  
              757.57              75.757E-09        155.848E-06  
              758.37              75.837E-09        155.964E-06  
              759.169             75.9169E-09       156.081E-06  
              759.97              75.997E-09        156.199E-06  
              760.77              76.077E-09        156.316E-06  
              761.57              76.157E-09        156.433E-06  
              762.37              76.237E-09        156.551E-06  
              763.169             76.317E-09        156.668E-06  
              763.97              76.397E-09        156.786E-06  
              764.77              76.4769E-09       156.903E-06  
              765.57              76.557E-09        157.02E-06   
              766.37              76.637E-09        157.138E-06  
              767.169             76.7169E-09       157.255E-06  
              767.97              76.797E-09        157.373E-06  
              768.77              76.877E-09        157.502E-06  
              769.57              76.957E-09        157.757E-06  
              770.37              77.037E-09        158.009E-06  
              771.169             77.117E-09        158.256E-06  
              771.97              77.1969E-09       158.495E-06  
              772.77              77.277E-09        158.726E-06  
              773.57              77.357E-09        158.951E-06  
              774.37              77.437E-09        159.17E-06   
              775.169             77.517E-09        159.382E-06  
              775.97              77.597E-09        159.588E-06  
              776.77              77.677E-09        159.789E-06  
              777.57              77.757E-09        159.984E-06  
              778.37              77.837E-09        160.174E-06  
              779.169             77.9169E-09       160.359E-06  
              779.97              77.9969E-09       160.539E-06  
              780.77              78.077E-09        160.713E-06  
              781.57              78.157E-09        160.883E-06  
              782.37              78.237E-09        161.048E-06  
              783.169             78.317E-09        161.21E-06   
              783.97              78.397E-09        161.368E-06  
              784.77              78.477E-09        161.525E-06  
              785.57              78.5569E-09       161.679E-06  
              786.37              78.637E-09        161.832E-06  
              787.169             78.717E-09        161.982E-06  
              787.97              78.797E-09        162.131E-06  
              788.77              78.877E-09        162.279E-06  
              789.57              78.957E-09        162.426E-06  
              790.37              79.037E-09        162.571E-06  
              791.169             79.117E-09        162.715E-06  
              791.97              79.197E-09        162.858E-06  
              792.77              79.2769E-09       162.859E-06  
              793.57              79.3569E-09       163.102E-06  
              794.37              79.437E-09        163.227E-06  
              795.169             79.517E-09        163.37E-06   
              795.97              79.597E-09        163.512E-06  
              796.77              79.677E-09        163.651E-06  
              797.57              79.757E-09        163.788E-06  
              798.37              79.837E-09        163.924E-06  
              799.169             79.9169E-09       164.058E-06  
              799.97              79.9969E-09       164.191E-06  
              800.77              80.077E-09        164.324E-06  
              801.57              80.157E-09        164.456E-06  
              802.37              80.237E-09        164.587E-06  
              803.169             80.317E-09        164.718E-06  
              803.97              80.397E-09        164.848E-06  
              804.77              80.477E-09        164.978E-06  
              805.57              80.557E-09        165.108E-06  
              806.37              80.6369E-09       165.238E-06  
              807.169             80.7169E-09       165.367E-06  
              807.97              80.797E-09        165.496E-06  
              808.77              80.877E-09        165.63E-06   
              809.57              80.957E-09        165.795E-06  
              810.37              81.037E-09        165.959E-06  
              811.169             81.117E-09        166.12E-06   
              811.97              81.197E-09        166.278E-06  
              812.77              81.277E-09        166.433E-06  
              813.57              81.3569E-09       166.585E-06  
              814.37              81.437E-09        166.736E-06  
              815.169             81.517E-09        166.884E-06  
              815.97              81.597E-09        167.032E-06  
              816.77              81.677E-09        167.177E-06  
              817.57              81.757E-09        167.322E-06  
              818.37              81.837E-09        167.466E-06  
              819.169             81.917E-09        167.609E-06  
              819.97              81.9969E-09       167.751E-06  
              820.77              82.077E-09        167.893E-06  
              821.57              82.157E-09        168.034E-06  
              822.37              82.237E-09        168.174E-06  
              823.169             82.317E-09        168.314E-06  
              823.97              82.397E-09        168.454E-06  
              824.77              82.477E-09        168.593E-06  
              825.57              82.557E-09        168.732E-06  
              826.37              82.637E-09        168.87E-06   
              827.169             82.7169E-09       169.008E-06  
              827.97              82.7969E-09       169.146E-06  
              828.77              82.877E-09        169.283E-06  
              829.57              82.957E-09        169.421E-06  
              830.37              83.037E-09        169.558E-06  
              831.169             83.117E-09        169.694E-06  
              831.97              83.197E-09        169.831E-06  
              832.77              83.2769E-09       169.967E-06  
              833.57              83.3569E-09       170.103E-06  
              834.37              83.437E-09        170.238E-06  
              835.169             83.517E-09        170.374E-06  
              835.97              83.597E-09        170.509E-06  
              836.77              83.677E-09        170.643E-06  
              837.57              83.757E-09        170.778E-06  
              838.37              83.837E-09        170.912E-06  
              839.169             83.917E-09        171.046E-06  
              839.97              83.9969E-09       171.22E-06   
              840.77              84.077E-09        171.426E-06  
              841.57              84.1569E-09       171.629E-06  
              842.37              84.237E-09        171.829E-06  
              843.169             84.317E-09        172.024E-06  
              843.97              84.397E-09        172.214E-06  
              844.77              84.477E-09        172.399E-06  
              845.57              84.557E-09        172.581E-06  
              846.37              84.637E-09        172.758E-06  
              847.169             84.717E-09        172.932E-06  
              847.97              84.797E-09        173.103E-06  
              848.77              84.8769E-09       173.272E-06  
              849.57              84.957E-09        173.438E-06  
              850.37              85.037E-09        173.602E-06  
              851.169             85.117E-09        173.769E-06  
              851.97              85.197E-09        173.996E-06  
              852.77              85.277E-09        174.22E-06   
              853.57              85.3569E-09       174.439E-06  
              854.37              85.437E-09        174.652E-06  
              855.169             85.517E-09        174.859E-06  
              855.97              85.597E-09        175.141E-06  
              856.77              85.677E-09        175.469E-06  
              857.57              85.757E-09        175.783E-06  
              858.37              85.837E-09        176.084E-06  
              859.169             85.917E-09        176.371E-06  
              859.97              85.997E-09        176.647E-06  
              860.77              86.077E-09        176.911E-06  
              861.57              86.157E-09        177.165E-06  
              862.37              86.2369E-09       177.41E-06   
              863.169             86.317E-09        177.648E-06  
              863.97              86.397E-09        177.88E-06   
              864.77              86.477E-09        178.105E-06  
              865.57              86.557E-09        178.326E-06  
              866.37              86.637E-09        178.541E-06  
              867.169             86.7169E-09       178.752E-06  
              867.97              86.7969E-09       178.958E-06  
              868.77              86.877E-09        179.162E-06  
              869.57              86.957E-09        179.362E-06  
              870.37              87.037E-09        179.559E-06  
              871.169             87.117E-09        179.753E-06  
              871.97              87.197E-09        179.945E-06  
              872.77              87.277E-09        180.134E-06  
              873.57              87.357E-09        180.32E-06   
              874.37              87.437E-09        180.504E-06  
              875.169             87.5169E-09       180.687E-06  
              875.97              87.5969E-09       180.867E-06  
              876.77              87.677E-09        181.045E-06  
              877.57              87.757E-09        181.221E-06  
              878.37              87.837E-09        181.612E-06  
              879.169             87.917E-09        182.006E-06  
              879.97              87.997E-09        182.388E-06  
              880.77              88.077E-09        182.755E-06  
              881.57              88.157E-09        183.108E-06  
              882.37              88.237E-09        183.446E-06  
              883.169             88.3169E-09       183.769E-06  
              883.97              88.397E-09        184.078E-06  
              884.77              88.477E-09        184.373E-06  
              885.57              88.557E-09        184.657E-06  
              886.37              88.637E-09        184.93E-06   
              887.169             88.717E-09        185.196E-06  
              887.97              88.797E-09        185.454E-06  
              888.77              88.8769E-09       185.704E-06  
              889.57              88.957E-09        185.948E-06  
              890.37              89.037E-09        186.186E-06  
              891.169             89.117E-09        186.417E-06  
              891.97              89.197E-09        186.642E-06  
              892.77              89.277E-09        186.942E-06  
              893.57              89.357E-09        187.404E-06  
              894.37              89.437E-09        187.862E-06  
              895.169             89.517E-09        188.308E-06  
              895.97              89.5969E-09       188.736E-06  
              896.77              89.6769E-09       189.141E-06  
              897.57              89.757E-09        189.522E-06  
              898.37              89.837E-09        189.884E-06  
              899.169             89.917E-09        190.226E-06  
              899.97              89.997E-09        190.552E-06  
              900.77              90.077E-09        190.861E-06  
              901.57              90.157E-09        191.154E-06  
              902.37              90.2369E-09       191.432E-06  
              903.169             90.3169E-09       191.695E-06  
              903.97              90.397E-09        191.947E-06  
              904.77              90.477E-09        192.19E-06   
              905.57              90.557E-09        192.424E-06  
              906.37              90.637E-09        192.651E-06  
              907.169             90.717E-09        192.873E-06  
              907.97              90.797E-09        193.089E-06  
              908.77              90.877E-09        193.301E-06  
              909.57              90.9569E-09       193.509E-06  
              910.37              91.0369E-09       193.713E-06  
              911.169             91.117E-09        193.913E-06  
              911.97              91.197E-09        194.111E-06  
              912.77              91.277E-09        194.307E-06  
              913.57              91.357E-09        194.5E-06    
              914.37              91.437E-09        194.692E-06  
              915.169             91.517E-09        194.881E-06  
              915.97              91.597E-09        195.068E-06  
              916.77              91.6769E-09       195.254E-06  
              917.57              91.757E-09        195.438E-06  
              918.37              91.837E-09        195.62E-06   
              919.169             91.917E-09        195.801E-06  
              919.97              91.997E-09        195.981E-06  
              920.77              92.077E-09        196.16E-06   
              921.57              92.157E-09        196.337E-06  
              922.37              92.237E-09        196.514E-06  
              923.169             92.3169E-09       196.689E-06  
              923.97              92.3969E-09       196.863E-06  
              924.77              92.477E-09        197.037E-06  
              925.57              92.557E-09        197.209E-06  
              926.37              92.637E-09        197.381E-06  
              927.169             92.717E-09        197.552E-06  
              927.97              92.797E-09        197.723E-06  
              928.77              92.8769E-09       197.893E-06  
              929.57              92.957E-09        198.062E-06  
              930.37              93.0369E-09       198.23E-06   
              931.169             93.1169E-09       198.397E-06  
              931.97              93.197E-09        198.564E-06  
              932.77              93.277E-09        198.73E-06   
              933.57              93.357E-09        198.894E-06  
              934.37              93.437E-09        199.058E-06  
              935.169             93.517E-09        199.221E-06  
              935.97              93.5969E-09       199.384E-06  
              936.77              93.6769E-09       199.546E-06  
              937.57              93.757E-09        199.707E-06  
              938.37              93.837E-09        199.868E-06  
              939.169             93.917E-09        200.028E-06  
              939.97              93.997E-09        200.348E-06  
              940.77              94.077E-09        200.727E-06  
              941.57              94.157E-09        201.102E-06  
              942.37              94.237E-09        201.465E-06  
              943.169             94.317E-09        201.811E-06  
              943.97              94.3969E-09       202.137E-06  
              944.77              94.4769E-09       202.442E-06  
              945.57              94.557E-09        202.499E-06  
              946.37              94.637E-09        202.777E-06  
              946.57              94.657E-09        203.012E-06  
              946.72              94.672E-09        202.97E-06   
              946.945             94.6945E-09       203.102E-06  
              947.282             94.7282E-09       203.183E-06  
              947.788             94.7788E-09       203.391E-06  
              948.548             94.8548E-09       203.623E-06  
              949.348             94.9348E-09       203.864E-06  
              950.148             95.0148E-09       204.105E-06  
              950.948             95.0948E-09       204.341E-06  
              951.748             95.1748E-09       204.57E-06   
              952.548             95.2548E-09       204.793E-06  
              953.348             95.3348E-09       205.01E-06   
              954.148             95.4148E-09       205.221E-06  
              954.948             95.4948E-09       205.428E-06  
              955.748             95.5748E-09       205.63E-06   
              956.548             95.6548E-09       205.828E-06  
              957.348             95.7348E-09       206.024E-06  
              958.148             95.8148E-09       206.216E-06  
              958.948             95.8948E-09       206.406E-06  
              959.748             95.9748E-09       206.593E-06  
              960.548             96.0548E-09       206.779E-06  
              961.348             96.1348E-09       206.963E-06  
              962.148             96.2148E-09       207.146E-06  
              962.948             96.2948E-09       207.327E-06  
              963.748             96.3748E-09       207.507E-06  
              964.548             96.4548E-09       207.686E-06  
              965.348             96.5348E-09       207.863E-06  
              966.148             96.6148E-09       208.039E-06  
              966.948             96.6948E-09       208.214E-06  
              967.748             96.7748E-09       208.387E-06  
              968.548             96.8548E-09       208.559E-06  
              969.348             96.9348E-09       208.73E-06   
              970.148             97.0148E-09       208.9E-06    
              970.948             97.0948E-09       209.069E-06  
              971.748             97.1748E-09       209.237E-06  
              972.548             97.2548E-09       209.404E-06  
              973.348             97.3348E-09       209.57E-06   
              974.148             97.4148E-09       209.735E-06  
              974.948             97.4948E-09       209.9E-06    
              975.748             97.5748E-09       210.064E-06  
              976.548             97.6548E-09       210.228E-06  
              977.348             97.7348E-09       210.39E-06   
              978.148             97.8148E-09       210.552E-06  
              978.948             97.8948E-09       210.714E-06  
              979.748             97.9748E-09       210.927E-06  
              980.548             98.0548E-09       211.051E-06  
              981.348             98.1348E-09       211.203E-06  
              982.148             98.2148E-09       211.358E-06  
              982.948             98.2948E-09       211.515E-06  
              983.748             98.3748E-09       211.673E-06  
              984.548             98.4548E-09       211.83E-06   
              985.348             98.5348E-09       211.987E-06  
              986.148             98.6148E-09       212.144E-06  
              986.948             98.6948E-09       212.3E-06    
              987.748             98.7748E-09       212.457E-06  
              988.548             98.8548E-09       212.613E-06  
              989.348             98.9348E-09       212.768E-06  
              990.148             99.0148E-09       212.924E-06  
              990.948             99.0948E-09       213.079E-06  
              991.748             99.1748E-09       213.235E-06  
              992.548             99.2548E-09       213.39E-06   
              993.348             99.3348E-09       213.545E-06  
              994.148             99.4148E-09       213.699E-06  
              994.948             99.4948E-09       213.854E-06  
              995.748             99.5748E-09       214.008E-06  
              996.548             99.6548E-09       214.162E-06  
              997.348             99.7348E-09       214.316E-06  
              998.148             99.8148E-09       214.47E-06   
              998.948             99.8948E-09       214.624E-06  
              999.748             99.9748E-09       214.778E-06  
                1.00055E+03      100.E-09           212.362E-06  
                1.00135E+03      100.E-09           209.142E-06  
                1.00175E+03      100.E-09           207.728E-06  
                1.0019E+03       100.E-09           207.241E-06  
                1.00201E+03       98.9853E-09       122.783E-06  
                1.00202E+03       97.9306E-09        38.8405E-06 
                1.00202E+03       97.9306E-09        23.4128E-06 




