
                  X             Displacement          Force      

                0.                -0.                 0.         
                1.E-03           100.E-15             1.12305E-09
                2.E-03           200.E-15           705.781E-12  
                3.5E-03          350.E-15            70.4427E-12 
                5.75E-03         575.E-15             5.55354E-12
                9.125E-03        912.5E-15          545.344E-15  
               14.1875E-03         1.41875E-12       54.4662E-15 
               21.7812E-03         2.17813E-12        5.44649E-15
               33.1719E-03         3.31719E-12      544.604E-18  
               50.2578E-03         5.02578E-12       54.4593E-18 
               75.8867E-03         7.58867E-12        5.44559E-18
              114.33E-03          11.433E-12        544.533E-21  
              171.995E-03         17.1995E-12        54.4481E-21 
              258.493E-03         25.8493E-12         5.44419E-21
              388.239E-03         38.8239E-12       544.35E-24   
              582.859E-03         58.2859E-12        54.4247E-24 
              874.788E-03         87.4788E-12         5.44088E-24
                1.31268          131.268E-12        543.85E-27   
                1.96952          196.952E-12         54.3494E-27 
                2.76952          276.952E-12          5.43059E-27
                3.56952          356.952E-12        542.625E-30  
                4.36952          436.952E-12         54.219E-30  
                5.16952          516.952E-12          5.41756E-30
                5.96952          596.952E-12        541.322E-33  
                6.76952          676.952E-12         54.0888E-33 
                7.56952          756.952E-12          5.40453E-33
                8.36952          836.952E-12        540.019E-36  
                9.16952          916.952E-12         53.9585E-36 
                9.96952          996.952E-12        411.121E-09  
               10.7695             1.07695E-09        1.16265E-06
               11.5695             1.15695E-09        1.91364E-06
               12.3695             1.23695E-09        2.64331E-06
               13.1695             1.31695E-09        3.26421E-06
               13.9695             1.39695E-09        3.71783E-06
               14.7695             1.47695E-09        4.04118E-06
               15.5695             1.55695E-09        4.3208E-06 
               16.3695             1.63695E-09        4.57452E-06
               17.1695             1.71695E-09        4.79936E-06
               17.9695             1.79695E-09        4.99948E-06
               18.7695             1.87695E-09        5.18165E-06
               19.5695             1.95695E-09        5.3501E-06 
               20.3695             2.03695E-09        5.50863E-06
               21.1695             2.11695E-09        5.66007E-06
               21.9695             2.19695E-09        5.80629E-06
               22.7695             2.27695E-09        5.94801E-06
               23.5695             2.35695E-09        6.08557E-06
               24.3695             2.43695E-09        6.21911E-06
               25.1695             2.51695E-09        6.34882E-06
               25.9695             2.59695E-09        6.47484E-06
               26.7695             2.67695E-09        6.59712E-06
               27.5695             2.75695E-09        6.71547E-06
               28.3695             2.83695E-09        6.82982E-06
               29.1695             2.91695E-09        6.94013E-06
               29.9695             2.99695E-09        7.04636E-06
               30.7695             3.07695E-09        7.14862E-06
               31.5695             3.15695E-09        7.24686E-06
               32.3695             3.23695E-09        7.34108E-06
               33.1695             3.31695E-09        7.43127E-06
               33.9695             3.39695E-09        7.51744E-06
               34.7695             3.47695E-09        7.59973E-06
               35.5695             3.55695E-09        7.67835E-06
               36.3695             3.63695E-09        7.75364E-06
               37.1695             3.71695E-09        7.82596E-06
               37.9695             3.79695E-09        7.89561E-06
               38.7695             3.87695E-09        7.96282E-06
               39.5695             3.95695E-09        8.02774E-06
               40.3695             4.03695E-09        8.09047E-06
               41.1695             4.11695E-09        8.15113E-06
               41.9695             4.19695E-09        8.20985E-06
               42.7695             4.27695E-09        8.26676E-06
               43.5695             4.35695E-09        8.32203E-06
               44.3695             4.43695E-09        8.37579E-06
               45.1695             4.51695E-09        8.42815E-06
               45.9695             4.59695E-09        8.47919E-06
               46.7695             4.67695E-09        8.52896E-06
               47.5695             4.75695E-09        8.57752E-06
               48.3695             4.83695E-09        8.62492E-06
               49.1695             4.91695E-09        8.67122E-06
               49.9695             4.99695E-09        8.71647E-06
               50.7695             5.07695E-09        8.76075E-06
               51.5695             5.15695E-09        8.80409E-06
               52.3695             5.23695E-09        8.84655E-06
               53.1695             5.31695E-09        8.88817E-06
               53.9695             5.39695E-09        8.92899E-06
               54.7695             5.47695E-09        8.96903E-06
               55.5695             5.55695E-09        9.00833E-06
               56.3695             5.63695E-09        9.04691E-06
               57.1695             5.71695E-09        9.08479E-06
               57.9695             5.79695E-09        9.122E-06  
               58.7695             5.87695E-09        9.15856E-06
               59.5695             5.95695E-09        9.1945E-06 
               60.3695             6.03695E-09        9.49609E-06
               61.1695             6.11695E-09       10.2653E-06 
               61.9695             6.19695E-09       11.2281E-06 
               62.7695             6.27695E-09       12.143E-06  
               63.5695             6.35695E-09       13.3561E-06 
               64.3695             6.43695E-09       14.7183E-06 
               65.1695             6.51695E-09       15.9809E-06 
               65.9695             6.59695E-09       17.1417E-06 
               66.7695             6.67695E-09       18.1999E-06 
               67.5695             6.75695E-09       19.1504E-06 
               68.3695             6.83695E-09       20.0052E-06 
               69.1695             6.91695E-09       20.7791E-06 
               69.9695             6.99695E-09       21.4717E-06 
               70.7695             7.07695E-09       22.0944E-06 
               71.5695             7.15695E-09       22.6571E-06 
               72.3695             7.23695E-09       23.1681E-06 
               73.1695             7.31695E-09       23.6376E-06 
               73.9695             7.39695E-09       24.0743E-06 
               74.7695             7.47695E-09       24.4848E-06 
               75.5695             7.55695E-09       24.8731E-06 
               76.3695             7.63695E-09       25.2412E-06 
               77.1695             7.71695E-09       25.5908E-06 
               77.9695             7.79695E-09       25.9235E-06 
               78.7695             7.87695E-09       26.2403E-06 
               79.5695             7.95695E-09       26.5425E-06 
               80.3695             8.03695E-09       26.8312E-06 
               81.1695             8.11695E-09       27.1072E-06 
               81.9695             8.19695E-09       27.3717E-06 
               82.7695             8.27695E-09       27.6258E-06 
               83.5695             8.35695E-09       27.8705E-06 
               84.3695             8.43695E-09       28.1065E-06 
               85.1695             8.51695E-09       28.3345E-06 
               85.9695             8.59695E-09       28.5549E-06 
               86.7695             8.67695E-09       28.7684E-06 
               87.5695             8.75695E-09       28.9754E-06 
               88.3695             8.83695E-09       29.1763E-06 
               89.1695             8.91695E-09       29.3713E-06 
               89.9695             8.99695E-09       29.5608E-06 
               90.7695             9.07695E-09       29.7451E-06 
               91.5695             9.15695E-09       29.9245E-06 
               92.3695             9.23695E-09       30.0993E-06 
               93.1695             9.31695E-09       30.2697E-06 
               93.9695             9.39695E-09       30.4361E-06 
               94.7695             9.47695E-09       30.5985E-06 
               95.5695             9.55695E-09       30.7572E-06 
               96.3695             9.63695E-09       30.9123E-06 
               97.1695             9.71695E-09       31.064E-06  
               97.9695             9.79695E-09       31.2124E-06 
               98.7695             9.87695E-09       31.3577E-06 
               99.5695             9.95695E-09       31.4999E-06 
              100.37              10.037E-09         31.6393E-06 
              101.17              10.117E-09         31.776E-06  
              101.97              10.197E-09         31.9102E-06 
              102.77              10.277E-09         32.0419E-06 
              103.57              10.357E-09         32.1713E-06 
              104.37              10.437E-09         32.2986E-06 
              105.17              10.517E-09         32.4237E-06 
              105.97              10.597E-09         32.5468E-06 
              106.77              10.677E-09         32.6679E-06 
              107.57              10.757E-09         32.7872E-06 
              108.37              10.837E-09         32.9046E-06 
              109.17              10.917E-09         33.0203E-06 
              109.97              10.997E-09         33.1343E-06 
              110.77              11.077E-09         33.2466E-06 
              111.57              11.157E-09         33.3575E-06 
              112.37              11.237E-09         33.4668E-06 
              113.17              11.317E-09         33.5747E-06 
              113.97              11.397E-09         33.6812E-06 
              114.77              11.477E-09         33.7864E-06 
              115.57              11.557E-09         33.8904E-06 
              116.37              11.637E-09         33.9931E-06 
              117.17              11.717E-09         34.1737E-06 
              117.97              11.797E-09         34.5941E-06 
              118.77              11.877E-09         35.1317E-06 
              119.57              11.957E-09         35.6326E-06 
              120.37              12.037E-09         36.0898E-06 
              121.17              12.117E-09         36.6579E-06 
              121.97              12.197E-09         37.3421E-06 
              122.77              12.277E-09         38.1929E-06 
              123.57              12.357E-09         38.9761E-06 
              124.37              12.437E-09         39.703E-06  
              125.17              12.517E-09         40.3744E-06 
              125.97              12.597E-09         40.9951E-06 
              126.77              12.677E-09         41.5711E-06 
              127.57              12.757E-09         42.1083E-06 
              128.37              12.837E-09         42.6073E-06 
              129.17              12.917E-09         43.0632E-06 
              129.97              12.997E-09         43.4785E-06 
              130.77              13.077E-09         43.8607E-06 
              131.57              13.157E-09         44.2157E-06 
              132.37              13.237E-09         44.548E-06  
              133.17              13.317E-09         44.8616E-06 
              133.97              13.397E-09         45.1591E-06 
              134.77              13.477E-09         45.4422E-06 
              135.57              13.557E-09         45.712E-06  
              136.37              13.637E-09         45.9696E-06 
              137.17              13.717E-09         46.216E-06  
              137.97              13.797E-09         46.4517E-06 
              138.77              13.877E-09         46.6777E-06 
              139.57              13.957E-09         46.8952E-06 
              140.37              14.037E-09         47.1051E-06 
              141.17              14.117E-09         47.3082E-06 
              141.97              14.197E-09         47.505E-06  
              142.77              14.277E-09         47.696E-06  
              143.57              14.357E-09         47.8816E-06 
              144.37              14.437E-09         48.0624E-06 
              145.17              14.517E-09         48.2389E-06 
              145.97              14.597E-09         48.4116E-06 
              146.77              14.677E-09         48.5808E-06 
              147.57              14.757E-09         48.7469E-06 
              148.37              14.837E-09         48.9099E-06 
              149.17              14.917E-09         49.0701E-06 
              149.97              14.997E-09         49.2276E-06 
              150.77              15.077E-09         49.3826E-06 
              151.57              15.157E-09         49.5351E-06 
              152.37              15.237E-09         49.6853E-06 
              153.17              15.317E-09         49.8334E-06 
              153.97              15.397E-09         49.9795E-06 
              154.77              15.477E-09         50.1236E-06 
              155.57              15.557E-09         50.2658E-06 
              156.37              15.637E-09         50.4061E-06 
              157.17              15.717E-09         50.5447E-06 
              157.97              15.797E-09         50.6818E-06 
              158.77              15.877E-09         50.8173E-06 
              159.57              15.957E-09         50.9513E-06 
              160.37              16.037E-09         51.084E-06  
              161.17              16.117E-09         51.2153E-06 
              161.97              16.197E-09         51.3453E-06 
              162.77              16.277E-09         51.474E-06  
              163.57              16.357E-09         51.6015E-06 
              164.37              16.437E-09         51.7278E-06 
              165.17              16.517E-09         51.8529E-06 
              165.97              16.597E-09         51.9768E-06 
              166.77              16.677E-09         52.0996E-06 
              167.57              16.757E-09         52.2212E-06 
              168.37              16.837E-09         52.3418E-06 
              169.17              16.917E-09         52.4614E-06 
              169.97              16.997E-09         52.5799E-06 
              170.77              17.077E-09         52.6972E-06 
              171.57              17.157E-09         52.8134E-06 
              172.37              17.237E-09         52.9286E-06 
              173.17              17.317E-09         53.0429E-06 
              173.97              17.397E-09         53.1561E-06 
              174.77              17.477E-09         53.2685E-06 
              175.57              17.557E-09         53.3799E-06 
              176.37              17.637E-09         53.4904E-06 
              177.17              17.717E-09         53.5999E-06 
              177.97              17.797E-09         53.7086E-06 
              178.77              17.877E-09         53.8164E-06 
              179.57              17.957E-09         53.9235E-06 
              180.37              18.037E-09         54.0298E-06 
              181.17              18.117E-09         54.1356E-06 
              181.97              18.197E-09         54.2405E-06 
              182.77              18.277E-09         54.3448E-06 
              183.57              18.357E-09         54.4484E-06 
              184.37              18.437E-09         54.5514E-06 
              185.17              18.517E-09         54.6537E-06 
              185.97              18.597E-09         54.7554E-06 
              186.77              18.677E-09         54.8565E-06 
              187.57              18.757E-09         54.957E-06  
              188.37              18.837E-09         55.0569E-06 
              189.17              18.917E-09         55.1562E-06 
              189.97              18.997E-09         55.255E-06  
              190.77              19.077E-09         55.3532E-06 
              191.57              19.157E-09         55.451E-06  
              192.37              19.237E-09         55.5483E-06 
              193.17              19.317E-09         55.645E-06  
              193.97              19.397E-09         55.7411E-06 
              194.77              19.477E-09         55.8367E-06 
              195.57              19.557E-09         55.9318E-06 
              196.37              19.637E-09         56.0265E-06 
              197.17              19.717E-09         56.1206E-06 
              197.97              19.797E-09         56.2142E-06 
              198.77              19.877E-09         56.3072E-06 
              199.57              19.957E-09         56.3998E-06 
              200.37              20.037E-09         56.4918E-06 
              201.17              20.117E-09         56.5833E-06 
              201.97              20.197E-09         56.6742E-06 
              202.77              20.277E-09         56.7647E-06 
              203.57              20.357E-09         56.8547E-06 
              204.37              20.437E-09         56.9443E-06 
              205.17              20.517E-09         57.0334E-06 
              205.97              20.597E-09         57.1222E-06 
              206.77              20.677E-09         57.2106E-06 
              207.57              20.757E-09         57.2985E-06 
              208.37              20.837E-09         57.3861E-06 
              209.17              20.917E-09         57.4733E-06 
              209.97              20.997E-09         57.5602E-06 
              210.77              21.077E-09         57.6467E-06 
              211.57              21.157E-09         57.7328E-06 
              212.37              21.237E-09         57.8185E-06 
              213.17              21.317E-09         57.9039E-06 
              213.97              21.397E-09         57.989E-06  
              214.77              21.477E-09         58.0738E-06 
              215.57              21.557E-09         58.1583E-06 
              216.37              21.637E-09         58.2425E-06 
              217.17              21.717E-09         58.3264E-06 
              217.97              21.797E-09         58.4101E-06 
              218.77              21.877E-09         58.4935E-06 
              219.57              21.957E-09         58.5765E-06 
              220.37              22.037E-09         58.6592E-06 
              221.17              22.117E-09         58.7416E-06 
              221.97              22.197E-09         58.8239E-06 
              222.77              22.277E-09         58.9058E-06 
              223.57              22.357E-09         58.9872E-06 
              224.37              22.437E-09         59.0684E-06 
              225.17              22.517E-09         59.1492E-06 
              225.97              22.597E-09         59.2296E-06 
              226.77              22.677E-09         59.3098E-06 
              227.57              22.757E-09         59.3898E-06 
              228.37              22.837E-09         59.4694E-06 
              229.17              22.917E-09         59.5488E-06 
              229.97              22.997E-09         59.9658E-06 
              230.77              23.077E-09         60.4233E-06 
              231.57              23.157E-09         60.8645E-06 
              232.37              23.237E-09         61.2884E-06 
              233.17              23.317E-09         61.6916E-06 
              233.97              23.397E-09         62.07E-06   
              234.77              23.477E-09         62.4181E-06 
              235.57              23.557E-09         62.7329E-06 
              236.37              23.637E-09         63.0172E-06 
              237.17              23.717E-09         63.2775E-06 
              237.97              23.797E-09         63.5184E-06 
              238.77              23.877E-09         63.7424E-06 
              239.57              23.957E-09         63.9514E-06 
              240.37              24.037E-09         64.1478E-06 
              241.17              24.117E-09         64.3336E-06 
              241.97              24.197E-09         64.5094E-06 
              242.77              24.277E-09         64.6759E-06 
              243.57              24.357E-09         64.8337E-06 
              244.37              24.437E-09         64.9831E-06 
              245.17              24.517E-09         65.1247E-06 
              245.97              24.597E-09         65.2595E-06 
              246.77              24.677E-09         65.527E-06  
              247.57              24.757E-09         65.9715E-06 
              248.37              24.837E-09         66.4068E-06 
              249.17              24.917E-09         66.824E-06  
              249.97              24.997E-09         67.2197E-06 
              250.77              25.077E-09         67.5854E-06 
              251.57              25.157E-09         67.9175E-06 
              252.37              25.237E-09         68.2212E-06 
              253.17              25.317E-09         68.5021E-06 
              253.97              25.397E-09         68.7641E-06 
              254.77              25.477E-09         69.0099E-06 
              255.57              25.557E-09         69.2422E-06 
              256.37              25.637E-09         69.4631E-06 
              257.17              25.717E-09         69.6733E-06 
              257.97              25.797E-09         69.8734E-06 
              258.77              25.877E-09         70.064E-06  
              259.57              25.957E-09         70.2452E-06 
              260.37              26.037E-09         70.4171E-06 
              261.17              26.117E-09         70.5807E-06 
              261.97              26.197E-09         70.7375E-06 
              262.77              26.277E-09         70.8882E-06 
              263.57              26.357E-09         71.0339E-06 
              264.37              26.437E-09         71.1754E-06 
              265.17              26.517E-09         71.3132E-06 
              265.97              26.597E-09         71.4478E-06 
              266.77              26.677E-09         71.5793E-06 
              267.57              26.757E-09         71.708E-06  
              268.37              26.837E-09         71.8343E-06 
              269.17              26.917E-09         71.9584E-06 
              269.97              26.997E-09         72.1348E-06 
              270.77              27.077E-09         72.379E-06  
              271.57              27.1569E-09        72.6181E-06 
              272.37              27.237E-09         72.8496E-06 
              273.17              27.317E-09         73.0733E-06 
              273.97              27.397E-09         73.2896E-06 
              274.77              27.477E-09         73.4991E-06 
              275.57              27.557E-09         73.7024E-06 
              276.37              27.637E-09         73.9004E-06 
              277.17              27.717E-09         74.0932E-06 
              277.97              27.797E-09         74.2811E-06 
              278.77              27.877E-09         74.4643E-06 
              279.57              27.957E-09         74.6423E-06 
              280.37              28.037E-09         74.8144E-06 
              281.17              28.117E-09         74.98E-06   
              281.97              28.197E-09         75.1397E-06 
              282.77              28.277E-09         75.2943E-06 
              283.57              28.357E-09         75.4446E-06 
              284.37              28.437E-09         75.591E-06  
              285.17              28.517E-09         75.7339E-06 
              285.97              28.597E-09         75.8733E-06 
              286.77              28.677E-09         76.0103E-06 
              287.57              28.757E-09         76.1446E-06 
              288.37              28.837E-09         76.2766E-06 
              289.17              28.917E-09         76.4058E-06 
              289.97              28.997E-09         76.532E-06  
              290.77              29.077E-09         76.6556E-06 
              291.57              29.157E-09         76.7767E-06 
              292.37              29.237E-09         76.8953E-06 
              293.17              29.317E-09         77.0114E-06 
              293.97              29.397E-09         77.1253E-06 
              294.77              29.477E-09         77.237E-06  
              295.57              29.557E-09         77.3466E-06 
              296.37              29.637E-09         77.4542E-06 
              297.17              29.717E-09         77.5601E-06 
              297.97              29.797E-09         77.6645E-06 
              298.77              29.877E-09         77.7675E-06 
              299.57              29.957E-09         77.8689E-06 
              300.37              30.037E-09         77.969E-06  
              301.17              30.117E-09         78.0678E-06 
              301.97              30.197E-09         78.1654E-06 
              302.77              30.277E-09         78.262E-06  
              303.57              30.357E-09         78.3576E-06 
              304.37              30.437E-09         78.4523E-06 
              305.17              30.517E-09         78.566E-06  
              305.97              30.597E-09         78.7616E-06 
              306.77              30.677E-09         78.9447E-06 
              307.57              30.757E-09         79.119E-06  
              308.37              30.837E-09         79.2855E-06 
              309.17              30.917E-09         79.4461E-06 
              309.97              30.997E-09         79.6021E-06 
              310.77              31.077E-09         79.7537E-06 
              311.57              31.157E-09         79.9015E-06 
              312.37              31.237E-09         80.0456E-06 
              313.17              31.317E-09         80.1858E-06 
              313.97              31.397E-09         80.3466E-06 
              314.77              31.477E-09         80.6611E-06 
              315.57              31.557E-09         80.9745E-06 
              316.37              31.637E-09         81.2801E-06 
              317.17              31.7169E-09        81.5764E-06 
              317.97              31.797E-09         81.8629E-06 
              318.77              31.877E-09         82.3066E-06 
              319.57              31.957E-09         82.8144E-06 
              320.37              32.037E-09         83.3015E-06 
              321.17              32.117E-09         83.7583E-06 
              321.97              32.197E-09         84.424E-06  
              322.77              32.277E-09         85.0805E-06 
              323.57              32.357E-09         85.7073E-06 
              324.37              32.437E-09         86.2965E-06 
              325.17              32.517E-09         86.8428E-06 
              325.97              32.597E-09         87.3452E-06 
              326.77              32.677E-09         87.8056E-06 
              327.57              32.757E-09         88.2303E-06 
              328.37              32.837E-09         88.6255E-06 
              329.17              32.917E-09         88.9938E-06 
              329.97              32.997E-09         89.3344E-06 
              330.77              33.077E-09         89.6496E-06 
              331.57              33.157E-09         89.943E-06  
              332.37              33.237E-09         90.2178E-06 
              333.17              33.317E-09         90.4762E-06 
              333.97              33.397E-09         90.7187E-06 
              334.77              33.477E-09         90.9471E-06 
              335.57              33.557E-09         91.164E-06  
              336.37              33.637E-09         91.3708E-06 
              337.17              33.717E-09         91.5691E-06 
              337.97              33.797E-09         91.76E-06   
              338.77              33.877E-09         91.9446E-06 
              339.57              33.957E-09         92.1236E-06 
              340.37              34.037E-09         92.2973E-06 
              341.17              34.117E-09         92.4663E-06 
              341.97              34.197E-09         92.6309E-06 
              342.77              34.277E-09         92.7918E-06 
              343.57              34.357E-09         92.9493E-06 
              344.37              34.437E-09         93.1032E-06 
              345.17              34.517E-09         93.2536E-06 
              345.97              34.597E-09         93.401E-06  
              346.77              34.677E-09         93.5452E-06 
              347.57              34.757E-09         93.6864E-06 
              348.37              34.837E-09         93.8248E-06 
              349.17              34.917E-09         94.0161E-06 
              349.97              34.997E-09         94.3236E-06 
              350.77              35.077E-09         94.6204E-06 
              351.57              35.157E-09         94.9036E-06 
              352.37              35.237E-09         95.1731E-06 
              353.17              35.317E-09         95.4299E-06 
              353.97              35.397E-09         95.6751E-06 
              354.77              35.4769E-09        95.5211E-06 
              355.57              35.557E-09         95.7874E-06 
              356.37              35.637E-09         96.097E-06  
              357.17              35.717E-09         96.3607E-06 
              357.97              35.797E-09         96.6149E-06 
              358.77              35.877E-09         96.8502E-06 
              359.57              35.957E-09         97.0692E-06 
              360.37              36.037E-09         97.2761E-06 
              361.17              36.117E-09         97.4736E-06 
              361.97              36.1969E-09        97.6635E-06 
              362.77              36.277E-09         97.8471E-06 
              363.57              36.357E-09         98.025E-06  
              364.37              36.437E-09         98.1979E-06 
              365.17              36.5169E-09        98.3663E-06 
              365.97              36.597E-09         98.5306E-06 
              366.77              36.677E-09         98.6911E-06 
              367.57              36.757E-09         98.8481E-06 
              368.37              36.837E-09         99.0017E-06 
              369.17              36.917E-09         99.1521E-06 
              369.97              36.997E-09         99.2995E-06 
              370.77              37.077E-09         99.4441E-06 
              371.57              37.157E-09         99.5861E-06 
              372.37              37.2369E-09        99.7257E-06 
              373.17              37.317E-09         99.8632E-06 
              373.97              37.397E-09         99.9989E-06 
              374.77              37.477E-09        100.133E-06  
              375.57              37.5569E-09       100.265E-06  
              376.37              37.637E-09        100.396E-06  
              377.17              37.717E-09        100.525E-06  
              377.97              37.797E-09        100.653E-06  
              378.77              37.877E-09        100.78E-06   
              379.57              37.957E-09        100.906E-06  
              380.37              38.037E-09        101.031E-06  
              381.17              38.117E-09        101.155E-06  
              381.97              38.197E-09        101.278E-06  
              382.77              38.277E-09        101.401E-06  
              383.57              38.357E-09        101.522E-06  
              384.37              38.437E-09        101.643E-06  
              385.17              38.517E-09        101.763E-06  
              385.97              38.597E-09        101.883E-06  
              386.77              38.677E-09        102.002E-06  
              387.57              38.757E-09        102.121E-06  
              388.37              38.837E-09        102.239E-06  
              389.17              38.917E-09        102.356E-06  
              389.97              38.997E-09        102.473E-06  
              390.77              39.077E-09        102.59E-06   
              391.57              39.157E-09        102.706E-06  
              392.37              39.2369E-09       102.822E-06  
              393.17              39.317E-09        102.937E-06  
              393.97              39.397E-09        103.052E-06  
              394.77              39.477E-09        103.166E-06  
              395.57              39.5569E-09       103.28E-06   
              396.37              39.637E-09        103.393E-06  
              397.17              39.717E-09        103.505E-06  
              397.97              39.797E-09        103.609E-06  
              398.77              39.877E-09        103.727E-06  
              399.57              39.957E-09        103.841E-06  
              400.37              40.037E-09        103.953E-06  
              401.17              40.117E-09        104.064E-06  
              401.97              40.197E-09        104.175E-06  
              402.77              40.277E-09        104.286E-06  
              403.57              40.357E-09        104.396E-06  
              404.37              40.437E-09        104.505E-06  
              405.17              40.517E-09        104.615E-06  
              405.97              40.597E-09        104.724E-06  
              406.77              40.677E-09        104.833E-06  
              407.57              40.757E-09        104.942E-06  
              408.37              40.837E-09        105.05E-06   
              409.17              40.917E-09        105.158E-06  
              409.97              40.9969E-09       105.266E-06  
              410.77              41.077E-09        105.393E-06  
              411.57              41.157E-09        105.493E-06  
              412.37              41.237E-09        105.596E-06  
              413.17              41.317E-09        105.701E-06  
              413.97              41.397E-09        105.807E-06  
              414.77              41.477E-09        105.913E-06  
              415.57              41.557E-09        106.019E-06  
              416.37              41.637E-09        106.125E-06  
              417.17              41.717E-09        106.231E-06  
              417.97              41.797E-09        106.338E-06  
              418.77              41.877E-09        106.444E-06  
              419.57              41.957E-09        106.55E-06   
              420.37              42.0369E-09       106.656E-06  
              421.17              42.117E-09        106.761E-06  
              421.97              42.197E-09        106.867E-06  
              422.77              42.277E-09        106.972E-06  
              423.57              42.3569E-09       107.077E-06  
              424.37              42.437E-09        107.182E-06  
              425.17              42.517E-09        107.287E-06  
              425.97              42.597E-09        107.392E-06  
              426.77              42.677E-09        107.497E-06  
              427.57              42.757E-09        107.602E-06  
              428.37              42.837E-09        107.69E-06   
              429.17              42.917E-09        107.802E-06  
              429.97              42.997E-09        107.91E-06   
              430.77              43.077E-09        108.016E-06  
              431.57              43.157E-09        108.122E-06  
              432.37              43.237E-09        108.226E-06  
              433.17              43.317E-09        108.33E-06   
              433.97              43.3969E-09       108.434E-06  
              434.77              43.477E-09        108.537E-06  
              435.57              43.557E-09        108.641E-06  
              436.37              43.637E-09        108.744E-06  
              437.17              43.717E-09        108.846E-06  
              437.97              43.797E-09        108.949E-06  
              438.77              43.877E-09        109.052E-06  
              439.57              43.957E-09        109.154E-06  
              440.37              44.0369E-09       109.256E-06  
              441.17              44.117E-09        109.358E-06  
              441.97              44.197E-09        109.46E-06   
              442.77              44.277E-09        109.562E-06  
              443.57              44.357E-09        109.664E-06  
              444.37              44.437E-09        109.765E-06  
              445.17              44.517E-09        109.867E-06  
              445.97              44.597E-09        109.968E-06  
              446.77              44.677E-09        110.069E-06  
              447.57              44.757E-09        110.17E-06   
              448.37              44.837E-09        110.272E-06  
              449.17              44.917E-09        110.374E-06  
              449.97              44.997E-09        110.475E-06  
              450.77              45.077E-09        110.577E-06  
              451.57              45.157E-09        110.739E-06  
              452.37              45.237E-09        110.799E-06  
              453.17              45.317E-09        110.892E-06  
              453.97              45.3969E-09       110.99E-06   
              454.77              45.477E-09        111.09E-06   
              455.57              45.557E-09        111.191E-06  
              456.37              45.637E-09        111.292E-06  
              457.17              45.717E-09        111.394E-06  
              457.97              45.797E-09        111.496E-06  
              458.77              45.877E-09        111.598E-06  
              459.57              45.957E-09        111.699E-06  
              460.37              46.037E-09        111.801E-06  
              461.17              46.117E-09        111.903E-06  
              461.97              46.197E-09        112.004E-06  
              462.77              46.277E-09        112.106E-06  
              463.57              46.357E-09        112.208E-06  
              464.37              46.437E-09        112.309E-06  
              465.17              46.517E-09        112.411E-06  
              465.97              46.597E-09        112.512E-06  
              466.77              46.677E-09        112.614E-06  
              467.57              46.757E-09        112.715E-06  
              468.37              46.8369E-09       112.817E-06  
              469.17              46.917E-09        112.918E-06  
              469.97              46.997E-09        113.019E-06  
              470.77              47.077E-09        113.121E-06  
              471.57              47.157E-09        113.222E-06  
              472.37              47.237E-09        113.323E-06  
              473.17              47.317E-09        113.423E-06  
              473.97              47.397E-09        113.524E-06  
              474.77              47.477E-09        113.624E-06  
              475.57              47.557E-09        113.724E-06  
              476.37              47.637E-09        113.825E-06  
              476.57              47.657E-09        113.85E-06   
              476.87              47.687E-09        113.888E-06  
              477.32              47.732E-09        113.803E-06  
              477.995             47.7995E-09       114.011E-06  
              478.795             47.8795E-09       114.112E-06  
              479.595             47.9595E-09       114.232E-06  
              480.395             48.0395E-09       114.345E-06  
              481.195             48.1195E-09       114.453E-06  
              481.995             48.1995E-09       114.557E-06  
              482.795             48.2795E-09       114.66E-06   
              483.595             48.3595E-09       114.762E-06  
              484.395             48.4395E-09       114.864E-06  
              485.195             48.5195E-09       114.964E-06  
              485.995             48.5995E-09       115.065E-06  
              486.795             48.6795E-09       115.165E-06  
              487.595             48.7595E-09       115.266E-06  
              488.395             48.8395E-09       115.366E-06  
              489.195             48.9195E-09       115.466E-06  
              489.995             48.9995E-09       115.566E-06  
              490.795             49.0795E-09       115.666E-06  
              491.595             49.1595E-09       115.766E-06  
              492.395             49.2395E-09       115.865E-06  
              493.195             49.3195E-09       116.E-06     
              493.995             49.3995E-09       116.349E-06  
              494.795             49.4795E-09       116.698E-06  
              495.595             49.5595E-09       117.035E-06  
              496.395             49.6395E-09       117.354E-06  
              497.195             49.7195E-09       117.655E-06  
              497.995             49.7995E-09       117.94E-06   
              498.795             49.8795E-09       118.21E-06   
              499.595             49.9595E-09       118.464E-06  
              500.395             50.0395E-09       118.702E-06  
              501.195             50.1195E-09       118.923E-06  
              501.995             50.1995E-09       119.133E-06  
              502.795             50.2795E-09       119.333E-06  
              503.595             50.3595E-09       119.525E-06  
              504.395             50.4394E-09       119.709E-06  
              505.195             50.5195E-09       119.888E-06  
              505.995             50.5995E-09       120.06E-06   
              506.795             50.6795E-09       120.229E-06  
              507.595             50.7595E-09       120.392E-06  
              508.395             50.8395E-09       120.55E-06   
              509.195             50.9195E-09       120.705E-06  
              509.995             50.9995E-09       120.855E-06  
              510.795             51.0795E-09       121.003E-06  
              511.595             51.1595E-09       121.147E-06  
              512.395             51.2395E-09       121.289E-06  
              513.195             51.3195E-09       121.429E-06  
              513.995             51.3995E-09       121.566E-06  
              514.794             51.4795E-09       121.702E-06  
              515.595             51.5595E-09       121.835E-06  
              516.395             51.6395E-09       121.968E-06  
              517.195             51.7195E-09       122.098E-06  
              517.995             51.7995E-09       122.226E-06  
              518.794             51.8795E-09       122.353E-06  
              519.595             51.9595E-09       122.479E-06  
              520.395             52.0395E-09       122.603E-06  
              521.195             52.1195E-09       122.726E-06  
              521.995             52.1995E-09       122.848E-06  
              522.794             52.2795E-09       122.968E-06  
              523.595             52.3595E-09       123.088E-06  
              524.395             52.4395E-09       123.207E-06  
              525.195             52.5195E-09       123.325E-06  
              525.995             52.5995E-09       123.441E-06  
              526.794             52.6795E-09       123.558E-06  
              527.595             52.7595E-09       123.673E-06  
              528.395             52.8395E-09       123.788E-06  
              529.195             52.9195E-09       123.902E-06  
              529.995             52.9995E-09       124.015E-06  
              530.794             53.0795E-09       124.128E-06  
              531.595             53.1595E-09       124.24E-06   
              532.395             53.2395E-09       124.352E-06  
              533.195             53.3195E-09       124.463E-06  
              533.995             53.3995E-09       124.574E-06  
              534.794             53.4795E-09       124.685E-06  
              535.595             53.5595E-09       124.796E-06  
              536.395             53.6395E-09       124.906E-06  
              537.195             53.7195E-09       125.015E-06  
              537.995             53.7995E-09       125.125E-06  
              538.794             53.8795E-09       125.234E-06  
              539.595             53.9595E-09       125.343E-06  
              540.395             54.0395E-09       125.452E-06  
              541.195             54.1195E-09       125.651E-06  
              541.995             54.1995E-09       125.958E-06  
              542.794             54.2795E-09       126.253E-06  
              543.595             54.3595E-09       126.535E-06  
              544.395             54.4395E-09       126.803E-06  
              545.195             54.5195E-09       127.057E-06  
              545.995             54.5995E-09       127.299E-06  
              546.794             54.6795E-09       127.53E-06   
              547.595             54.7595E-09       127.75E-06   
              548.395             54.8395E-09       127.962E-06  
              549.195             54.9195E-09       128.165E-06  
              549.995             54.9995E-09       128.361E-06  
              550.794             55.0795E-09       128.551E-06  
              551.595             55.1595E-09       128.736E-06  
              552.395             55.2395E-09       128.916E-06  
              553.195             55.3195E-09       129.093E-06  
              553.995             55.3995E-09       129.265E-06  
              554.794             55.4795E-09       129.439E-06  
              555.595             55.5595E-09       129.639E-06  
              556.395             55.6395E-09       129.832E-06  
              557.195             55.7195E-09       130.019E-06  
              557.995             55.7995E-09       130.2E-06    
              558.794             55.8795E-09       130.376E-06  
              559.595             55.9595E-09       130.548E-06  
              560.395             56.0395E-09       130.716E-06  
              561.195             56.1195E-09       130.88E-06   
              561.995             56.1995E-09       131.041E-06  
              562.794             56.2795E-09       131.199E-06  
              563.595             56.3595E-09       131.354E-06  
              564.395             56.4395E-09       131.508E-06  
              565.195             56.5195E-09       131.659E-06  
              565.995             56.5995E-09       131.808E-06  
              566.794             56.6795E-09       131.955E-06  
              567.595             56.7595E-09       132.101E-06  
              568.395             56.8395E-09       132.244E-06  
              569.195             56.9195E-09       132.386E-06  
              569.995             56.9995E-09       132.527E-06  
              570.794             57.0795E-09       132.666E-06  
              571.595             57.1595E-09       132.804E-06  
              572.395             57.2395E-09       132.941E-06  
              573.195             57.3195E-09       133.077E-06  
              573.995             57.3995E-09       133.245E-06  
              574.794             57.4795E-09       133.421E-06  
              575.595             57.5595E-09       133.592E-06  
              576.395             57.6395E-09       133.789E-06  
              577.195             57.7195E-09       134.003E-06  
              577.995             57.7995E-09       134.208E-06  
              578.794             57.8795E-09       134.406E-06  
              579.595             57.9595E-09       134.596E-06  
              580.395             58.0395E-09       134.781E-06  
              581.195             58.1195E-09       135.165E-06  
              581.995             58.1995E-09       135.651E-06  
              582.794             58.2794E-09       136.341E-06  
              583.595             58.3595E-09       137.054E-06  
              584.395             58.4395E-09       137.738E-06  
              585.195             58.5195E-09       138.384E-06  
              585.995             58.5995E-09       138.99E-06   
              586.794             58.6795E-09       139.553E-06  
              587.595             58.7595E-09       140.071E-06  
              588.395             58.8395E-09       140.548E-06  
              589.195             58.9195E-09       140.99E-06   
              589.995             58.9995E-09       141.401E-06  
              590.794             59.0795E-09       141.786E-06  
              591.595             59.1595E-09       142.15E-06   
              592.395             59.2395E-09       142.495E-06  
              593.195             59.3195E-09       142.824E-06  
              593.995             59.3995E-09       143.138E-06  
              594.794             59.4795E-09       143.439E-06  
              595.595             59.5595E-09       143.726E-06  
              596.395             59.6395E-09       144.001E-06  
              597.195             59.7195E-09       144.263E-06  
              597.995             59.7995E-09       144.514E-06  
              598.794             59.8795E-09       144.754E-06  
              599.595             59.9595E-09       144.986E-06  
              600.395             60.0395E-09       145.209E-06  
              601.195             60.1195E-09       145.426E-06  
              601.995             60.1995E-09       145.637E-06  
              602.794             60.2795E-09       145.842E-06  
              603.595             60.3595E-09       146.041E-06  
              604.395             60.4395E-09       146.235E-06  
              605.195             60.5195E-09       146.425E-06  
              605.995             60.5995E-09       146.611E-06  
              606.794             60.6795E-09       146.794E-06  
              607.595             60.7595E-09       146.918E-06  
              608.395             60.8395E-09       147.111E-06  
              609.195             60.9195E-09       147.289E-06  
              609.995             60.9995E-09       147.463E-06  
              610.794             61.0795E-09       147.632E-06  
              611.595             61.1595E-09       147.798E-06  
              612.395             61.2395E-09       147.962E-06  
              613.195             61.3195E-09       148.123E-06  
              613.995             61.3995E-09       148.281E-06  
              614.794             61.4795E-09       148.438E-06  
              615.595             61.5595E-09       148.594E-06  
              616.395             61.6395E-09       148.747E-06  
              617.195             61.7195E-09       148.899E-06  
              617.995             61.7994E-09       149.049E-06  
              618.794             61.8795E-09       149.198E-06  
              619.595             61.9595E-09       149.345E-06  
              620.395             62.0395E-09       149.491E-06  
              621.195             62.1195E-09       149.635E-06  
              621.995             62.1995E-09       149.778E-06  
              622.794             62.2795E-09       149.92E-06   
              623.595             62.3595E-09       149.979E-06  
              624.395             62.4395E-09       150.162E-06  
              625.195             62.5195E-09       150.305E-06  
              625.995             62.5995E-09       150.485E-06  
              626.794             62.6795E-09       150.723E-06  
              627.595             62.7595E-09       150.95E-06   
              628.395             62.8395E-09       151.168E-06  
              629.195             62.9195E-09       151.376E-06  
              629.995             62.9995E-09       151.577E-06  
              630.794             63.0795E-09       151.772E-06  
              631.595             63.1595E-09       151.961E-06  
              632.395             63.2394E-09       152.146E-06  
              633.195             63.3195E-09       152.326E-06  
              633.995             63.3995E-09       152.503E-06  
              634.794             63.4795E-09       152.677E-06  
              635.595             63.5595E-09       152.848E-06  
              636.395             63.6395E-09       153.016E-06  
              637.195             63.7195E-09       153.183E-06  
              637.995             63.7995E-09       153.347E-06  
              638.794             63.8795E-09       153.509E-06  
              639.595             63.9595E-09       153.67E-06   
              640.395             64.0395E-09       153.829E-06  
              641.195             64.1195E-09       153.987E-06  
              641.995             64.1995E-09       154.143E-06  
              642.794             64.2794E-09       154.297E-06  
              643.595             64.3595E-09       154.45E-06   
              644.395             64.4395E-09       154.602E-06  
              645.195             64.5194E-09       154.752E-06  
              645.995             64.5995E-09       154.9E-06    
              646.794             64.6795E-09       155.048E-06  
              647.595             64.7595E-09       155.318E-06  
              648.395             64.8395E-09       155.381E-06  
              649.195             64.9195E-09       155.505E-06  
              649.995             64.9995E-09       155.64E-06   
              650.794             65.0795E-09       155.779E-06  
              651.595             65.1595E-09       155.919E-06  
              652.395             65.2394E-09       156.06E-06   
              653.195             65.3195E-09       156.2E-06    
              653.995             65.3995E-09       156.34E-06   
              654.794             65.4795E-09       156.479E-06  
              655.595             65.5595E-09       156.749E-06  
              656.395             65.6395E-09       156.801E-06  
              657.195             65.7195E-09       156.918E-06  
              657.995             65.7995E-09       157.046E-06  
              658.794             65.8794E-09       157.179E-06  
              659.595             65.9595E-09       157.314E-06  
              660.395             66.0395E-09       157.45E-06   
              661.195             66.1195E-09       157.586E-06  
              661.995             66.1995E-09       157.721E-06  
              662.794             66.2795E-09       157.857E-06  
              663.595             66.3595E-09       157.993E-06  
              664.395             66.4395E-09       158.128E-06  
              665.195             66.5195E-09       158.263E-06  
              665.995             66.5994E-09       158.398E-06  
              666.794             66.6795E-09       158.532E-06  
              667.595             66.7595E-09       158.667E-06  
              668.395             66.8395E-09       158.801E-06  
              669.195             66.9195E-09       158.935E-06  
              669.995             66.9995E-09       159.069E-06  
              670.794             67.0795E-09       159.203E-06  
              671.595             67.1595E-09       159.337E-06  
              672.395             67.2395E-09       159.471E-06  
              673.195             67.3195E-09       159.663E-06  
              673.995             67.3995E-09       159.878E-06  
              674.794             67.4795E-09       160.09E-06   
              675.595             67.5595E-09       160.297E-06  
              676.395             67.6395E-09       160.5E-06    
              677.195             67.7195E-09       160.697E-06  
              677.995             67.7995E-09       160.89E-06   
              678.794             67.8795E-09       161.079E-06  
              679.595             67.9594E-09       161.265E-06  
              680.395             68.0395E-09       161.448E-06  
              681.195             68.1195E-09       161.627E-06  
              681.995             68.1995E-09       161.805E-06  
              682.794             68.2794E-09       161.98E-06   
              683.595             68.3595E-09       162.152E-06  
              684.395             68.4395E-09       162.323E-06  
              685.195             68.5194E-09       162.492E-06  
              685.995             68.5995E-09       162.66E-06   
              686.794             68.6795E-09       162.826E-06  
              687.595             68.7595E-09       162.991E-06  
              688.395             68.8395E-09       163.154E-06  
              689.195             68.9195E-09       163.317E-06  
              689.995             68.9995E-09       163.478E-06  
              690.794             69.0795E-09       163.639E-06  
              691.595             69.1595E-09       163.799E-06  
              692.395             69.2395E-09       163.958E-06  
              693.195             69.3195E-09       164.116E-06  
              693.995             69.3995E-09       164.273E-06  
              694.794             69.4795E-09       164.43E-06   
              695.595             69.5595E-09       164.586E-06  
              696.395             69.6395E-09       164.741E-06  
              697.195             69.7195E-09       164.896E-06  
              697.995             69.7995E-09       165.05E-06   
              698.794             69.8795E-09       165.204E-06  
              699.595             69.9595E-09       165.357E-06  
              700.395             70.0395E-09       165.51E-06   
              701.195             70.1195E-09       165.663E-06  
              701.995             70.1995E-09       165.815E-06  
              702.794             70.2795E-09       165.966E-06  
              703.595             70.3595E-09       166.117E-06  
              704.395             70.4395E-09       166.267E-06  
              705.195             70.5195E-09       166.417E-06  
              705.995             70.5994E-09       166.566E-06  
              706.794             70.6795E-09       166.715E-06  
              707.595             70.7595E-09       166.864E-06  
              708.395             70.8395E-09       167.012E-06  
              709.195             70.9195E-09       167.16E-06   
              709.995             70.9995E-09       167.308E-06  
              710.794             71.0795E-09       167.456E-06  
              711.595             71.1595E-09       167.603E-06  
              712.395             71.2395E-09       167.75E-06   
              713.195             71.3195E-09       167.897E-06  
              713.995             71.3995E-09       168.043E-06  
              714.794             71.4795E-09       168.189E-06  
              715.595             71.5595E-09       168.335E-06  
              716.395             71.6395E-09       168.48E-06   
              717.195             71.7195E-09       168.625E-06  
              717.995             71.7995E-09       168.77E-06   
              718.794             71.8795E-09       168.914E-06  
              719.595             71.9594E-09       169.058E-06  
              720.395             72.0395E-09       169.202E-06  
              721.195             72.1195E-09       169.345E-06  
              721.995             72.1995E-09       169.488E-06  
              722.794             72.2795E-09       169.63E-06   
              723.595             72.3595E-09       169.772E-06  
              724.395             72.4395E-09       169.914E-06  
              725.195             72.5195E-09       170.056E-06  
              725.995             72.5995E-09       170.197E-06  
              726.794             72.6795E-09       170.339E-06  
              727.595             72.7595E-09       170.48E-06   
              728.395             72.8395E-09       170.621E-06  
              729.195             72.9195E-09       170.763E-06  
              729.995             72.9995E-09       170.903E-06  
              730.794             73.0795E-09       171.044E-06  
              731.595             73.1595E-09       171.185E-06  
              732.395             73.2395E-09       171.325E-06  
              733.195             73.3195E-09       171.466E-06  
              733.995             73.3995E-09       171.606E-06  
              734.794             73.4795E-09       171.746E-06  
              735.595             73.5595E-09       171.886E-06  
              736.395             73.6395E-09       172.026E-06  
              737.195             73.7195E-09       172.166E-06  
              737.995             73.7995E-09       172.306E-06  
              738.794             73.8795E-09       172.445E-06  
              739.595             73.9595E-09       172.585E-06  
              740.395             74.0395E-09       172.725E-06  
              741.195             74.1195E-09       172.864E-06  
              741.995             74.1995E-09       173.003E-06  
              742.794             74.2795E-09       173.142E-06  
              743.595             74.3595E-09       173.28E-06   
              744.395             74.4395E-09       173.419E-06  
              745.195             74.5195E-09       173.557E-06  
              745.995             74.5994E-09       173.695E-06  
              746.794             74.6795E-09       173.833E-06  
              747.595             74.7595E-09       173.971E-06  
              748.395             74.8394E-09       174.108E-06  
              749.195             74.9195E-09       174.246E-06  
              749.995             74.9995E-09       174.383E-06  
              750.794             75.0795E-09       174.52E-06   
              751.595             75.1595E-09       174.657E-06  
              752.395             75.2395E-09       174.793E-06  
              753.195             75.3195E-09       174.93E-06   
              753.995             75.3995E-09       175.066E-06  
              754.794             75.4795E-09       175.203E-06  
              755.595             75.5595E-09       175.339E-06  
              756.395             75.6395E-09       175.475E-06  
              757.195             75.7195E-09       175.612E-06  
              757.995             75.7995E-09       175.82E-06   
              758.794             75.8795E-09       175.91E-06   
              759.595             75.9594E-09       176.036E-06  
              760.395             76.0395E-09       176.168E-06  
              761.195             76.1195E-09       176.401E-06  
              761.995             76.1994E-09       176.666E-06  
              762.794             76.2795E-09       176.927E-06  
              763.595             76.3595E-09       177.183E-06  
              764.395             76.4395E-09       177.432E-06  
              765.195             76.5195E-09       177.676E-06  
              765.995             76.5995E-09       177.913E-06  
              766.794             76.6795E-09       178.145E-06  
              767.595             76.7595E-09       178.372E-06  
              768.395             76.8395E-09       178.594E-06  
              769.195             76.9194E-09       178.811E-06  
              769.995             76.9995E-09       179.024E-06  
              770.794             77.0795E-09       179.233E-06  
              771.595             77.1595E-09       179.437E-06  
              772.395             77.2395E-09       179.638E-06  
              773.195             77.3195E-09       179.835E-06  
              773.995             77.3995E-09       180.029E-06  
              774.794             77.4795E-09       180.218E-06  
              775.595             77.5595E-09       180.404E-06  
              776.395             77.6395E-09       180.587E-06  
              777.195             77.7195E-09       180.767E-06  
              777.995             77.7995E-09       180.945E-06  
              778.794             77.8795E-09       181.12E-06   
              779.595             77.9595E-09       181.294E-06  
              780.395             78.0395E-09       181.466E-06  
              781.195             78.1195E-09       181.637E-06  
              781.995             78.1995E-09       181.806E-06  
              782.794             78.2794E-09       181.975E-06  
              783.595             78.3595E-09       182.142E-06  
              784.395             78.4395E-09       182.307E-06  
              785.195             78.5195E-09       182.472E-06  
              785.995             78.5995E-09       182.636E-06  
              786.794             78.6795E-09       182.798E-06  
              787.595             78.7595E-09       182.959E-06  
              788.395             78.8395E-09       183.119E-06  
              789.195             78.9195E-09       183.278E-06  
              789.995             78.9995E-09       183.436E-06  
              790.794             79.0795E-09       183.592E-06  
              791.595             79.1595E-09       183.748E-06  
              792.395             79.2395E-09       183.903E-06  
              793.195             79.3195E-09       184.057E-06  
              793.995             79.3995E-09       184.211E-06  
              794.794             79.4795E-09       184.364E-06  
              795.595             79.5595E-09       184.516E-06  
              796.395             79.6395E-09       184.668E-06  
              797.195             79.7195E-09       184.819E-06  
              797.995             79.7995E-09       184.971E-06  
              798.794             79.8795E-09       185.122E-06  
              799.595             79.9595E-09       185.272E-06  
              800.395             80.0395E-09       185.422E-06  
              801.195             80.1195E-09       185.572E-06  
              801.995             80.1994E-09       185.723E-06  
              802.794             80.2795E-09       185.872E-06  
              803.595             80.3595E-09       186.022E-06  
              804.395             80.4395E-09       186.171E-06  
              805.195             80.5195E-09       186.32E-06   
              805.995             80.5995E-09       186.469E-06  
              806.794             80.6795E-09       186.617E-06  
              807.595             80.7595E-09       186.766E-06  
              808.395             80.8395E-09       186.914E-06  
              809.195             80.9194E-09       187.062E-06  
              809.995             80.9995E-09       187.21E-06   
              810.794             81.0795E-09       187.358E-06  
              811.595             81.1595E-09       187.506E-06  
              812.395             81.2395E-09       187.672E-06  
              813.195             81.3195E-09       187.85E-06   
              813.995             81.3995E-09       188.027E-06  
              814.794             81.4795E-09       188.202E-06  
              815.595             81.5595E-09       188.375E-06  
              816.395             81.6395E-09       188.545E-06  
              817.195             81.7195E-09       188.715E-06  
              817.995             81.7995E-09       188.882E-06  
              818.794             81.8795E-09       189.048E-06  
              819.595             81.9595E-09       189.213E-06  
              820.395             82.0395E-09       189.378E-06  
              821.195             82.1195E-09       189.541E-06  
              821.995             82.1995E-09       189.703E-06  
              822.794             82.2794E-09       189.864E-06  
              823.595             82.3595E-09       189.909E-06  
              824.395             82.4395E-09       190.079E-06  
              825.195             82.5195E-09       190.258E-06  
              825.995             82.5995E-09       190.431E-06  
              826.794             82.6795E-09       190.598E-06  
              827.595             82.7595E-09       190.762E-06  
              828.395             82.8395E-09       190.923E-06  
              829.195             82.9195E-09       191.082E-06  
              829.995             82.9995E-09       191.241E-06  
              830.794             83.0795E-09       191.398E-06  
              831.595             83.1595E-09       191.556E-06  
              832.395             83.2395E-09       191.712E-06  
              833.195             83.3195E-09       191.869E-06  
              833.995             83.3995E-09       192.025E-06  
              834.794             83.4795E-09       192.181E-06  
              835.595             83.5595E-09       192.337E-06  
              836.395             83.6395E-09       192.493E-06  
              837.195             83.7195E-09       192.648E-06  
              837.995             83.7995E-09       192.804E-06  
              838.794             83.8795E-09       192.959E-06  
              839.595             83.9595E-09       193.127E-06  
              840.395             84.0395E-09       193.35E-06   
              841.195             84.1194E-09       193.572E-06  
              841.995             84.1995E-09       193.792E-06  
              842.794             84.2795E-09       194.008E-06  
              843.595             84.3595E-09       194.219E-06  
              844.395             84.4395E-09       194.425E-06  
              845.195             84.5195E-09       194.628E-06  
              845.995             84.5995E-09       194.826E-06  
              846.794             84.6795E-09       195.021E-06  
              847.595             84.7595E-09       195.213E-06  
              848.395             84.8395E-09       195.402E-06  
              849.195             84.9194E-09       195.623E-06  
              849.995             84.9995E-09       195.865E-06  
              850.794             85.0795E-09       196.104E-06  
              851.595             85.1595E-09       196.338E-06  
              852.395             85.2395E-09       196.567E-06  
              853.195             85.3195E-09       196.791E-06  
              853.995             85.3995E-09       197.011E-06  
              854.794             85.4795E-09       197.227E-06  
              855.595             85.5595E-09       197.438E-06  
              856.395             85.6395E-09       197.647E-06  
              857.195             85.7195E-09       197.852E-06  
              857.995             85.7995E-09       198.147E-06  
              858.794             85.8795E-09       198.477E-06  
              859.595             85.9595E-09       198.797E-06  
              860.395             86.0395E-09       199.107E-06  
              861.195             86.1195E-09       199.406E-06  
              861.995             86.1995E-09       199.696E-06  
              862.794             86.2794E-09       199.976E-06  
              863.595             86.3595E-09       200.247E-06  
              864.395             86.4395E-09       200.512E-06  
              865.195             86.5195E-09       200.77E-06   
              865.995             86.5995E-09       201.023E-06  
              866.794             86.6795E-09       201.269E-06  
              867.595             86.7595E-09       201.511E-06  
              868.395             86.8395E-09       201.749E-06  
              869.195             86.9195E-09       201.982E-06  
              869.995             86.9995E-09       202.211E-06  
              870.794             87.0795E-09       202.437E-06  
              871.595             87.1595E-09       202.659E-06  
              872.395             87.2395E-09       202.878E-06  
              873.195             87.3195E-09       203.094E-06  
              873.995             87.3995E-09       203.308E-06  
              874.794             87.4795E-09       203.519E-06  
              875.595             87.5594E-09       203.728E-06  
              876.395             87.6395E-09       204.096E-06  
              877.195             87.7195E-09       204.499E-06  
              877.995             87.7995E-09       204.894E-06  
              878.794             87.8795E-09       205.28E-06   
              879.595             87.9595E-09       205.653E-06  
              880.395             88.0395E-09       206.015E-06  
              881.195             88.1195E-09       206.364E-06  
              881.995             88.1995E-09       206.701E-06  
              882.794             88.2795E-09       207.026E-06  
              883.595             88.3595E-09       207.341E-06  
              884.395             88.4395E-09       207.687E-06  
              885.195             88.5195E-09       208.223E-06  
              885.995             88.5995E-09       208.755E-06  
              886.794             88.6795E-09       209.279E-06  
              887.595             88.7595E-09       209.786E-06  
              888.395             88.8395E-09       210.273E-06  
              889.195             88.9194E-09       210.736E-06  
              889.995             88.9995E-09       211.177E-06  
              890.794             89.0795E-09       211.597E-06  
              891.595             89.1595E-09       212.E-06     
              892.395             89.2395E-09       212.385E-06  
              893.195             89.3195E-09       212.753E-06  
              893.995             89.3995E-09       213.107E-06  
              894.794             89.4795E-09       213.444E-06  
              895.595             89.5595E-09       213.767E-06  
              896.395             89.6395E-09       214.076E-06  
              897.195             89.7195E-09       214.374E-06  
              897.995             89.7995E-09       214.664E-06  
              898.794             89.8795E-09       214.945E-06  
              899.595             89.9595E-09       215.22E-06   
              900.395             90.0395E-09       215.488E-06  
              901.195             90.1195E-09       215.752E-06  
              901.995             90.1995E-09       216.01E-06   
              902.794             90.2795E-09       216.265E-06  
              903.595             90.3595E-09       216.515E-06  
              904.395             90.4395E-09       216.761E-06  
              905.195             90.5194E-09       217.003E-06  
              905.995             90.5995E-09       217.241E-06  
              906.794             90.6795E-09       217.476E-06  
              907.595             90.7595E-09       217.708E-06  
              908.395             90.8395E-09       217.936E-06  
              909.195             90.9195E-09       218.161E-06  
              909.995             90.9994E-09       218.384E-06  
              910.794             91.0795E-09       218.604E-06  
              911.595             91.1595E-09       218.822E-06  
              912.395             91.2395E-09       219.038E-06  
              913.195             91.3195E-09       219.252E-06  
              913.995             91.3995E-09       219.464E-06  
              914.794             91.4795E-09       219.675E-06  
              915.595             91.5595E-09       219.884E-06  
              916.395             91.6395E-09       220.092E-06  
              917.195             91.7195E-09       220.298E-06  
              917.995             91.7995E-09       220.504E-06  
              918.794             91.8795E-09       220.708E-06  
              919.595             91.9595E-09       220.911E-06  
              920.395             92.0395E-09       221.113E-06  
              921.195             92.1195E-09       221.313E-06  
              921.995             92.1995E-09       221.513E-06  
              922.794             92.2795E-09       221.712E-06  
              923.595             92.3594E-09       221.909E-06  
              924.395             92.4395E-09       222.106E-06  
              925.195             92.5195E-09       222.302E-06  
              925.995             92.5994E-09       222.497E-06  
              926.794             92.6795E-09       222.83E-06   
              927.595             92.7595E-09       223.235E-06  
              928.395             92.8395E-09       223.639E-06  
              929.195             92.9195E-09       224.033E-06  
              929.995             92.9995E-09       224.412E-06  
              930.794             93.0795E-09       224.77E-06   
              931.595             93.1595E-09       225.108E-06  
              932.395             93.2395E-09       225.43E-06   
              933.195             93.3195E-09       225.739E-06  
              933.995             93.3995E-09       226.037E-06  
              934.794             93.4795E-09       226.326E-06  
              935.595             93.5595E-09       226.606E-06  
              936.395             93.6395E-09       226.878E-06  
              937.195             93.7195E-09       227.144E-06  
              937.995             93.7995E-09       227.404E-06  
              938.794             93.8795E-09       227.659E-06  
              939.595             93.9594E-09       227.909E-06  
              940.395             94.0395E-09       228.155E-06  
              941.195             94.1195E-09       228.397E-06  
              941.995             94.1995E-09       228.635E-06  
              942.794             94.2795E-09       228.87E-06   
              943.595             94.3595E-09       229.101E-06  
              944.395             94.4394E-09       229.329E-06  
              945.195             94.5195E-09       229.554E-06  
              945.995             94.5995E-09       229.777E-06  
              946.794             94.6795E-09       229.997E-06  
              947.595             94.7595E-09       230.215E-06  
              948.395             94.8395E-09       230.43E-06   
              949.195             94.9195E-09       230.644E-06  
              949.995             94.9995E-09       230.855E-06  
              950.794             95.0795E-09       231.065E-06  
              951.595             95.1595E-09       231.273E-06  
              952.395             95.2395E-09       231.479E-06  
              953.195             95.3195E-09       231.685E-06  
              953.995             95.3995E-09       231.889E-06  
              954.794             95.4795E-09       232.092E-06  
              955.595             95.5595E-09       232.294E-06  
              956.395             95.6395E-09       232.495E-06  
              957.195             95.7195E-09       232.694E-06  
              957.995             95.7994E-09       232.731E-06  
              958.794             95.8795E-09       233.024E-06  
              959.595             95.9595E-09       233.217E-06  
              960.395             96.0395E-09       233.422E-06  
              961.195             96.1195E-09       233.623E-06  
              961.995             96.1995E-09       233.821E-06  
              962.794             96.2795E-09       234.017E-06  
              963.595             96.3595E-09       234.211E-06  
              964.395             96.4395E-09       234.403E-06  
              965.195             96.5195E-09       234.594E-06  
              965.995             96.5994E-09       234.784E-06  
              966.794             96.6795E-09       234.973E-06  
              967.595             96.7595E-09       235.161E-06  
              968.395             96.8395E-09       235.348E-06  
              969.195             96.9195E-09       235.535E-06  
              969.995             96.9995E-09       235.721E-06  
              970.794             97.0795E-09       235.907E-06  
              971.595             97.1595E-09       236.092E-06  
              972.395             97.2395E-09       236.276E-06  
              973.195             97.3195E-09       236.461E-06  
              973.995             97.3995E-09       236.644E-06  
              974.794             97.4795E-09       236.828E-06  
              975.595             97.5595E-09       237.011E-06  
              976.395             97.6395E-09       237.194E-06  
              977.195             97.7195E-09       237.377E-06  
              977.995             97.7995E-09       237.559E-06  
              978.794             97.8794E-09       237.741E-06  
              979.595             97.9595E-09       237.923E-06  
              980.395             98.0395E-09       238.105E-06  
              981.195             98.1195E-09       238.286E-06  
              981.995             98.1995E-09       238.467E-06  
              982.794             98.2795E-09       238.647E-06  
              983.595             98.3595E-09       238.828E-06  
              984.395             98.4395E-09       239.007E-06  
              985.195             98.5195E-09       239.187E-06  
              985.995             98.5995E-09       239.366E-06  
              986.794             98.6795E-09       239.546E-06  
              987.595             98.7595E-09       239.725E-06  
              988.395             98.8395E-09       239.904E-06  
              989.195             98.9195E-09       240.082E-06  
              989.995             98.9995E-09       240.261E-06  
              990.794             99.0795E-09       240.439E-06  
              991.595             99.1595E-09       240.617E-06  
              992.395             99.2394E-09       240.795E-06  
              993.195             99.3195E-09       240.972E-06  
              993.995             99.3995E-09       241.15E-06   
              994.794             99.4795E-09       241.326E-06  
              995.595             99.5595E-09       241.503E-06  
              996.395             99.6395E-09       241.679E-06  
              997.195             99.7195E-09       241.855E-06  
              997.995             99.7995E-09       242.032E-06  
              998.794             99.8795E-09       242.208E-06  
              999.595             99.9595E-09       242.384E-06  
                1.00039E+03      100.E-09           240.603E-06  
                1.00119E+03      100.E-09           237.111E-06  
                1.00199E+03      100.E-09           234.323E-06  
                1.00199E+03      100.E-09             0.         




