
                  X             Displacement          Force      

                0.                -0.                 0.         
                1.E-03           100.E-15             1.08566E-09
                2.E-03           200.E-15           679.41E-12   
                3.5E-03          350.E-15            67.6342E-12 
                5.75E-03         575.E-15             5.33598E-12
                9.125E-03        912.5E-15          524.07E-15   
               14.1875E-03         1.41875E-12       52.3466E-15 
               21.7812E-03         2.17813E-12        5.23341E-15
               33.1719E-03         3.31719E-12      523.388E-18  
               50.2578E-03         5.02578E-12       52.3371E-18 
               75.8867E-03         7.58867E-12        5.23344E-18
              114.33E-03          11.433E-12        523.285E-21  
              171.995E-03         17.1995E-12        52.3247E-21 
              258.493E-03         25.8493E-12         5.23194E-21
              388.239E-03         38.8239E-12       523.123E-24  
              582.859E-03         58.2859E-12        52.302E-24  
              874.788E-03         87.4788E-12         5.22867E-24
                1.31268          131.268E-12        522.639E-27  
                1.96952          196.952E-12         52.2296E-27 
                2.86952          286.952E-12          5.21827E-27
                3.76952          376.952E-12        521.357E-30  
                4.66952          466.952E-12         52.0888E-30 
                5.56952          556.952E-12          5.20418E-30
                6.46952          646.952E-12        519.949E-33  
                7.36952          736.952E-12         51.948E-33  
                8.26952          826.952E-12          5.19011E-33
                9.16952          916.952E-12        518.541E-36  
               10.0695             1.00695E-09      487.811E-09  
               10.9695             1.09695E-09        1.30416E-06
               11.8695             1.18695E-09        2.11992E-06
               12.7695             1.27695E-09        2.9346E-06 
               13.6695             1.36695E-09        3.65981E-06
               14.5695             1.45695E-09        4.23859E-06
               15.4695             1.54695E-09        4.61952E-06
               16.3695             1.63695E-09        4.91257E-06
               17.2695             1.72695E-09        5.18084E-06
               18.1695             1.81695E-09        5.42604E-06
               19.0695             1.90695E-09        5.6407E-06 
               19.9695             1.99695E-09        5.82996E-06
               20.8695             2.08695E-09        6.00189E-06
               21.7695             2.17695E-09        6.16272E-06
               22.6695             2.26695E-09        6.31578E-06
               23.5695             2.35695E-09        6.46281E-06
               24.4695             2.44695E-09        6.60551E-06
               25.3695             2.53695E-09        6.74518E-06
               26.2695             2.62695E-09        6.88229E-06
               27.1695             2.71695E-09        7.01692E-06
               28.0695             2.80695E-09        7.14919E-06
               28.9695             2.89695E-09        7.27918E-06
               29.8695             2.98695E-09        7.40703E-06
               30.7695             3.07695E-09        7.53263E-06
               31.6695             3.16695E-09        7.65588E-06
               32.5695             3.25695E-09        7.77665E-06
               33.4695             3.34695E-09        7.8947E-06 
               34.3695             3.43695E-09        8.00965E-06
               35.2695             3.52695E-09        8.12101E-06
               36.1695             3.61695E-09        8.22834E-06
               37.0695             3.70695E-09        8.33156E-06
               37.9695             3.79695E-09        8.43086E-06
               38.8695             3.88695E-09        8.52654E-06
               39.7695             3.97695E-09        8.61882E-06
               40.6695             4.06695E-09        8.7078E-06 
               41.5695             4.15695E-09        8.7936E-06 
               42.4695             4.24695E-09        8.87624E-06
               43.3695             4.33695E-09        8.95579E-06
               44.2695             4.42695E-09        9.03227E-06
               45.1695             4.51695E-09        9.10573E-06
               46.0695             4.60695E-09        9.1763E-06 
               46.9695             4.69695E-09        9.24417E-06
               47.8695             4.78695E-09        9.30961E-06
               48.7695             4.87695E-09        9.37285E-06
               49.6695             4.96695E-09        9.43414E-06
               50.5695             5.05695E-09        9.49367E-06
               51.4695             5.14695E-09        9.55157E-06
               52.3695             5.23695E-09        9.60795E-06
               53.2695             5.32695E-09        9.6629E-06 
               54.1695             5.41695E-09        9.71648E-06
               55.0695             5.50695E-09        9.76875E-06
               55.9695             5.59695E-09        9.81979E-06
               56.8695             5.68695E-09        9.86962E-06
               57.7695             5.77695E-09        9.91829E-06
               58.6695             5.86695E-09        9.96586E-06
               59.5695             5.95695E-09       10.0124E-06 
               60.4695             6.04695E-09       10.0579E-06 
               61.3695             6.13695E-09       10.9273E-06 
               62.2695             6.22695E-09       12.6697E-06 
               63.1695             6.31695E-09       14.3426E-06 
               64.0695             6.40695E-09       15.9513E-06 
               64.9695             6.49695E-09       17.4857E-06 
               65.8695             6.58695E-09       18.9295E-06 
               66.7695             6.67695E-09       20.266E-06  
               67.6695             6.76695E-09       21.4978E-06 
               68.5695             6.85695E-09       22.6165E-06 
               69.4695             6.94695E-09       23.6242E-06 
               70.3695             7.03695E-09       24.5297E-06 
               71.2695             7.12695E-09       25.3295E-06 
               72.1695             7.21695E-09       26.034E-06  
               73.0695             7.30695E-09       26.661E-06  
               73.9695             7.39695E-09       27.2255E-06 
               74.8695             7.48695E-09       27.738E-06  
               75.7695             7.57695E-09       28.2078E-06 
               76.6695             7.66695E-09       28.6431E-06 
               77.5695             7.75695E-09       29.0507E-06 
               78.4695             7.84695E-09       29.4353E-06 
               79.3695             7.93695E-09       29.7998E-06 
               80.2695             8.02695E-09       30.1461E-06 
               81.1695             8.11695E-09       30.4759E-06 
               82.0695             8.20695E-09       30.7912E-06 
               82.9695             8.29695E-09       31.0939E-06 
               83.8695             8.38695E-09       31.3854E-06 
               84.7695             8.47695E-09       31.6666E-06 
               85.6695             8.56695E-09       31.9382E-06 
               86.5695             8.65695E-09       32.2006E-06 
               87.4695             8.74695E-09       32.4542E-06 
               88.3695             8.83695E-09       32.6995E-06 
               89.2695             8.92695E-09       32.9371E-06 
               90.1695             9.01695E-09       33.1675E-06 
               91.0695             9.10695E-09       33.3914E-06 
               91.9695             9.19695E-09       33.6092E-06 
               92.8695             9.28695E-09       33.8213E-06 
               93.7695             9.37695E-09       34.0282E-06 
               94.6695             9.46695E-09       34.2302E-06 
               95.5695             9.55695E-09       34.4277E-06 
               96.4695             9.64695E-09       34.6209E-06 
               97.3695             9.73695E-09       34.8102E-06 
               98.2695             9.82695E-09       34.9956E-06 
               99.1695             9.91695E-09       35.1773E-06 
              100.07              10.007E-09         35.3555E-06 
              100.97              10.097E-09         35.5302E-06 
              101.87              10.187E-09         35.7017E-06 
              102.77              10.277E-09         35.8698E-06 
              103.67              10.367E-09         36.0349E-06 
              104.57              10.457E-09         36.1968E-06 
              105.47              10.547E-09         36.3558E-06 
              106.37              10.637E-09         36.5118E-06 
              107.27              10.727E-09         36.665E-06  
              108.17              10.817E-09         36.8155E-06 
              109.07              10.907E-09         36.9635E-06 
              109.97              10.997E-09         37.109E-06  
              110.87              11.087E-09         37.2522E-06 
              111.77              11.177E-09         37.3932E-06 
              112.67              11.267E-09         37.5321E-06 
              113.57              11.357E-09         37.669E-06  
              114.47              11.447E-09         38.0047E-06 
              115.37              11.537E-09         38.6598E-06 
              116.27              11.627E-09         39.3572E-06 
              117.17              11.717E-09         40.0109E-06 
              118.07              11.807E-09         40.7008E-06 
              118.97              11.897E-09         41.7392E-06 
              119.87              11.987E-09         42.86E-06   
              120.77              12.077E-09         43.917E-06  
              121.67              12.167E-09         44.9001E-06 
              122.57              12.257E-09         45.7952E-06 
              123.47              12.347E-09         46.597E-06  
              124.37              12.437E-09         47.3176E-06 
              125.27              12.527E-09         47.9703E-06 
              126.17              12.617E-09         48.5672E-06 
              127.07              12.707E-09         49.1171E-06 
              127.97              12.797E-09         49.6253E-06 
              128.87              12.887E-09         50.0956E-06 
              129.77              12.977E-09         50.5308E-06 
              130.67              13.067E-09         50.9342E-06 
              131.57              13.157E-09         51.3103E-06 
              132.47              13.247E-09         51.6634E-06 
              133.37              13.337E-09         51.9962E-06 
              134.27              13.427E-09         52.3109E-06 
              135.17              13.517E-09         52.6098E-06 
              136.07              13.607E-09         52.8947E-06 
              136.97              13.697E-09         53.167E-06  
              137.87              13.787E-09         53.4275E-06 
              138.77              13.877E-09         53.6773E-06 
              139.67              13.967E-09         53.9175E-06 
              140.57              14.057E-09         54.1497E-06 
              141.47              14.147E-09         54.3751E-06 
              142.37              14.237E-09         54.5947E-06 
              143.27              14.327E-09         54.8091E-06 
              144.17              14.417E-09         55.0189E-06 
              145.07              14.507E-09         55.2244E-06 
              145.97              14.597E-09         55.4259E-06 
              146.87              14.687E-09         55.6236E-06 
              147.77              14.777E-09         55.8176E-06 
              148.67              14.867E-09         56.0083E-06 
              149.57              14.957E-09         56.1957E-06 
              150.47              15.047E-09         56.3798E-06 
              151.37              15.137E-09         56.5606E-06 
              152.27              15.227E-09         56.7381E-06 
              153.17              15.317E-09         56.9126E-06 
              154.07              15.407E-09         57.0841E-06 
              154.97              15.497E-09         57.253E-06  
              155.87              15.587E-09         57.4194E-06 
              156.77              15.677E-09         57.5836E-06 
              157.67              15.767E-09         57.7457E-06 
              158.57              15.857E-09         57.9058E-06 
              159.47              15.947E-09         58.0639E-06 
              160.37              16.037E-09         58.2202E-06 
              161.27              16.127E-09         58.3747E-06 
              162.17              16.217E-09         58.5277E-06 
              163.07              16.307E-09         58.6792E-06 
              163.97              16.397E-09         58.8291E-06 
              164.87              16.487E-09         58.9775E-06 
              165.77              16.577E-09         59.1245E-06 
              166.67              16.667E-09         59.2702E-06 
              167.57              16.757E-09         59.4146E-06 
              168.47              16.847E-09         59.5577E-06 
              169.37              16.937E-09         59.6996E-06 
              170.27              17.027E-09         59.8402E-06 
              171.17              17.117E-09         59.9795E-06 
              172.07              17.207E-09         60.1176E-06 
              172.97              17.297E-09         60.2546E-06 
              173.87              17.387E-09         60.3905E-06 
              174.77              17.477E-09         60.5254E-06 
              175.67              17.567E-09         60.6592E-06 
              176.57              17.657E-09         60.792E-06  
              177.47              17.747E-09         60.9238E-06 
              178.37              17.837E-09         61.0545E-06 
              179.27              17.927E-09         61.1843E-06 
              180.17              18.017E-09         61.313E-06  
              181.07              18.107E-09         61.4409E-06 
              181.97              18.197E-09         61.5677E-06 
              182.87              18.287E-09         61.6937E-06 
              183.77              18.377E-09         61.8187E-06 
              184.67              18.467E-09         61.9427E-06 
              185.57              18.557E-09         62.0658E-06 
              186.47              18.647E-09         62.1881E-06 
              187.37              18.737E-09         62.3096E-06 
              188.27              18.827E-09         62.4304E-06 
              189.17              18.917E-09         62.5504E-06 
              190.07              19.007E-09         62.6698E-06 
              190.97              19.097E-09         62.7884E-06 
              191.87              19.187E-09         62.9064E-06 
              192.77              19.277E-09         63.0238E-06 
              193.67              19.367E-09         63.1407E-06 
              194.57              19.457E-09         63.2569E-06 
              195.47              19.547E-09         63.3724E-06 
              196.37              19.637E-09         63.4874E-06 
              197.27              19.727E-09         63.6016E-06 
              198.17              19.817E-09         63.7153E-06 
              199.07              19.907E-09         63.8283E-06 
              199.97              19.997E-09         63.9407E-06 
              200.87              20.087E-09         64.0525E-06 
              201.77              20.177E-09         64.1638E-06 
              202.67              20.267E-09         64.2745E-06 
              203.57              20.357E-09         64.3847E-06 
              204.47              20.447E-09         64.4944E-06 
              205.37              20.537E-09         64.6036E-06 
              206.27              20.627E-09         64.7123E-06 
              207.17              20.717E-09         64.8207E-06 
              208.07              20.807E-09         64.9288E-06 
              208.97              20.897E-09         65.0366E-06 
              209.87              20.987E-09         65.1441E-06 
              210.77              21.077E-09         65.2512E-06 
              211.67              21.167E-09         65.3579E-06 
              212.57              21.257E-09         65.4642E-06 
              213.47              21.347E-09         65.5702E-06 
              214.37              21.437E-09         65.6758E-06 
              215.27              21.527E-09         65.7809E-06 
              216.17              21.617E-09         65.8856E-06 
              217.07              21.707E-09         65.9899E-06 
              217.97              21.797E-09         66.0937E-06 
              218.87              21.887E-09         66.1972E-06 
              219.77              21.977E-09         66.3005E-06 
              220.67              22.067E-09         66.4035E-06 
              221.57              22.157E-09         66.5063E-06 
              222.47              22.247E-09         66.6088E-06 
              223.37              22.337E-09         66.7112E-06 
              224.27              22.427E-09         66.8132E-06 
              225.17              22.517E-09         66.9149E-06 
              226.07              22.607E-09         67.0163E-06 
              226.97              22.697E-09         67.1174E-06 
              227.87              22.787E-09         67.2183E-06 
              228.77              22.877E-09         67.3189E-06 
              229.67              22.967E-09         67.4195E-06 
              230.57              23.057E-09         67.5198E-06 
              231.47              23.147E-09         67.62E-06   
              232.37              23.237E-09         67.7202E-06 
              233.27              23.327E-09         67.8202E-06 
              234.17              23.417E-09         68.2618E-06 
              235.07              23.507E-09         68.7726E-06 
              235.97              23.597E-09         69.2634E-06 
              236.87              23.687E-09         70.0653E-06 
              237.77              23.777E-09         70.9123E-06 
              238.67              23.867E-09         71.7137E-06 
              239.57              23.957E-09         72.4695E-06 
              240.47              24.047E-09         73.1781E-06 
              241.37              24.137E-09         73.8353E-06 
              242.27              24.227E-09         74.4434E-06 
              243.17              24.317E-09         75.0084E-06 
              244.07              24.407E-09         75.5283E-06 
              244.97              24.497E-09         76.0043E-06 
              245.87              24.587E-09         76.4429E-06 
              246.77              24.677E-09         76.8498E-06 
              247.67              24.767E-09         77.2292E-06 
              248.57              24.857E-09         77.584E-06  
              249.47              24.947E-09         77.915E-06  
              250.37              25.037E-09         78.2237E-06 
              251.27              25.127E-09         78.5123E-06 
              252.17              25.217E-09         78.782E-06  
              253.07              25.307E-09         79.0342E-06 
              253.97              25.397E-09         79.2709E-06 
              254.87              25.487E-09         79.4946E-06 
              255.77              25.577E-09         79.7077E-06 
              256.67              25.667E-09         79.9118E-06 
              257.57              25.757E-09         80.1084E-06 
              258.47              25.847E-09         80.2987E-06 
              259.37              25.937E-09         80.4836E-06 
              260.27              26.027E-09         80.6635E-06 
              261.17              26.117E-09         80.8392E-06 
              262.07              26.207E-09         81.0106E-06 
              262.97              26.297E-09         81.1778E-06 
              263.87              26.387E-09         81.3413E-06 
              264.77              26.477E-09         81.5015E-06 
              265.67              26.567E-09         81.7952E-06 
              266.57              26.657E-09         82.0856E-06 
              267.47              26.747E-09         82.364E-06  
              268.37              26.837E-09         82.7311E-06 
              269.27              26.927E-09         83.1222E-06 
              270.17              27.017E-09         83.4977E-06 
              271.07              27.107E-09         83.8562E-06 
              271.97              27.197E-09         84.1978E-06 
              272.87              27.287E-09         84.5241E-06 
              273.77              27.377E-09         84.8361E-06 
              274.67              27.467E-09         85.1349E-06 
              275.57              27.557E-09         85.421E-06  
              276.47              27.647E-09         85.6948E-06 
              277.37              27.737E-09         85.9565E-06 
              278.27              27.827E-09         86.2061E-06 
              279.17              27.917E-09         86.4439E-06 
              280.07              28.007E-09         86.6712E-06 
              280.97              28.097E-09         86.8895E-06 
              281.87              28.187E-09         87.0996E-06 
              282.77              28.277E-09         87.3017E-06 
              283.67              28.367E-09         87.496E-06  
              284.57              28.457E-09         87.683E-06  
              285.47              28.547E-09         87.8641E-06 
              286.37              28.637E-09         88.0397E-06 
              287.27              28.727E-09         88.2108E-06 
              288.17              28.817E-09         88.3778E-06 
              289.07              28.907E-09         88.5412E-06 
              289.97              28.997E-09         88.7008E-06 
              290.87              29.087E-09         88.8577E-06 
              291.77              29.177E-09         89.0124E-06 
              292.67              29.267E-09         89.1646E-06 
              293.57              29.357E-09         89.3141E-06 
              294.47              29.447E-09         89.4607E-06 
              295.37              29.537E-09         89.6053E-06 
              296.27              29.627E-09         89.752E-06  
              297.17              29.717E-09         89.8891E-06 
              298.07              29.807E-09         90.0266E-06 
              298.97              29.897E-09         90.1624E-06 
              299.87              29.987E-09         90.2968E-06 
              300.77              30.077E-09         90.4298E-06 
              301.67              30.167E-09         90.5614E-06 
              302.57              30.257E-09         90.6916E-06 
              303.47              30.347E-09         90.8205E-06 
              304.37              30.437E-09         90.9485E-06 
              305.27              30.527E-09         91.0759E-06 
              306.17              30.617E-09         91.5247E-06 
              307.07              30.707E-09         91.4704E-06 
              307.97              30.797E-09         91.5187E-06 
              308.87              30.887E-09         91.6162E-06 
              309.77              30.977E-09         91.728E-06  
              310.67              31.067E-09         92.123E-06  
              311.57              31.157E-09         92.5215E-06 
              312.47              31.247E-09         92.9064E-06 
              313.37              31.337E-09         93.2733E-06 
              314.27              31.427E-09         93.6215E-06 
              315.17              31.517E-09         93.9496E-06 
              316.07              31.607E-09         94.4714E-06 
              316.97              31.697E-09         94.9808E-06 
              317.87              31.787E-09         95.6189E-06 
              318.77              31.877E-09         96.2692E-06 
              319.67              31.967E-09         96.8877E-06 
              320.57              32.057E-09         97.4744E-06 
              321.47              32.147E-09         98.0306E-06 
              322.37              32.237E-09         98.5575E-06 
              323.27              32.327E-09         99.0522E-06 
              324.17              32.417E-09         99.5137E-06 
              325.07              32.507E-09         99.9455E-06 
              325.97              32.597E-09        100.352E-06  
              326.87              32.687E-09        100.915E-06  
              327.77              32.777E-09        101.564E-06  
              328.67              32.867E-09        102.196E-06  
              329.57              32.957E-09        102.804E-06  
              330.47              33.047E-09        103.381E-06  
              331.37              33.137E-09        103.923E-06  
              332.27              33.227E-09        104.429E-06  
              333.17              33.317E-09        104.902E-06  
              334.07              33.407E-09        105.347E-06  
              334.97              33.497E-09        105.768E-06  
              335.87              33.587E-09        106.167E-06  
              336.77              33.677E-09        106.546E-06  
              337.67              33.767E-09        106.907E-06  
              338.57              33.8569E-09       107.251E-06  
              339.47              33.947E-09        107.58E-06   
              340.37              34.037E-09        107.896E-06  
              341.27              34.127E-09        108.199E-06  
              342.17              34.217E-09        108.49E-06   
              343.07              34.307E-09        108.77E-06   
              343.97              34.397E-09        109.038E-06  
              344.87              34.487E-09        109.296E-06  
              345.77              34.577E-09        109.546E-06  
              346.67              34.667E-09        109.788E-06  
              347.57              34.757E-09        110.023E-06  
              348.47              34.847E-09        110.252E-06  
              349.37              34.937E-09        110.475E-06  
              350.27              35.027E-09        110.693E-06  
              351.17              35.117E-09        110.906E-06  
              352.07              35.207E-09        111.115E-06  
              352.97              35.297E-09        111.319E-06  
              353.87              35.387E-09        111.52E-06   
              354.77              35.4769E-09       111.718E-06  
              355.67              35.567E-09        111.912E-06  
              356.57              35.657E-09        112.103E-06  
              357.47              35.747E-09        112.291E-06  
              358.37              35.8369E-09       112.477E-06  
              359.27              35.9269E-09       112.66E-06   
              360.17              36.017E-09        112.841E-06  
              361.07              36.107E-09        113.02E-06   
              361.97              36.1969E-09       113.197E-06  
              362.87              36.2869E-09       113.593E-06  
              363.77              36.377E-09        113.637E-06  
              364.67              36.467E-09        113.76E-06   
              365.57              36.557E-09        113.912E-06  
              366.47              36.647E-09        114.071E-06  
              367.37              36.737E-09        114.234E-06  
              368.27              36.827E-09        114.397E-06  
              369.17              36.917E-09        114.561E-06  
              370.07              37.007E-09        114.724E-06  
              370.97              37.097E-09        114.886E-06  
              371.87              37.187E-09        115.048E-06  
              372.77              37.277E-09        115.209E-06  
              373.67              37.367E-09        115.369E-06  
              374.57              37.457E-09        115.528E-06  
              375.47              37.547E-09        115.686E-06  
              376.37              37.637E-09        115.843E-06  
              377.27              37.727E-09        116.E-06     
              378.17              37.817E-09        116.156E-06  
              379.07              37.907E-09        116.311E-06  
              379.97              37.997E-09        116.465E-06  
              380.87              38.087E-09        116.618E-06  
              381.77              38.177E-09        116.77E-06   
              382.67              38.267E-09        116.922E-06  
              383.57              38.357E-09        117.074E-06  
              384.47              38.447E-09        117.225E-06  
              385.37              38.537E-09        117.375E-06  
              386.27              38.627E-09        117.525E-06  
              387.17              38.717E-09        117.674E-06  
              388.07              38.807E-09        117.823E-06  
              388.97              38.897E-09        117.971E-06  
              389.87              38.9869E-09       118.119E-06  
              390.77              39.077E-09        118.266E-06  
              391.67              39.167E-09        118.413E-06  
              392.57              39.257E-09        118.56E-06   
              393.47              39.347E-09        118.706E-06  
              394.37              39.437E-09        118.852E-06  
              395.27              39.527E-09        118.998E-06  
              396.17              39.617E-09        119.004E-06  
              397.07              39.707E-09        119.296E-06  
              397.97              39.797E-09        119.214E-06  
              398.87              39.887E-09        119.5E-06    
              399.77              39.977E-09        119.683E-06  
              400.67              40.067E-09        119.872E-06  
              401.57              40.157E-09        120.048E-06  
              402.47              40.247E-09        120.215E-06  
              403.37              40.337E-09        120.374E-06  
              404.27              40.427E-09        120.527E-06  
              405.17              40.517E-09        120.675E-06  
              406.07              40.607E-09        120.821E-06  
              406.97              40.697E-09        120.964E-06  
              407.87              40.787E-09        121.106E-06  
              408.77              40.877E-09        121.246E-06  
              409.67              40.9669E-09       121.386E-06  
              410.57              41.057E-09        121.526E-06  
              411.47              41.147E-09        121.665E-06  
              412.37              41.237E-09        121.803E-06  
              413.27              41.327E-09        121.941E-06  
              414.17              41.417E-09        122.079E-06  
              415.07              41.507E-09        122.217E-06  
              415.97              41.597E-09        122.354E-06  
              416.87              41.687E-09        122.491E-06  
              417.77              41.777E-09        122.628E-06  
              418.67              41.867E-09        122.765E-06  
              419.57              41.957E-09        122.902E-06  
              420.47              42.047E-09        123.038E-06  
              421.37              42.137E-09        123.174E-06  
              422.27              42.227E-09        123.309E-06  
              423.17              42.317E-09        123.445E-06  
              424.07              42.407E-09        123.581E-06  
              424.97              42.497E-09        123.716E-06  
              425.87              42.587E-09        123.851E-06  
              426.77              42.677E-09        123.949E-06  
              427.67              42.767E-09        124.104E-06  
              428.57              42.857E-09        124.248E-06  
              429.47              42.947E-09        124.388E-06  
              430.37              43.037E-09        124.525E-06  
              431.27              43.127E-09        124.661E-06  
              432.17              43.217E-09        124.796E-06  
              433.07              43.307E-09        124.931E-06  
              433.97              43.3969E-09       125.065E-06  
              434.87              43.487E-09        125.198E-06  
              435.77              43.577E-09        125.331E-06  
              436.67              43.667E-09        125.464E-06  
              437.57              43.757E-09        125.597E-06  
              438.47              43.847E-09        125.73E-06   
              439.37              43.937E-09        125.862E-06  
              440.27              44.027E-09        125.994E-06  
              441.17              44.117E-09        126.126E-06  
              442.07              44.207E-09        126.257E-06  
              442.97              44.297E-09        126.389E-06  
              443.87              44.387E-09        126.521E-06  
              444.77              44.477E-09        126.653E-06  
              445.67              44.567E-09        126.784E-06  
              446.57              44.657E-09        126.916E-06  
              447.47              44.747E-09        127.048E-06  
              448.37              44.837E-09        127.179E-06  
              449.27              44.927E-09        127.311E-06  
              450.17              45.017E-09        127.442E-06  
              451.07              45.107E-09        127.573E-06  
              451.97              45.197E-09        127.704E-06  
              452.87              45.287E-09        127.835E-06  
              453.77              45.377E-09        127.965E-06  
              454.67              45.467E-09        128.095E-06  
              455.57              45.557E-09        128.224E-06  
              456.47              45.647E-09        128.354E-06  
              457.37              45.737E-09        128.483E-06  
              458.27              45.827E-09        128.612E-06  
              459.17              45.917E-09        128.74E-06   
              460.07              46.007E-09        128.869E-06  
              460.97              46.097E-09        128.997E-06  
              461.87              46.187E-09        129.126E-06  
              462.77              46.277E-09        129.254E-06  
              463.67              46.367E-09        129.382E-06  
              464.57              46.457E-09        129.51E-06   
              465.47              46.547E-09        129.638E-06  
              466.37              46.637E-09        129.766E-06  
              467.27              46.727E-09        129.894E-06  
              468.17              46.817E-09        130.022E-06  
              469.07              46.907E-09        130.15E-06   
              469.97              46.997E-09        130.278E-06  
              470.87              47.087E-09        130.406E-06  
              471.77              47.177E-09        130.534E-06  
              472.67              47.267E-09        130.662E-06  
              473.57              47.357E-09        130.79E-06   
              474.47              47.447E-09        130.919E-06  
              475.37              47.537E-09        131.048E-06  
              476.27              47.627E-09        131.176E-06  
              477.17              47.717E-09        131.305E-06  
              478.07              47.807E-09        131.434E-06  
              478.97              47.8969E-09       131.563E-06  
              479.87              47.987E-09        131.691E-06  
              480.77              48.077E-09        131.819E-06  
              481.67              48.167E-09        131.946E-06  
              482.57              48.257E-09        132.074E-06  
              483.47              48.347E-09        132.201E-06  
              484.37              48.437E-09        132.583E-06  
              485.27              48.527E-09        133.068E-06  
              486.17              48.617E-09        133.55E-06   
              487.07              48.707E-09        134.021E-06  
              487.97              48.797E-09        134.476E-06  
              488.87              48.887E-09        134.906E-06  
              489.77              48.977E-09        135.302E-06  
              490.67              49.067E-09        135.674E-06  
              491.57              49.157E-09        136.024E-06  
              492.47              49.247E-09        136.348E-06  
              493.37              49.337E-09        136.645E-06  
              494.27              49.427E-09        136.924E-06  
              495.17              49.5169E-09       137.188E-06  
              496.07              49.607E-09        137.439E-06  
              496.97              49.697E-09        137.681E-06  
              497.87              49.787E-09        137.913E-06  
              498.77              49.8769E-09       138.137E-06  
              499.67              49.967E-09        138.352E-06  
              500.57              50.057E-09        138.559E-06  
              501.47              50.147E-09        138.758E-06  
              502.37              50.2369E-09       139.02E-06   
              503.27              50.327E-09        139.156E-06  
              504.17              50.417E-09        139.325E-06  
              505.07              50.507E-09        139.496E-06  
              505.97              50.597E-09        139.666E-06  
              506.87              50.687E-09        139.833E-06  
              507.77              50.777E-09        139.997E-06  
              508.67              50.867E-09        140.158E-06  
              509.57              50.957E-09        140.316E-06  
              510.47              51.047E-09        140.472E-06  
              511.37              51.137E-09        140.625E-06  
              512.27              51.227E-09        140.775E-06  
              513.169             51.317E-09        140.924E-06  
              514.07              51.407E-09        141.072E-06  
              514.97              51.497E-09        141.218E-06  
              515.87              51.587E-09        141.362E-06  
              516.77              51.677E-09        141.506E-06  
              517.669             51.767E-09        141.649E-06  
              518.57              51.857E-09        141.791E-06  
              519.47              51.947E-09        141.932E-06  
              520.37              52.037E-09        142.072E-06  
              521.27              52.127E-09        142.212E-06  
              522.169             52.217E-09        142.352E-06  
              523.07              52.307E-09        142.49E-06   
              523.97              52.397E-09        142.628E-06  
              524.87              52.487E-09        142.766E-06  
              525.77              52.577E-09        142.903E-06  
              526.669             52.667E-09        143.04E-06   
              527.57              52.757E-09        143.176E-06  
              528.47              52.847E-09        143.312E-06  
              529.37              52.937E-09        143.447E-06  
              530.27              53.027E-09        143.582E-06  
              531.169             53.117E-09        143.717E-06  
              532.07              53.207E-09        143.914E-06  
              532.97              53.297E-09        144.006E-06  
              533.87              53.387E-09        144.13E-06   
              534.77              53.477E-09        144.259E-06  
              535.669             53.567E-09        144.39E-06   
              536.57              53.657E-09        144.523E-06  
              537.47              53.747E-09        144.655E-06  
              538.37              53.837E-09        144.788E-06  
              539.27              53.927E-09        144.921E-06  
              540.169             54.017E-09        145.054E-06  
              541.07              54.107E-09        145.186E-06  
              541.97              54.197E-09        145.319E-06  
              542.87              54.287E-09        145.451E-06  
              543.77              54.377E-09        145.584E-06  
              544.669             54.467E-09        145.716E-06  
              545.57              54.557E-09        145.848E-06  
              546.47              54.647E-09        145.981E-06  
              547.37              54.737E-09        146.113E-06  
              548.27              54.827E-09        146.246E-06  
              549.169             54.917E-09        146.378E-06  
              550.07              55.007E-09        146.51E-06   
              550.97              55.097E-09        146.642E-06  
              551.87              55.187E-09        146.774E-06  
              552.77              55.277E-09        146.906E-06  
              553.669             55.367E-09        147.037E-06  
              554.57              55.457E-09        147.169E-06  
              555.47              55.547E-09        147.3E-06    
              556.37              55.637E-09        147.431E-06  
              557.27              55.727E-09        147.563E-06  
              558.169             55.817E-09        147.694E-06  
              559.07              55.907E-09        147.826E-06  
              559.97              55.997E-09        147.957E-06  
              560.87              56.087E-09        148.089E-06  
              561.77              56.177E-09        148.221E-06  
              562.669             56.267E-09        148.353E-06  
              563.57              56.357E-09        148.484E-06  
              564.47              56.447E-09        148.616E-06  
              565.37              56.537E-09        148.747E-06  
              566.27              56.627E-09        148.879E-06  
              567.169             56.717E-09        149.011E-06  
              568.07              56.807E-09        149.143E-06  
              568.97              56.897E-09        149.275E-06  
              569.87              56.987E-09        149.407E-06  
              570.77              57.077E-09        149.539E-06  
              571.669             57.167E-09        149.671E-06  
              572.57              57.257E-09        150.034E-06  
              573.47              57.347E-09        150.527E-06  
              574.37              57.437E-09        151.018E-06  
              575.27              57.527E-09        151.499E-06  
              576.169             57.617E-09        151.966E-06  
              577.07              57.707E-09        152.417E-06  
              577.97              57.797E-09        152.84E-06   
              578.87              57.887E-09        153.227E-06  
              579.77              57.977E-09        153.582E-06  
              580.669             58.067E-09        153.896E-06  
              581.57              58.157E-09        154.393E-06  
              582.47              58.247E-09        154.897E-06  
              583.37              58.337E-09        155.378E-06  
              584.27              58.4269E-09       155.835E-06  
              585.169             58.517E-09        156.284E-06  
              586.07              58.607E-09        156.786E-06  
              586.97              58.697E-09        157.286E-06  
              587.87              58.7869E-09       157.759E-06  
              588.77              58.877E-09        158.204E-06  
              589.669             58.967E-09        158.621E-06  
              590.57              59.057E-09        159.145E-06  
              591.47              59.147E-09        159.812E-06  
              592.37              59.237E-09        160.474E-06  
              593.27              59.327E-09        161.121E-06  
              594.169             59.417E-09        161.743E-06  
              595.07              59.507E-09        162.326E-06  
              595.97              59.597E-09        162.869E-06  
              596.87              59.687E-09        163.378E-06  
              597.77              59.777E-09        163.853E-06  
              598.669             59.867E-09        164.298E-06  
              599.57              59.957E-09        164.719E-06  
              600.47              60.047E-09        165.119E-06  
              601.37              60.137E-09        165.499E-06  
              602.27              60.227E-09        165.863E-06  
              603.169             60.317E-09        166.212E-06  
              604.07              60.407E-09        166.549E-06  
              604.97              60.497E-09        166.874E-06  
              605.87              60.587E-09        167.189E-06  
              606.77              60.677E-09        167.494E-06  
              607.669             60.767E-09        167.79E-06   
              608.57              60.857E-09        168.076E-06  
              609.47              60.947E-09        168.355E-06  
              610.37              61.037E-09        168.625E-06  
              611.27              61.127E-09        168.889E-06  
              612.169             61.217E-09        169.147E-06  
              613.07              61.307E-09        169.399E-06  
              613.97              61.397E-09        169.646E-06  
              614.87              61.4869E-09       169.888E-06  
              615.77              61.577E-09        170.126E-06  
              616.669             61.667E-09        170.36E-06   
              617.57              61.757E-09        170.589E-06  
              618.47              61.847E-09        170.816E-06  
              619.37              61.937E-09        171.038E-06  
              620.27              62.0269E-09       171.258E-06  
              621.169             62.117E-09        171.474E-06  
              622.07              62.207E-09        171.687E-06  
              622.97              62.297E-09        171.898E-06  
              623.87              62.3869E-09       172.105E-06  
              624.77              62.477E-09        172.311E-06  
              625.669             62.567E-09        172.514E-06  
              626.57              62.657E-09        172.716E-06  
              627.47              62.7469E-09       172.921E-06  
              628.37              62.837E-09        173.138E-06  
              629.27              62.9269E-09       173.352E-06  
              630.169             63.017E-09        173.562E-06  
              631.07              63.107E-09        173.769E-06  
              631.97              63.197E-09        173.973E-06  
              632.87              63.287E-09        174.174E-06  
              633.77              63.377E-09        174.373E-06  
              634.669             63.4669E-09       174.569E-06  
              635.57              63.557E-09        174.764E-06  
              636.47              63.647E-09        174.972E-06  
              637.37              63.737E-09        175.188E-06  
              638.27              63.827E-09        175.398E-06  
              639.169             63.917E-09        175.604E-06  
              640.07              64.007E-09        175.806E-06  
              640.97              64.0969E-09       176.005E-06  
              641.87              64.187E-09        176.201E-06  
              642.77              64.2769E-09       176.394E-06  
              643.669             64.367E-09        176.585E-06  
              644.57              64.457E-09        176.775E-06  
              645.47              64.547E-09        176.963E-06  
              646.37              64.637E-09        177.15E-06   
              647.27              64.727E-09        177.335E-06  
              648.169             64.817E-09        177.519E-06  
              649.07              64.907E-09        177.702E-06  
              649.97              64.9969E-09       177.884E-06  
              650.87              65.087E-09        178.065E-06  
              651.77              65.177E-09        178.245E-06  
              652.669             65.267E-09        178.425E-06  
              653.57              65.357E-09        178.603E-06  
              654.47              65.447E-09        178.823E-06  
              655.37              65.537E-09        178.971E-06  
              656.27              65.627E-09        179.14E-06   
              657.169             65.7169E-09       179.313E-06  
              658.07              65.807E-09        179.486E-06  
              658.97              65.897E-09        179.66E-06   
              659.87              65.987E-09        179.833E-06  
              660.77              66.077E-09        180.006E-06  
              661.669             66.167E-09        180.179E-06  
              662.57              66.257E-09        180.351E-06  
              663.47              66.347E-09        180.261E-06  
              664.37              66.437E-09        180.518E-06  
              665.27              66.527E-09        180.704E-06  
              666.169             66.617E-09        180.916E-06  
              667.07              66.707E-09        181.113E-06  
              667.97              66.797E-09        181.301E-06  
              668.87              66.887E-09        181.483E-06  
              669.77              66.977E-09        181.662E-06  
              670.669             67.067E-09        181.837E-06  
              671.57              67.157E-09        182.011E-06  
              672.47              67.247E-09        182.184E-06  
              673.37              67.337E-09        182.355E-06  
              674.27              67.427E-09        182.526E-06  
              675.169             67.517E-09        182.696E-06  
              676.07              67.607E-09        182.865E-06  
              676.97              67.697E-09        183.035E-06  
              677.87              67.787E-09        183.204E-06  
              678.77              67.877E-09        183.374E-06  
              679.669             67.967E-09        183.543E-06  
              680.57              68.057E-09        183.712E-06  
              681.47              68.147E-09        183.88E-06   
              682.37              68.2369E-09       184.048E-06  
              683.27              68.327E-09        184.216E-06  
              684.169             68.417E-09        184.384E-06  
              685.07              68.507E-09        184.552E-06  
              685.97              68.597E-09        184.72E-06   
              686.87              68.687E-09        184.888E-06  
              687.77              68.777E-09        185.056E-06  
              688.669             68.867E-09        185.223E-06  
              689.57              68.9569E-09       185.391E-06  
              690.47              69.047E-09        185.558E-06  
              691.37              69.1369E-09       185.726E-06  
              692.27              69.227E-09        185.893E-06  
              693.169             69.317E-09        186.061E-06  
              694.07              69.407E-09        186.228E-06  
              694.97              69.497E-09        186.395E-06  
              695.87              69.587E-09        186.562E-06  
              696.77              69.6769E-09       186.73E-06   
              697.669             69.767E-09        186.897E-06  
              698.57              69.8569E-09       187.065E-06  
              699.47              69.947E-09        187.234E-06  
              700.37              70.037E-09        187.412E-06  
              701.27              70.127E-09        187.587E-06  
              702.169             70.217E-09        187.761E-06  
              703.07              70.3069E-09       187.932E-06  
              703.97              70.3969E-09       188.103E-06  
              704.87              70.487E-09        188.273E-06  
              705.77              70.577E-09        188.442E-06  
              706.669             70.667E-09        188.61E-06   
              707.57              70.757E-09        188.779E-06  
              708.47              70.847E-09        188.947E-06  
              709.37              70.937E-09        189.115E-06  
              710.27              71.027E-09        189.282E-06  
              711.169             71.1169E-09       189.45E-06   
              712.07              71.2069E-09       189.618E-06  
              712.97              71.297E-09        189.787E-06  
              713.87              71.387E-09        189.955E-06  
              714.77              71.477E-09        190.122E-06  
              715.669             71.567E-09        190.29E-06   
              716.57              71.657E-09        190.458E-06  
              717.47              71.747E-09        190.625E-06  
              718.37              71.837E-09        190.794E-06  
              719.27              71.9269E-09       190.962E-06  
              720.169             72.017E-09        191.13E-06   
              721.07              72.107E-09        191.299E-06  
              721.97              72.197E-09        191.467E-06  
              722.87              72.287E-09        191.635E-06  
              723.77              72.377E-09        191.804E-06  
              724.669             72.467E-09        191.973E-06  
              725.57              72.557E-09        192.143E-06  
              726.47              72.6469E-09       192.312E-06  
              727.37              72.737E-09        192.48E-06   
              728.27              72.827E-09        192.649E-06  
              729.169             72.917E-09        192.817E-06  
              730.07              73.007E-09        192.986E-06  
              730.97              73.097E-09        193.154E-06  
              731.87              73.187E-09        193.322E-06  
              732.77              73.277E-09        193.49E-06   
              733.669             73.367E-09        193.658E-06  
              734.57              73.457E-09        193.827E-06  
              735.47              73.547E-09        193.995E-06  
              736.37              73.637E-09        194.164E-06  
              737.27              73.727E-09        194.333E-06  
              738.169             73.817E-09        194.502E-06  
              739.07              73.907E-09        194.671E-06  
              739.97              73.997E-09        194.841E-06  
              740.87              74.087E-09        195.012E-06  
              741.77              74.177E-09        195.182E-06  
              742.669             74.267E-09        195.353E-06  
              743.57              74.357E-09        195.525E-06  
              744.47              74.447E-09        195.696E-06  
              745.37              74.537E-09        195.868E-06  
              746.27              74.627E-09        196.04E-06   
              747.169             74.717E-09        196.212E-06  
              748.07              74.807E-09        196.383E-06  
              748.97              74.897E-09        196.555E-06  
              749.87              74.987E-09        196.727E-06  
              750.77              75.077E-09        196.899E-06  
              751.669             75.1669E-09       197.072E-06  
              752.57              75.257E-09        197.244E-06  
              753.47              75.3469E-09       197.416E-06  
              754.37              75.437E-09        197.588E-06  
              755.27              75.527E-09        197.76E-06   
              756.169             75.617E-09        197.933E-06  
              757.07              75.707E-09        198.106E-06  
              757.97              75.797E-09        198.279E-06  
              758.87              75.8869E-09       198.452E-06  
              759.77              75.977E-09        198.625E-06  
              760.669             76.0669E-09       198.798E-06  
              761.57              76.157E-09        198.971E-06  
              762.47              76.247E-09        199.144E-06  
              763.37              76.337E-09        199.317E-06  
              764.27              76.427E-09        199.49E-06   
              765.169             76.517E-09        199.664E-06  
              766.07              76.6069E-09       199.837E-06  
              766.97              76.697E-09        200.01E-06   
              767.87              76.787E-09        200.307E-06  
              768.77              76.877E-09        200.665E-06  
              769.669             76.967E-09        201.02E-06   
              770.57              77.057E-09        201.369E-06  
              771.47              77.1469E-09       201.71E-06   
              772.37              77.237E-09        202.038E-06  
              773.27              77.3269E-09       202.352E-06  
              774.169             77.417E-09        202.653E-06  
              775.07              77.507E-09        202.944E-06  
              775.97              77.597E-09        203.226E-06  
              776.87              77.687E-09        203.498E-06  
              777.77              77.777E-09        203.761E-06  
              778.669             77.867E-09        204.015E-06  
              779.57              77.957E-09        204.263E-06  
              780.47              78.047E-09        204.506E-06  
              781.37              78.137E-09        204.804E-06  
              782.27              78.227E-09        205.208E-06  
              783.169             78.317E-09        205.611E-06  
              784.07              78.407E-09        206.003E-06  
              784.97              78.497E-09        206.383E-06  
              785.87              78.587E-09        206.751E-06  
              786.77              78.677E-09        207.105E-06  
              787.669             78.767E-09        207.455E-06  
              788.57              78.857E-09        207.779E-06  
              789.47              78.947E-09        208.093E-06  
              790.37              79.037E-09        208.398E-06  
              791.27              79.127E-09        208.694E-06  
              792.169             79.2169E-09       208.984E-06  
              793.07              79.307E-09        209.266E-06  
              793.97              79.397E-09        209.542E-06  
              794.87              79.487E-09        209.813E-06  
              795.77              79.577E-09        210.079E-06  
              796.669             79.667E-09        210.341E-06  
              797.57              79.757E-09        210.599E-06  
              798.47              79.847E-09        210.853E-06  
              799.37              79.937E-09        211.104E-06  
              800.27              80.027E-09        211.353E-06  
              801.169             80.117E-09        211.598E-06  
              802.07              80.207E-09        211.84E-06   
              802.97              80.297E-09        212.08E-06   
              803.87              80.387E-09        212.319E-06  
              804.77              80.477E-09        212.555E-06  
              805.669             80.567E-09        212.79E-06   
              806.57              80.657E-09        213.023E-06  
              807.47              80.747E-09        213.255E-06  
              808.37              80.837E-09        213.485E-06  
              809.27              80.927E-09        213.531E-06  
              810.169             81.017E-09        213.902E-06  
              811.07              81.107E-09        214.115E-06  
              811.97              81.197E-09        214.348E-06  
              812.87              81.2869E-09       214.579E-06  
              813.77              81.3769E-09       214.808E-06  
              814.669             81.467E-09        215.035E-06  
              815.57              81.557E-09        215.26E-06   
              816.47              81.647E-09        215.484E-06  
              817.37              81.737E-09        215.707E-06  
              818.27              81.827E-09        215.928E-06  
              819.169             81.917E-09        216.149E-06  
              820.07              82.007E-09        216.369E-06  
              820.97              82.0969E-09       216.588E-06  
              821.87              82.187E-09        216.807E-06  
              822.77              82.277E-09        217.024E-06  
              823.669             82.367E-09        217.241E-06  
              824.57              82.457E-09        217.457E-06  
              825.47              82.547E-09        217.673E-06  
              826.37              82.637E-09        217.888E-06  
              827.27              82.727E-09        218.103E-06  
              828.169             82.8169E-09       218.317E-06  
              829.07              82.907E-09        218.531E-06  
              829.97              82.997E-09        218.744E-06  
              830.87              83.087E-09        218.957E-06  
              831.77              83.177E-09        219.169E-06  
              832.669             83.267E-09        219.38E-06   
              833.57              83.3569E-09       219.591E-06  
              834.47              83.447E-09        219.802E-06  
              835.37              83.5369E-09       220.012E-06  
              836.27              83.627E-09        220.222E-06  
              837.169             83.717E-09        220.432E-06  
              838.07              83.807E-09        220.647E-06  
              838.97              83.897E-09        220.855E-06  
              839.87              83.987E-09        221.064E-06  
              840.77              84.077E-09        221.273E-06  
              841.669             84.167E-09        221.481E-06  
              842.57              84.257E-09        221.689E-06  
              843.47              84.347E-09        221.904E-06  
              844.37              84.437E-09        222.131E-06  
              845.27              84.527E-09        222.354E-06  
              846.169             84.617E-09        222.576E-06  
              847.07              84.707E-09        222.797E-06  
              847.97              84.797E-09        223.016E-06  
              848.87              84.887E-09        223.234E-06  
              849.77              84.977E-09        223.45E-06   
              850.669             85.067E-09        223.666E-06  
              851.57              85.157E-09        223.882E-06  
              852.47              85.247E-09        224.096E-06  
              853.37              85.3369E-09       224.31E-06   
              854.27              85.427E-09        224.524E-06  
              855.169             85.517E-09        224.736E-06  
              856.07              85.607E-09        224.948E-06  
              856.97              85.697E-09        225.167E-06  
              857.87              85.787E-09        225.385E-06  
              858.77              85.877E-09        225.599E-06  
              859.669             85.967E-09        225.813E-06  
              860.57              86.0569E-09       226.025E-06  
              861.47              86.1469E-09       226.236E-06  
              862.37              86.2369E-09       226.447E-06  
              863.27              86.327E-09        226.657E-06  
              864.169             86.417E-09        226.867E-06  
              865.07              86.507E-09        227.077E-06  
              865.97              86.597E-09        227.286E-06  
              866.87              86.687E-09        227.495E-06  
              867.77              86.777E-09        227.705E-06  
              868.669             86.867E-09        227.914E-06  
              869.57              86.957E-09        228.122E-06  
              870.47              87.047E-09        228.331E-06  
              871.37              87.137E-09        228.657E-06  
              872.27              87.227E-09        229.097E-06  
              873.169             87.317E-09        229.535E-06  
              874.07              87.407E-09        229.96E-06   
              874.97              87.497E-09        230.357E-06  
              875.87              87.587E-09        230.729E-06  
              876.77              87.677E-09        231.081E-06  
              877.669             87.767E-09        231.421E-06  
              878.57              87.857E-09        231.749E-06  
              879.47              87.947E-09        232.068E-06  
              880.37              88.037E-09        232.379E-06  
              881.27              88.127E-09        232.684E-06  
              882.169             88.2169E-09       232.982E-06  
              883.07              88.3069E-09       233.275E-06  
              883.97              88.397E-09        233.563E-06  
              884.87              88.487E-09        233.953E-06  
              885.77              88.577E-09        234.502E-06  
              886.669             88.667E-09        235.049E-06  
              887.57              88.757E-09        235.578E-06  
              888.47              88.847E-09        236.091E-06  
              889.37              88.937E-09        236.588E-06  
              890.27              89.0269E-09       237.068E-06  
              891.169             89.117E-09        237.518E-06  
              892.07              89.207E-09        237.937E-06  
              892.97              89.297E-09        238.331E-06  
              893.87              89.387E-09        238.706E-06  
              894.77              89.477E-09        239.068E-06  
              895.669             89.567E-09        239.418E-06  
              896.57              89.657E-09        239.759E-06  
              897.47              89.747E-09        240.091E-06  
              898.37              89.837E-09        240.417E-06  
              899.27              89.927E-09        240.736E-06  
              900.169             90.017E-09        241.05E-06   
              901.07              90.107E-09        241.36E-06   
              901.97              90.197E-09        241.665E-06  
              902.87              90.2869E-09       241.968E-06  
              903.77              90.377E-09        242.266E-06  
              904.669             90.467E-09        242.561E-06  
              905.57              90.557E-09        242.853E-06  
              906.47              90.647E-09        243.141E-06  
              907.37              90.737E-09        243.426E-06  
              908.27              90.827E-09        243.708E-06  
              909.169             90.917E-09        243.987E-06  
              910.07              91.007E-09        244.333E-06  
              910.97              91.097E-09        244.922E-06  
              911.87              91.187E-09        245.544E-06  
              912.77              91.277E-09        246.174E-06  
              913.669             91.367E-09        246.783E-06  
              914.57              91.457E-09        247.351E-06  
              915.47              91.547E-09        247.879E-06  
              916.37              91.637E-09        248.371E-06  
              917.27              91.727E-09        248.832E-06  
              918.169             91.817E-09        249.271E-06  
              919.07              91.907E-09        249.689E-06  
              919.97              91.997E-09        250.091E-06  
              920.87              92.087E-09        250.478E-06  
              921.77              92.177E-09        250.853E-06  
              922.669             92.2669E-09       251.217E-06  
              923.57              92.3569E-09       251.572E-06  
              924.47              92.447E-09        251.919E-06  
              925.37              92.537E-09        252.257E-06  
              926.27              92.627E-09        252.588E-06  
              927.169             92.717E-09        252.911E-06  
              928.07              92.807E-09        253.227E-06  
              928.97              92.8969E-09       253.537E-06  
              929.87              92.9869E-09       253.84E-06   
              930.77              93.077E-09        254.138E-06  
              931.669             93.167E-09        254.432E-06  
              932.57              93.257E-09        254.722E-06  
              933.47              93.347E-09        255.03E-06   
              934.37              93.437E-09        255.361E-06  
              935.27              93.527E-09        255.689E-06  
              936.169             93.617E-09        256.012E-06  
              937.07              93.7069E-09       256.329E-06  
              937.97              93.797E-09        256.641E-06  
              938.87              93.887E-09        256.948E-06  
              939.77              93.977E-09        257.25E-06   
              940.669             94.067E-09        257.548E-06  
              941.57              94.157E-09        257.842E-06  
              942.47              94.2469E-09       258.132E-06  
              943.37              94.337E-09        258.42E-06   
              944.27              94.4269E-09       258.704E-06  
              945.169             94.517E-09        258.985E-06  
              946.07              94.607E-09        259.264E-06  
              946.97              94.697E-09        259.54E-06   
              947.87              94.787E-09        259.813E-06  
              948.77              94.877E-09        260.083E-06  
              949.669             94.967E-09        260.351E-06  
              950.57              95.057E-09        260.615E-06  
              951.47              95.147E-09        260.877E-06  
              952.37              95.237E-09        261.136E-06  
              953.27              95.327E-09        261.392E-06  
              954.169             95.417E-09        261.646E-06  
              955.07              95.507E-09        261.897E-06  
              955.97              95.597E-09        262.147E-06  
              956.87              95.687E-09        262.394E-06  
              957.77              95.777E-09        262.641E-06  
              958.669             95.867E-09        262.885E-06  
              959.57              95.957E-09        263.129E-06  
              960.47              96.047E-09        263.371E-06  
              961.37              96.137E-09        263.612E-06  
              962.27              96.227E-09        263.852E-06  
              963.169             96.3169E-09       264.09E-06   
              964.07              96.407E-09        264.327E-06  
              964.97              96.497E-09        264.563E-06  
              965.87              96.587E-09        264.798E-06  
              966.77              96.677E-09        265.031E-06  
              967.669             96.767E-09        265.265E-06  
              968.57              96.857E-09        265.497E-06  
              969.47              96.947E-09        265.729E-06  
              970.37              97.0369E-09       265.96E-06   
              971.27              97.127E-09        266.19E-06   
              972.169             97.2169E-09       266.419E-06  
              973.07              97.307E-09        266.648E-06  
              973.97              97.397E-09        266.876E-06  
              974.87              97.487E-09        267.103E-06  
              975.77              97.577E-09        267.329E-06  
              976.669             97.667E-09        267.556E-06  
              977.57              97.757E-09        267.781E-06  
              978.47              97.847E-09        268.006E-06  
              979.37              97.937E-09        268.231E-06  
              980.27              98.027E-09        268.456E-06  
              981.169             98.117E-09        268.68E-06   
              982.07              98.207E-09        268.944E-06  
              982.97              98.297E-09        269.206E-06  
              983.87              98.3869E-09       269.466E-06  
              984.77              98.477E-09        269.722E-06  
              985.669             98.567E-09        269.975E-06  
              986.57              98.657E-09        270.226E-06  
              987.47              98.747E-09        270.475E-06  
              988.37              98.837E-09        270.721E-06  
              989.27              98.927E-09        270.966E-06  
              990.169             99.017E-09        271.209E-06  
              991.07              99.1069E-09       271.45E-06   
              991.97              99.1969E-09       271.69E-06   
              992.87              99.287E-09        271.928E-06  
              993.77              99.377E-09        272.165E-06  
              994.669             99.467E-09        272.4E-06    
              995.57              99.557E-09        272.635E-06  
              996.47              99.647E-09        272.868E-06  
              997.37              99.737E-09        273.101E-06  
              998.27              99.827E-09        273.333E-06  
              999.169             99.9169E-09       273.564E-06  
                1.00007E+03      100.E-09           273.448E-06  
                1.00097E+03      100.E-09           269.255E-06  
                1.00187E+03      100.E-09           265.72E-06   
                1.00198E+03      100.E-09           265.31E-06   
                1.002E+03         99.6884E-09       239.116E-06  
                1.00201E+03       98.8974E-09       172.96E-06   
                1.00202E+03       97.7108E-09        74.2502E-06 
                1.00202E+03       97.7108E-09        54.3401E-06 




