
                  X             Displacement          Force      

                0.                -0.                 0.         
                1.E-03           100.E-15             1.12305E-09
                2.E-03           200.E-15           705.781E-12  
                3.5E-03          350.E-15            70.4427E-12 
                5.75E-03         575.E-15             5.55354E-12
                9.125E-03        912.5E-15          545.344E-15  
               14.1875E-03         1.41875E-12       54.4662E-15 
               21.7812E-03         2.17813E-12        5.44649E-15
               33.1719E-03         3.31719E-12      544.604E-18  
               50.2578E-03         5.02578E-12       54.4593E-18 
               75.8867E-03         7.58867E-12        5.44559E-18
              114.33E-03          11.433E-12        544.533E-21  
              171.995E-03         17.1995E-12        54.4481E-21 
              258.493E-03         25.8493E-12         5.44419E-21
              388.239E-03         38.8239E-12       544.35E-24   
              582.859E-03         58.2859E-12        54.4247E-24 
              874.788E-03         87.4788E-12         5.44088E-24
                1.31268          131.268E-12        543.85E-27   
                1.96952          196.952E-12         54.3494E-27 
                2.76952          276.952E-12          5.43059E-27
                3.56952          356.952E-12        542.625E-30  
                4.36952          436.952E-12         54.219E-30  
                5.16952          516.952E-12          5.41756E-30
                5.96952          596.952E-12        541.322E-33  
                6.76952          676.952E-12         54.0888E-33 
                7.56952          756.952E-12          5.40453E-33
                8.36952          836.952E-12        540.019E-36  
                9.16952          916.952E-12         53.9585E-36 
                9.96952          996.952E-12        411.121E-09  
               10.7695             1.07695E-09        1.16264E-06
               11.1695             1.11695E-09        1.53149E-06
               11.7695             1.17695E-09        2.0234E-06 
               12.1695             1.21695E-09        2.28319E-06
               12.7695             1.27695E-09        2.57601E-06
               13.5695             1.35695E-09        2.91372E-06
               14.3695             1.43695E-09        3.21523E-06
               15.1695             1.51695E-09        3.48456E-06
               15.9695             1.59695E-09        3.7345E-06 
               16.7695             1.67695E-09        3.9703E-06 
               17.5695             1.75695E-09        4.19518E-06
               18.3695             1.83695E-09        4.41075E-06
               19.1695             1.91695E-09        4.61822E-06
               19.9695             1.99695E-09        4.81832E-06
               20.7695             2.07695E-09        5.01098E-06
               21.5695             2.15695E-09        5.1957E-06 
               22.3695             2.23695E-09        5.37222E-06
               23.1695             2.31695E-09        5.54065E-06
               23.9695             2.39695E-09        5.70122E-06
               24.7695             2.47695E-09        5.85416E-06
               25.5695             2.55695E-09        5.99978E-06
               26.3695             2.63695E-09        6.13848E-06
               27.1695             2.71695E-09        6.27075E-06
               27.9695             2.79695E-09        6.39718E-06
               28.7695             2.87695E-09        6.51831E-06
               29.5695             2.95695E-09        6.63464E-06
               30.3695             3.03695E-09        6.74661E-06
               31.1695             3.11695E-09        6.85458E-06
               31.9695             3.19695E-09        6.95886E-06
               32.7695             3.27695E-09        7.05971E-06
               33.5695             3.35695E-09        7.15739E-06
               34.3695             3.43695E-09        7.25206E-06
               35.1695             3.51695E-09        7.3439E-06 
               35.9695             3.59695E-09        7.43305E-06
               36.7695             3.67695E-09        7.51966E-06
               37.5695             3.75695E-09        7.60389E-06
               38.3695             3.83695E-09        7.68586E-06
               39.1695             3.91695E-09        7.76568E-06
               39.9695             3.99695E-09        7.84345E-06
               40.7695             4.07695E-09        7.91927E-06
               41.5695             4.15695E-09        7.99321E-06
               42.3695             4.23695E-09        8.06537E-06
               43.1695             4.31695E-09        8.13583E-06
               43.9695             4.39695E-09        8.20467E-06
               44.7695             4.47695E-09        8.27198E-06
               45.5695             4.55695E-09        8.33781E-06
               46.3695             4.63695E-09        8.40224E-06
               47.1695             4.71695E-09        8.46532E-06
               47.9695             4.79695E-09        8.5271E-06 
               48.7695             4.87695E-09        8.58764E-06
               49.5695             4.95695E-09        8.64698E-06
               50.3695             5.03695E-09        8.70517E-06
               51.1695             5.11695E-09        8.76224E-06
               51.9695             5.19695E-09        8.81824E-06
               52.7695             5.27695E-09        8.87321E-06
               53.5695             5.35695E-09        8.92718E-06
               54.3695             5.43695E-09        8.98019E-06
               55.1695             5.51695E-09        9.03227E-06
               55.9695             5.59695E-09        9.08345E-06
               56.7695             5.67695E-09        9.13376E-06
               57.5695             5.75695E-09        9.18324E-06
               58.3695             5.83695E-09        9.23191E-06
               59.1695             5.91695E-09        9.27979E-06
               59.9695             5.99695E-09        9.3269E-06 
               60.7695             6.07695E-09        9.60592E-06
               61.5695             6.15695E-09       10.1405E-06 
               62.3695             6.23695E-09       10.9725E-06 
               63.1695             6.31695E-09       11.8538E-06 
               63.9695             6.39695E-09       12.6686E-06 
               64.7695             6.47695E-09       13.5408E-06 
               65.5695             6.55695E-09       14.6626E-06 
               66.3695             6.63695E-09       15.6888E-06 
               67.1695             6.71695E-09       16.612E-06  
               67.9695             6.79695E-09       17.4462E-06 
               68.7695             6.87695E-09       18.2058E-06 
               69.5695             6.95695E-09       18.9015E-06 
               70.3695             7.03695E-09       19.5421E-06 
               71.1695             7.11695E-09       20.1384E-06 
               71.9695             7.19695E-09       20.6961E-06 
               72.7695             7.27695E-09       21.2158E-06 
               73.5695             7.35695E-09       21.6996E-06 
               74.3695             7.43695E-09       22.1531E-06 
               75.1695             7.51695E-09       22.5826E-06 
               75.9695             7.59695E-09       22.9926E-06 
               76.7695             7.67695E-09       23.3861E-06 
               77.5695             7.75695E-09       23.7653E-06 
               78.3695             7.83695E-09       24.1312E-06 
               79.1695             7.91695E-09       24.4843E-06 
               79.9695             7.99695E-09       24.8247E-06 
               80.7695             8.07695E-09       25.1527E-06 
               81.5695             8.15695E-09       25.4691E-06 
               82.3695             8.23695E-09       25.7744E-06 
               83.1695             8.31695E-09       26.0693E-06 
               83.9695             8.39695E-09       26.3544E-06 
               84.7695             8.47695E-09       26.6306E-06 
               85.5695             8.55695E-09       26.8985E-06 
               86.3695             8.63695E-09       27.1588E-06 
               87.1695             8.71695E-09       27.4122E-06 
               87.9695             8.79695E-09       27.6591E-06 
               88.7695             8.87695E-09       27.8999E-06 
               89.5695             8.95695E-09       28.1348E-06 
               90.3695             9.03695E-09       28.3642E-06 
               91.1695             9.11695E-09       28.5884E-06 
               91.9695             9.19695E-09       28.8076E-06 
               92.7695             9.27695E-09       29.022E-06  
               93.5695             9.35695E-09       29.232E-06  
               94.3695             9.43695E-09       29.4376E-06 
               95.1695             9.51695E-09       29.6391E-06 
               95.9695             9.59695E-09       29.8366E-06 
               96.7695             9.67695E-09       30.0304E-06 
               97.5695             9.75695E-09       30.2205E-06 
               98.3695             9.83695E-09       30.4072E-06 
               99.1695             9.91695E-09       30.5905E-06 
               99.9695             9.99695E-09       30.7705E-06 
              100.77              10.077E-09         30.9475E-06 
              101.57              10.157E-09         31.1214E-06 
              102.37              10.237E-09         31.2925E-06 
              103.17              10.317E-09         31.4608E-06 
              103.97              10.397E-09         31.6265E-06 
              104.77              10.477E-09         31.7896E-06 
              105.57              10.557E-09         31.9501E-06 
              106.37              10.637E-09         32.1083E-06 
              107.17              10.717E-09         32.2641E-06 
              107.97              10.797E-09         32.4177E-06 
              108.77              10.877E-09         32.569E-06  
              109.57              10.957E-09         32.7182E-06 
              110.37              11.037E-09         32.8654E-06 
              111.17              11.117E-09         33.0105E-06 
              111.97              11.197E-09         33.1537E-06 
              112.77              11.277E-09         33.295E-06  
              113.57              11.357E-09         33.4346E-06 
              114.37              11.437E-09         33.5723E-06 
              115.17              11.517E-09         33.7083E-06 
              115.97              11.597E-09         33.8427E-06 
              116.77              11.677E-09         33.9755E-06 
              117.57              11.757E-09         34.1068E-06 
              118.37              11.837E-09         34.2366E-06 
              119.17              11.917E-09         34.3649E-06 
              119.97              11.997E-09         34.4918E-06 
              120.77              12.077E-09         34.6173E-06 
              121.57              12.157E-09         34.7415E-06 
              122.37              12.237E-09         34.8643E-06 
              123.17              12.317E-09         34.9858E-06 
              123.97              12.397E-09         35.3094E-06 
              124.77              12.477E-09         35.6427E-06 
              125.57              12.557E-09         35.9435E-06 
              126.37              12.637E-09         36.2691E-06 
              127.17              12.717E-09         36.7897E-06 
              127.97              12.797E-09         37.4697E-06 
              128.77              12.877E-09         38.2579E-06 
              129.57              12.957E-09         38.9823E-06 
              130.37              13.037E-09         39.658E-06  
              131.17              13.117E-09         40.289E-06  
              131.97              13.197E-09         40.8792E-06 
              132.77              13.277E-09         41.4338E-06 
              133.57              13.357E-09         41.959E-06  
              134.37              13.437E-09         42.4556E-06 
              135.17              13.517E-09         42.9186E-06 
              135.97              13.597E-09         43.3465E-06 
              136.77              13.677E-09         43.7455E-06 
              137.57              13.757E-09         44.1219E-06 
              138.37              13.837E-09         44.479E-06  
              139.17              13.917E-09         44.8191E-06 
              139.97              13.997E-09         45.1447E-06 
              140.77              14.077E-09         45.4577E-06 
              141.57              14.157E-09         45.7593E-06 
              142.37              14.237E-09         46.0501E-06 
              143.17              14.317E-09         46.3307E-06 
              143.97              14.397E-09         46.6018E-06 
              144.77              14.477E-09         46.8644E-06 
              145.57              14.557E-09         47.1193E-06 
              146.37              14.637E-09         47.3668E-06 
              147.17              14.717E-09         47.6074E-06 
              147.97              14.797E-09         47.8415E-06 
              148.77              14.877E-09         48.0695E-06 
              149.57              14.957E-09         48.2918E-06 
              150.37              15.037E-09         48.5088E-06 
              151.17              15.117E-09         48.721E-06  
              151.97              15.197E-09         48.9285E-06 
              152.77              15.277E-09         49.1315E-06 
              153.57              15.357E-09         49.3302E-06 
              154.37              15.437E-09         49.5249E-06 
              155.17              15.517E-09         49.716E-06  
              155.97              15.597E-09         49.9036E-06 
              156.77              15.677E-09         50.0882E-06 
              157.57              15.757E-09         50.27E-06   
              158.37              15.837E-09         50.449E-06  
              159.17              15.917E-09         50.6254E-06 
              159.97              15.997E-09         50.7995E-06 
              160.77              16.077E-09         50.9713E-06 
              161.57              16.157E-09         51.1411E-06 
              162.37              16.237E-09         51.3087E-06 
              163.17              16.317E-09         51.4745E-06 
              163.97              16.397E-09         51.6384E-06 
              164.77              16.477E-09         51.8006E-06 
              165.57              16.557E-09         51.9609E-06 
              166.37              16.637E-09         52.1197E-06 
              167.17              16.717E-09         52.2769E-06 
              167.97              16.797E-09         52.4325E-06 
              168.77              16.877E-09         52.5865E-06 
              169.57              16.957E-09         52.739E-06  
              170.37              17.037E-09         52.89E-06   
              171.17              17.117E-09         53.0396E-06 
              171.97              17.197E-09         53.1878E-06 
              172.77              17.277E-09         53.3347E-06 
              173.57              17.357E-09         53.4803E-06 
              174.37              17.437E-09         53.6246E-06 
              175.17              17.517E-09         53.7676E-06 
              175.97              17.597E-09         53.9092E-06 
              176.77              17.677E-09         54.0496E-06 
              177.57              17.757E-09         54.1887E-06 
              178.37              17.837E-09         54.3267E-06 
              179.17              17.917E-09         54.4635E-06 
              179.97              17.997E-09         54.5992E-06 
              180.77              18.077E-09         54.7337E-06 
              181.57              18.157E-09         54.8671E-06 
              182.37              18.237E-09         54.9994E-06 
              183.17              18.317E-09         55.1307E-06 
              183.97              18.397E-09         55.2608E-06 
              184.77              18.477E-09         55.3899E-06 
              185.57              18.557E-09         55.5181E-06 
              186.37              18.637E-09         55.6452E-06 
              187.17              18.717E-09         55.7715E-06 
              187.97              18.797E-09         55.8969E-06 
              188.77              18.877E-09         56.0214E-06 
              189.57              18.957E-09         56.1451E-06 
              190.37              19.037E-09         56.2679E-06 
              191.17              19.117E-09         56.3899E-06 
              191.97              19.197E-09         56.5113E-06 
              192.77              19.277E-09         56.6318E-06 
              193.57              19.357E-09         56.7516E-06 
              194.37              19.437E-09         56.8706E-06 
              195.17              19.517E-09         56.9888E-06 
              195.97              19.597E-09         57.1063E-06 
              196.77              19.677E-09         57.2232E-06 
              197.57              19.757E-09         57.3394E-06 
              198.37              19.837E-09         57.4549E-06 
              199.17              19.917E-09         57.5697E-06 
              199.97              19.997E-09         57.6839E-06 
              200.77              20.077E-09         57.7975E-06 
              201.57              20.157E-09         57.9104E-06 
              202.37              20.237E-09         58.0226E-06 
              203.17              20.317E-09         58.1344E-06 
              203.97              20.397E-09         58.2456E-06 
              204.77              20.477E-09         58.3562E-06 
              205.57              20.557E-09         58.4663E-06 
              206.37              20.637E-09         58.5758E-06 
              207.17              20.717E-09         58.6847E-06 
              207.97              20.797E-09         58.7931E-06 
              208.77              20.877E-09         58.9011E-06 
              209.57              20.957E-09         59.0085E-06 
              210.37              21.037E-09         59.1153E-06 
              211.17              21.117E-09         59.2215E-06 
              211.97              21.197E-09         59.3272E-06 
              212.77              21.277E-09         59.4324E-06 
              213.57              21.357E-09         59.5371E-06 
              214.37              21.437E-09         59.6413E-06 
              215.17              21.517E-09         59.7451E-06 
              215.97              21.597E-09         59.8483E-06 
              216.77              21.677E-09         59.9509E-06 
              217.57              21.757E-09         60.0529E-06 
              218.37              21.837E-09         60.1544E-06 
              219.17              21.917E-09         60.2554E-06 
              219.97              21.997E-09         60.3558E-06 
              220.77              22.077E-09         60.4557E-06 
              221.57              22.157E-09         60.5551E-06 
              222.37              22.237E-09         60.6539E-06 
              223.17              22.317E-09         60.7523E-06 
              223.97              22.397E-09         60.8503E-06 
              224.77              22.477E-09         60.9477E-06 
              225.57              22.557E-09         61.0447E-06 
              226.37              22.637E-09         61.1413E-06 
              227.17              22.717E-09         61.2375E-06 
              227.97              22.797E-09         61.3332E-06 
              228.77              22.877E-09         61.4285E-06 
              229.57              22.957E-09         61.5233E-06 
              230.37              23.037E-09         61.6176E-06 
              231.17              23.117E-09         61.7115E-06 
              231.97              23.197E-09         61.805E-06  
              232.77              23.277E-09         61.898E-06  
              233.57              23.357E-09         61.9906E-06 
              234.37              23.437E-09         62.0827E-06 
              235.17              23.517E-09         62.1745E-06 
              235.97              23.597E-09         62.2658E-06 
              236.77              23.677E-09         62.3567E-06 
              237.57              23.757E-09         62.4473E-06 
              238.37              23.837E-09         62.5374E-06 
              239.17              23.917E-09         62.6273E-06 
              239.97              23.997E-09         62.7167E-06 
              240.77              24.077E-09         63.0083E-06 
              241.57              24.157E-09         63.4504E-06 
              242.37              24.237E-09         63.8851E-06 
              243.17              24.317E-09         64.3004E-06 
              243.97              24.397E-09         64.6906E-06 
              244.77              24.477E-09         65.0535E-06 
              245.57              24.557E-09         65.3901E-06 
              246.37              24.637E-09         65.7008E-06 
              247.17              24.717E-09         65.988E-06  
              247.97              24.797E-09         66.2563E-06 
              248.77              24.877E-09         66.5084E-06 
              249.57              24.957E-09         66.7457E-06 
              250.37              25.037E-09         66.9695E-06 
              251.17              25.117E-09         67.1806E-06 
              251.97              25.197E-09         67.3802E-06 
              252.77              25.277E-09         67.57E-06   
              253.57              25.357E-09         67.7516E-06 
              254.37              25.437E-09         67.9261E-06 
              255.17              25.517E-09         68.0937E-06 
              255.97              25.597E-09         68.2539E-06 
              256.77              25.677E-09         68.4063E-06 
              257.57              25.757E-09         68.5514E-06 
              258.37              25.837E-09         68.6898E-06 
              259.17              25.917E-09         68.8228E-06 
              259.97              25.997E-09         69.0162E-06 
              260.77              26.077E-09         69.4426E-06 
              261.57              26.157E-09         69.8627E-06 
              262.37              26.237E-09         70.2684E-06 
              263.17              26.317E-09         70.6561E-06 
              263.97              26.397E-09         71.0233E-06 
              264.77              26.477E-09         71.3642E-06 
              265.57              26.557E-09         71.6777E-06 
              266.37              26.637E-09         71.9682E-06 
              267.17              26.717E-09         72.2404E-06 
              267.97              26.797E-09         72.4977E-06 
              268.77              26.877E-09         72.7424E-06 
              269.57              26.957E-09         72.9765E-06 
              270.37              27.037E-09         73.2015E-06 
              271.17              27.117E-09         73.418E-06  
              271.97              27.197E-09         73.6262E-06 
              272.77              27.277E-09         73.8256E-06 
              273.57              27.357E-09         74.0161E-06 
              274.37              27.437E-09         74.1979E-06 
              275.17              27.517E-09         74.3722E-06 
              275.97              27.597E-09         74.5405E-06 
              276.77              27.677E-09         74.7039E-06 
              277.57              27.757E-09         74.8633E-06 
              278.37              27.837E-09         75.0191E-06 
              279.17              27.917E-09         75.1718E-06 
              279.97              27.997E-09         75.3216E-06 
              280.77              28.077E-09         75.4689E-06 
              281.57              28.157E-09         75.6137E-06 
              282.37              28.237E-09         75.7562E-06 
              283.17              28.317E-09         75.8962E-06 
              283.97              28.397E-09         76.0339E-06 
              284.77              28.477E-09         76.1695E-06 
              285.57              28.557E-09         76.303E-06  
              286.37              28.637E-09         76.4353E-06 
              287.17              28.717E-09         76.5659E-06 
              287.97              28.797E-09         76.695E-06  
              288.77              28.877E-09         76.823E-06  
              289.57              28.957E-09         76.9497E-06 
              290.37              29.037E-09         77.0751E-06 
              291.17              29.117E-09         77.1992E-06 
              291.97              29.197E-09         77.322E-06  
              292.77              29.277E-09         77.4433E-06 
              293.57              29.357E-09         77.5632E-06 
              294.37              29.437E-09         77.6818E-06 
              295.17              29.517E-09         77.7991E-06 
              295.97              29.597E-09         77.9153E-06 
              296.77              29.677E-09         78.0304E-06 
              297.57              29.757E-09         78.1444E-06 
              298.37              29.837E-09         78.2571E-06 
              299.17              29.917E-09         78.4841E-06 
              299.97              29.997E-09         78.7135E-06 
              300.77              30.077E-09         78.9386E-06 
              301.57              30.157E-09         79.1574E-06 
              302.37              30.237E-09         79.3698E-06 
              303.17              30.317E-09         79.5759E-06 
              303.97              30.397E-09         79.776E-06  
              304.77              30.477E-09         79.9699E-06 
              305.57              30.557E-09         80.1571E-06 
              306.37              30.637E-09         80.3378E-06 
              307.17              30.717E-09         80.5124E-06 
              307.97              30.797E-09         80.6813E-06 
              308.77              30.877E-09         80.8449E-06 
              309.57              30.957E-09         81.0039E-06 
              310.37              31.037E-09         81.1587E-06 
              311.17              31.117E-09         81.3098E-06 
              311.97              31.197E-09         81.4578E-06 
              312.77              31.277E-09         81.6032E-06 
              313.57              31.3569E-09        81.7461E-06 
              314.37              31.437E-09         81.8866E-06 
              315.17              31.517E-09         82.025E-06  
              315.97              31.597E-09         82.1611E-06 
              316.77              31.677E-09         82.295E-06  
              317.57              31.757E-09         82.4265E-06 
              318.37              31.837E-09         82.556E-06  
              319.17              31.917E-09         82.6839E-06 
              319.97              31.997E-09         82.8102E-06 
              320.77              32.077E-09         82.9348E-06 
              321.57              32.157E-09         83.0579E-06 
              322.37              32.237E-09         83.1789E-06 
              323.17              32.317E-09         83.2979E-06 
              323.97              32.3969E-09        83.4152E-06 
              324.77              32.477E-09         83.5308E-06 
              325.57              32.557E-09         83.6451E-06 
              326.37              32.637E-09         83.758E-06  
              327.17              32.717E-09         83.8697E-06 
              327.97              32.797E-09         83.9802E-06 
              328.77              32.877E-09         84.0893E-06 
              329.57              32.957E-09         84.1973E-06 
              330.37              33.037E-09         84.3043E-06 
              331.17              33.117E-09         84.5996E-06 
              331.97              33.197E-09         84.9761E-06 
              332.77              33.277E-09         85.5059E-06 
              333.57              33.357E-09         86.0307E-06 
              334.37              33.437E-09         86.6255E-06 
              335.17              33.517E-09         87.336E-06  
              335.97              33.597E-09         88.0217E-06 
              336.77              33.677E-09         88.675E-06  
              337.57              33.757E-09         89.288E-06  
              338.37              33.837E-09         89.8562E-06 
              339.17              33.917E-09         90.381E-06  
              339.97              33.997E-09         90.8642E-06 
              340.77              34.077E-09         91.3066E-06 
              341.57              34.157E-09         91.7105E-06 
              342.37              34.237E-09         92.0806E-06 
              343.17              34.317E-09         92.4217E-06 
              343.97              34.397E-09         92.7385E-06 
              344.77              34.477E-09         93.0343E-06 
              345.57              34.557E-09         93.3113E-06 
              346.37              34.637E-09         93.5714E-06 
              347.17              34.717E-09         93.8169E-06 
              347.97              34.797E-09         94.0503E-06 
              348.77              34.877E-09         94.2734E-06 
              349.57              34.957E-09         94.6612E-06 
              350.37              35.037E-09         94.759E-06  
              351.17              35.117E-09         94.9216E-06 
              351.97              35.197E-09         95.1002E-06 
              352.77              35.277E-09         95.2799E-06 
              353.57              35.357E-09         95.4573E-06 
              354.37              35.437E-09         95.6316E-06 
              355.17              35.517E-09         95.8022E-06 
              355.97              35.597E-09         95.9692E-06 
              356.77              35.677E-09         96.1529E-06 
              357.57              35.757E-09         96.4098E-06 
              358.37              35.8369E-09        96.6571E-06 
              359.17              35.917E-09         96.8955E-06 
              359.97              35.997E-09         97.1254E-06 
              360.77              36.077E-09         97.348E-06  
              361.57              36.157E-09         97.5641E-06 
              362.37              36.237E-09         97.7747E-06 
              363.17              36.317E-09         97.9804E-06 
              363.97              36.397E-09         98.1817E-06 
              364.77              36.477E-09         98.3791E-06 
              365.57              36.557E-09         98.5728E-06 
              366.37              36.637E-09         98.8171E-06 
              367.17              36.717E-09         99.1571E-06 
              367.97              36.797E-09         99.4849E-06 
              368.77              36.8769E-09        99.8001E-06 
              369.57              36.957E-09        100.103E-06  
              370.37              37.037E-09        100.394E-06  
              371.17              37.117E-09        100.675E-06  
              371.97              37.1969E-09       100.946E-06  
              372.77              37.277E-09        101.208E-06  
              373.57              37.357E-09        101.462E-06  
              374.37              37.437E-09        101.709E-06  
              375.17              37.517E-09        101.949E-06  
              375.97              37.597E-09        102.182E-06  
              376.77              37.677E-09        102.41E-06   
              377.57              37.757E-09        102.632E-06  
              378.37              37.837E-09        102.85E-06   
              379.17              37.917E-09        103.064E-06  
              379.97              37.997E-09        103.273E-06  
              380.77              38.077E-09        103.478E-06  
              381.57              38.157E-09        103.68E-06   
              382.37              38.2369E-09       103.878E-06  
              383.17              38.317E-09        104.074E-06  
              383.97              38.397E-09        104.265E-06  
              384.77              38.477E-09        104.454E-06  
              385.57              38.557E-09        104.64E-06   
              386.37              38.637E-09        104.822E-06  
              387.17              38.717E-09        105.001E-06  
              387.97              38.797E-09        105.177E-06  
              388.77              38.8769E-09       105.35E-06   
              389.57              38.957E-09        105.52E-06   
              390.37              39.037E-09        105.688E-06  
              391.17              39.117E-09        105.854E-06  
              391.97              39.197E-09        106.018E-06  
              392.77              39.277E-09        106.179E-06  
              393.57              39.357E-09        106.339E-06  
              394.37              39.437E-09        106.497E-06  
              395.17              39.517E-09        106.653E-06  
              395.97              39.597E-09        106.807E-06  
              396.77              39.677E-09        106.96E-06   
              397.57              39.757E-09        107.111E-06  
              398.37              39.837E-09        107.261E-06  
              399.17              39.917E-09        107.41E-06   
              399.97              39.997E-09        107.557E-06  
              400.77              40.077E-09        107.703E-06  
              401.57              40.157E-09        107.848E-06  
              402.37              40.237E-09        107.657E-06  
              403.17              40.317E-09        107.898E-06  
              403.97              40.397E-09        108.073E-06  
              404.77              40.477E-09        108.28E-06   
              405.57              40.557E-09        108.469E-06  
              406.37              40.6369E-09       108.642E-06  
              407.17              40.717E-09        108.805E-06  
              407.97              40.797E-09        108.96E-06   
              408.77              40.877E-09        109.11E-06   
              409.57              40.957E-09        109.257E-06  
              410.37              41.037E-09        109.401E-06  
              411.17              41.117E-09        109.542E-06  
              411.97              41.197E-09        109.682E-06  
              412.77              41.277E-09        109.82E-06   
              413.57              41.357E-09        109.957E-06  
              414.37              41.437E-09        110.093E-06  
              415.17              41.517E-09        110.228E-06  
              415.97              41.597E-09        110.362E-06  
              416.77              41.6769E-09       110.495E-06  
              417.57              41.757E-09        110.628E-06  
              418.37              41.837E-09        110.759E-06  
              419.17              41.917E-09        110.89E-06   
              419.97              41.997E-09        111.021E-06  
              420.77              42.077E-09        111.151E-06  
              421.57              42.157E-09        111.28E-06   
              422.37              42.237E-09        111.408E-06  
              423.17              42.317E-09        111.536E-06  
              423.97              42.3969E-09       111.663E-06  
              424.77              42.477E-09        111.789E-06  
              425.57              42.557E-09        111.915E-06  
              426.37              42.637E-09        112.041E-06  
              427.17              42.7169E-09       112.165E-06  
              427.97              42.797E-09        112.29E-06   
              428.77              42.877E-09        112.413E-06  
              429.57              42.957E-09        112.537E-06  
              430.37              43.037E-09        112.659E-06  
              431.17              43.117E-09        112.782E-06  
              431.97              43.197E-09        112.903E-06  
              432.77              43.277E-09        113.025E-06  
              433.57              43.357E-09        113.146E-06  
              434.37              43.437E-09        113.266E-06  
              435.17              43.517E-09        113.386E-06  
              435.97              43.597E-09        113.506E-06  
              436.77              43.6769E-09       113.625E-06  
              437.57              43.757E-09        113.744E-06  
              438.37              43.837E-09        113.863E-06  
              439.17              43.917E-09        113.981E-06  
              439.97              43.997E-09        114.099E-06  
              440.77              44.077E-09        114.217E-06  
              441.57              44.157E-09        114.334E-06  
              442.37              44.237E-09        114.451E-06  
              443.17              44.317E-09        114.568E-06  
              443.97              44.397E-09        114.685E-06  
              444.77              44.477E-09        114.801E-06  
              445.57              44.557E-09        114.916E-06  
              446.37              44.637E-09        115.032E-06  
              447.17              44.7169E-09       115.147E-06  
              447.97              44.797E-09        115.261E-06  
              448.77              44.877E-09        115.376E-06  
              449.57              44.957E-09        115.49E-06   
              450.37              45.037E-09        115.604E-06  
              451.17              45.117E-09        115.717E-06  
              451.97              45.197E-09        115.831E-06  
              452.77              45.277E-09        115.944E-06  
              453.57              45.357E-09        116.057E-06  
              454.37              45.437E-09        116.17E-06   
              455.17              45.517E-09        116.283E-06  
              455.97              45.597E-09        116.395E-06  
              456.77              45.677E-09        116.507E-06  
              457.57              45.757E-09        116.619E-06  
              458.37              45.837E-09        116.731E-06  
              459.17              45.917E-09        116.843E-06  
              459.97              45.997E-09        116.954E-06  
              460.77              46.077E-09        117.065E-06  
              461.57              46.157E-09        117.176E-06  
              462.37              46.237E-09        117.286E-06  
              463.17              46.317E-09        117.397E-06  
              463.97              46.397E-09        117.507E-06  
              464.77              46.477E-09        117.617E-06  
              465.57              46.557E-09        117.728E-06  
              466.37              46.637E-09        117.837E-06  
              467.17              46.717E-09        117.948E-06  
              467.97              46.797E-09        118.058E-06  
              468.77              46.877E-09        118.167E-06  
              469.57              46.957E-09        118.277E-06  
              470.37              47.037E-09        118.386E-06  
              471.17              47.117E-09        118.496E-06  
              471.97              47.1969E-09       118.605E-06  
              472.77              47.277E-09        118.714E-06  
              473.57              47.357E-09        118.823E-06  
              474.37              47.437E-09        118.932E-06  
              475.17              47.5169E-09       119.041E-06  
              475.97              47.597E-09        119.149E-06  
              476.77              47.677E-09        119.258E-06  
              477.57              47.757E-09        119.367E-06  
              478.37              47.837E-09        119.475E-06  
              479.17              47.917E-09        119.583E-06  
              479.97              47.997E-09        119.691E-06  
              480.77              48.077E-09        119.799E-06  
              481.57              48.157E-09        119.907E-06  
              482.37              48.2369E-09       120.015E-06  
              483.17              48.317E-09        120.123E-06  
              483.97              48.397E-09        120.23E-06   
              484.77              48.477E-09        120.338E-06  
              485.57              48.5569E-09       120.445E-06  
              486.37              48.637E-09        120.552E-06  
              487.17              48.717E-09        120.659E-06  
              487.97              48.797E-09        120.766E-06  
              488.77              48.877E-09        120.873E-06  
              489.57              48.957E-09        120.979E-06  
              490.37              49.037E-09        121.086E-06  
              491.17              49.117E-09        121.192E-06  
              491.97              49.197E-09        121.298E-06  
              492.77              49.277E-09        121.404E-06  
              493.57              49.357E-09        121.51E-06   
              494.37              49.437E-09        121.615E-06  
              495.17              49.5169E-09       121.721E-06  
              495.97              49.597E-09        121.826E-06  
              496.77              49.677E-09        121.931E-06  
              497.57              49.757E-09        122.036E-06  
              498.37              49.837E-09        122.117E-06  
              499.17              49.917E-09        122.235E-06  
              499.97              49.997E-09        122.349E-06  
              500.77              50.077E-09        122.455E-06  
              501.57              50.157E-09        122.56E-06   
              502.37              50.2369E-09       122.665E-06  
              503.17              50.317E-09        122.769E-06  
              503.97              50.397E-09        122.873E-06  
              504.77              50.477E-09        122.977E-06  
              505.57              50.5569E-09       123.08E-06   
              506.37              50.637E-09        123.184E-06  
              507.17              50.717E-09        123.287E-06  
              507.97              50.797E-09        123.39E-06   
              508.77              50.877E-09        123.493E-06  
              509.57              50.957E-09        123.596E-06  
              510.37              51.037E-09        123.699E-06  
              511.17              51.117E-09        123.801E-06  
              511.97              51.197E-09        123.903E-06  
              512.77              51.277E-09        124.005E-06  
              513.57              51.357E-09        124.174E-06  
              514.37              51.437E-09        124.505E-06  
              515.169             51.517E-09        124.863E-06  
              515.97              51.597E-09        125.158E-06  
              516.77              51.677E-09        125.456E-06  
              517.57              51.757E-09        125.741E-06  
              518.37              51.837E-09        126.013E-06  
              519.169             51.917E-09        126.274E-06  
              519.97              51.9969E-09       126.524E-06  
              520.77              52.077E-09        126.763E-06  
              521.57              52.157E-09        126.992E-06  
              522.37              52.237E-09        127.208E-06  
              523.169             52.317E-09        127.414E-06  
              523.97              52.397E-09        127.611E-06  
              524.77              52.477E-09        127.8E-06    
              525.57              52.557E-09        127.983E-06  
              526.37              52.637E-09        128.161E-06  
              527.169             52.717E-09        128.334E-06  
              527.97              52.797E-09        128.503E-06  
              528.77              52.877E-09        128.669E-06  
              529.57              52.957E-09        128.831E-06  
              530.37              53.037E-09        128.989E-06  
              531.169             53.117E-09        129.144E-06  
              531.97              53.197E-09        129.295E-06  
              532.77              53.277E-09        129.444E-06  
              533.57              53.3569E-09       129.59E-06   
              534.37              53.437E-09        129.639E-06  
              535.169             53.517E-09        129.847E-06  
              535.97              53.597E-09        130.E-06     
              536.77              53.677E-09        130.154E-06  
              537.57              53.757E-09        130.299E-06  
              538.37              53.837E-09        130.44E-06   
              539.169             53.917E-09        130.577E-06  
              539.97              53.997E-09        130.711E-06  
              540.77              54.077E-09        130.843E-06  
              541.57              54.157E-09        130.973E-06  
              542.37              54.237E-09        131.101E-06  
              543.169             54.317E-09        131.228E-06  
              543.97              54.397E-09        131.354E-06  
              544.77              54.477E-09        131.478E-06  
              545.57              54.557E-09        131.602E-06  
              546.37              54.637E-09        131.724E-06  
              547.169             54.717E-09        131.846E-06  
              547.97              54.797E-09        131.966E-06  
              548.77              54.877E-09        132.085E-06  
              549.57              54.957E-09        132.204E-06  
              550.37              55.0369E-09       132.322E-06  
              551.169             55.117E-09        132.44E-06   
              551.97              55.197E-09        132.557E-06  
              552.77              55.277E-09        132.673E-06  
              553.57              55.357E-09        132.789E-06  
              554.37              55.437E-09        132.904E-06  
              555.169             55.517E-09        133.019E-06  
              555.97              55.597E-09        133.133E-06  
              556.77              55.677E-09        133.247E-06  
              557.57              55.757E-09        133.36E-06   
              558.37              55.837E-09        133.473E-06  
              559.169             55.917E-09        133.586E-06  
              559.97              55.997E-09        133.698E-06  
              560.77              56.077E-09        133.809E-06  
              561.57              56.157E-09        133.921E-06  
              562.37              56.237E-09        134.032E-06  
              563.169             56.317E-09        134.267E-06  
              563.97              56.3969E-09       134.601E-06  
              564.77              56.477E-09        134.927E-06  
              565.57              56.557E-09        135.241E-06  
              566.37              56.637E-09        135.54E-06   
              567.169             56.717E-09        135.826E-06  
              567.97              56.797E-09        136.098E-06  
              568.77              56.877E-09        136.357E-06  
              569.57              56.957E-09        136.606E-06  
              570.37              57.037E-09        136.845E-06  
              571.169             57.117E-09        137.075E-06  
              571.97              57.197E-09        137.298E-06  
              572.77              57.277E-09        137.514E-06  
              573.57              57.357E-09        137.723E-06  
              574.37              57.437E-09        137.927E-06  
              575.169             57.517E-09        138.126E-06  
              575.97              57.597E-09        138.32E-06   
              576.77              57.677E-09        138.509E-06  
              577.57              57.757E-09        138.693E-06  
              578.37              57.837E-09        138.873E-06  
              579.169             57.917E-09        139.065E-06  
              579.97              57.997E-09        139.296E-06  
              580.77              58.077E-09        139.52E-06   
              581.57              58.157E-09        139.737E-06  
              582.37              58.237E-09        139.946E-06  
              583.169             58.317E-09        140.149E-06  
              583.97              58.397E-09        140.345E-06  
              584.77              58.477E-09        140.535E-06  
              585.57              58.557E-09        140.72E-06   
              586.37              58.637E-09        140.901E-06  
              587.169             58.717E-09        141.078E-06  
              587.97              58.797E-09        141.251E-06  
              588.77              58.877E-09        141.421E-06  
              589.57              58.957E-09        141.588E-06  
              590.37              59.037E-09        141.753E-06  
              591.169             59.117E-09        141.915E-06  
              591.97              59.197E-09        142.087E-06  
              592.77              59.277E-09        142.286E-06  
              593.57              59.357E-09        142.619E-06  
              594.37              59.437E-09        143.115E-06  
              595.169             59.517E-09        143.609E-06  
              595.97              59.597E-09        144.094E-06  
              596.77              59.677E-09        144.561E-06  
              597.57              59.757E-09        145.003E-06  
              598.37              59.837E-09        145.421E-06  
              599.169             59.917E-09        145.814E-06  
              599.97              59.997E-09        146.184E-06  
              600.77              60.077E-09        146.574E-06  
              601.57              60.157E-09        147.136E-06  
              602.37              60.237E-09        147.688E-06  
              603.169             60.317E-09        148.219E-06  
              603.97              60.397E-09        148.725E-06  
              604.77              60.477E-09        149.204E-06  
              605.57              60.557E-09        149.658E-06  
              606.37              60.637E-09        150.09E-06   
              607.169             60.717E-09        150.503E-06  
              607.97              60.797E-09        150.899E-06  
              608.77              60.877E-09        151.277E-06  
              609.57              60.957E-09        151.639E-06  
              610.37              61.037E-09        151.983E-06  
              611.169             61.117E-09        152.313E-06  
              611.97              61.197E-09        152.626E-06  
              612.77              61.277E-09        152.924E-06  
              613.57              61.3569E-09       153.206E-06  
              614.37              61.4369E-09       153.475E-06  
              615.169             61.517E-09        153.732E-06  
              615.97              61.597E-09        154.023E-06  
              616.77              61.677E-09        154.314E-06  
              617.57              61.757E-09        154.595E-06  
              618.37              61.837E-09        154.866E-06  
              619.169             61.917E-09        155.126E-06  
              619.97              61.997E-09        155.376E-06  
              620.77              62.077E-09        155.617E-06  
              621.57              62.1569E-09       155.85E-06   
              622.37              62.237E-09        156.076E-06  
              623.169             62.317E-09        156.295E-06  
              623.97              62.397E-09        156.509E-06  
              624.77              62.477E-09        156.716E-06  
              625.57              62.557E-09        156.919E-06  
              626.37              62.637E-09        157.117E-06  
              627.169             62.717E-09        157.31E-06   
              627.97              62.797E-09        157.499E-06  
              628.77              62.877E-09        157.685E-06  
              629.57              62.957E-09        157.867E-06  
              630.37              63.037E-09        158.046E-06  
              631.169             63.117E-09        158.221E-06  
              631.97              63.197E-09        158.395E-06  
              632.77              63.277E-09        158.565E-06  
              633.57              63.357E-09        158.733E-06  
              634.37              63.4369E-09       158.899E-06  
              635.169             63.517E-09        159.062E-06  
              635.97              63.597E-09        159.224E-06  
              636.77              63.677E-09        159.384E-06  
              637.57              63.757E-09        159.542E-06  
              638.37              63.837E-09        159.698E-06  
              639.169             63.917E-09        159.853E-06  
              639.97              63.997E-09        160.007E-06  
              640.77              64.077E-09        160.159E-06  
              641.57              64.157E-09        160.311E-06  
              642.37              64.2369E-09       160.461E-06  
              643.169             64.317E-09        160.61E-06   
              643.97              64.397E-09        160.758E-06  
              644.77              64.477E-09        160.906E-06  
              645.57              64.557E-09        161.052E-06  
              646.37              64.637E-09        161.25E-06   
              647.169             64.717E-09        161.359E-06  
              647.97              64.7969E-09       161.495E-06  
              648.77              64.877E-09        161.635E-06  
              649.57              64.957E-09        161.775E-06  
              650.37              65.0369E-09       161.951E-06  
              651.169             65.117E-09        162.206E-06  
              651.97              65.197E-09        162.45E-06   
              652.77              65.277E-09        162.687E-06  
              653.57              65.357E-09        162.914E-06  
              654.37              65.437E-09        163.134E-06  
              655.169             65.517E-09        163.346E-06  
              655.97              65.5969E-09       163.553E-06  
              656.77              65.677E-09        163.754E-06  
              657.57              65.757E-09        163.951E-06  
              658.37              65.837E-09        164.143E-06  
              659.169             65.917E-09        164.332E-06  
              659.97              65.997E-09        164.519E-06  
              660.77              66.077E-09        164.702E-06  
              661.57              66.157E-09        164.883E-06  
              662.37              66.237E-09        165.062E-06  
              663.169             66.317E-09        165.239E-06  
              663.97              66.3969E-09       165.414E-06  
              664.77              66.477E-09        165.588E-06  
              665.57              66.557E-09        165.759E-06  
              666.37              66.637E-09        165.93E-06   
              667.169             66.717E-09        166.098E-06  
              667.97              66.797E-09        166.293E-06  
              668.77              66.8769E-09       166.503E-06  
              669.57              66.957E-09        166.619E-06  
              670.37              67.037E-09        166.77E-06   
              671.169             67.117E-09        166.924E-06  
              671.97              67.197E-09        167.081E-06  
              672.77              67.277E-09        167.236E-06  
              673.57              67.357E-09        167.392E-06  
              674.37              67.437E-09        167.547E-06  
              675.169             67.517E-09        167.701E-06  
              675.97              67.5969E-09       167.854E-06  
              676.77              67.6769E-09       168.006E-06  
              677.57              67.757E-09        168.158E-06  
              678.37              67.837E-09        168.308E-06  
              679.169             67.917E-09        168.458E-06  
              679.97              67.997E-09        168.644E-06  
              680.77              68.077E-09        168.838E-06  
              681.57              68.157E-09        169.029E-06  
              682.37              68.2369E-09       169.215E-06  
              683.169             68.3169E-09       169.399E-06  
              683.97              68.397E-09        169.579E-06  
              684.77              68.477E-09        169.756E-06  
              685.57              68.557E-09        169.977E-06  
              686.37              68.637E-09        170.26E-06   
              687.169             68.717E-09        170.432E-06  
              687.97              68.797E-09        170.637E-06  
              688.77              68.877E-09        170.841E-06  
              689.57              68.9569E-09       171.044E-06  
              690.37              69.0369E-09       171.245E-06  
              691.169             69.117E-09        171.443E-06  
              691.97              69.197E-09        171.638E-06  
              692.77              69.277E-09        171.832E-06  
              693.57              69.357E-09        172.023E-06  
              694.37              69.437E-09        172.212E-06  
              695.169             69.517E-09        172.4E-06    
              695.97              69.597E-09        172.585E-06  
              696.77              69.6769E-09       172.769E-06  
              697.57              69.757E-09        172.952E-06  
              698.37              69.837E-09        173.05E-06   
              699.169             69.917E-09        173.269E-06  
              699.97              69.997E-09        173.453E-06  
              700.77              70.077E-09        173.637E-06  
              701.57              70.157E-09        173.817E-06  
              702.37              70.237E-09        173.993E-06  
              703.169             70.3169E-09       174.167E-06  
              703.97              70.3969E-09       174.34E-06   
              704.77              70.477E-09        174.511E-06  
              705.57              70.557E-09        174.681E-06  
              706.37              70.637E-09        174.849E-06  
              707.169             70.717E-09        175.017E-06  
              707.97              70.797E-09        175.184E-06  
              708.77              70.877E-09        175.341E-06  
              709.57              70.957E-09        175.51E-06   
              710.37              71.0369E-09       175.676E-06  
              711.169             71.1169E-09       175.841E-06  
              711.97              71.197E-09        176.005E-06  
              712.77              71.277E-09        176.168E-06  
              713.57              71.357E-09        176.33E-06   
              714.37              71.437E-09        176.491E-06  
              715.169             71.517E-09        176.652E-06  
              715.97              71.597E-09        176.811E-06  
              716.77              71.6769E-09       176.97E-06   
              717.57              71.757E-09        177.128E-06  
              718.37              71.837E-09        177.286E-06  
              719.169             71.917E-09        177.442E-06  
              719.97              71.997E-09        177.598E-06  
              720.77              72.077E-09        177.753E-06  
              721.57              72.157E-09        177.907E-06  
              722.37              72.237E-09        178.061E-06  
              723.169             72.317E-09        178.214E-06  
              723.97              72.3969E-09       178.367E-06  
              724.77              72.4769E-09       178.519E-06  
              725.57              72.557E-09        178.671E-06  
              726.37              72.637E-09        178.822E-06  
              727.169             72.717E-09        178.973E-06  
              727.97              72.797E-09        179.123E-06  
              728.77              72.877E-09        179.273E-06  
              729.57              72.957E-09        179.423E-06  
              730.37              73.037E-09        179.572E-06  
              731.169             73.117E-09        179.721E-06  
              731.97              73.197E-09        179.869E-06  
              732.77              73.277E-09        180.017E-06  
              733.57              73.357E-09        180.165E-06  
              734.37              73.437E-09        180.312E-06  
              735.169             73.517E-09        180.459E-06  
              735.97              73.597E-09        180.606E-06  
              736.77              73.6769E-09       180.752E-06  
              737.57              73.757E-09        180.899E-06  
              738.37              73.837E-09        181.045E-06  
              739.169             73.917E-09        181.191E-06  
              739.97              73.997E-09        181.336E-06  
              740.77              74.077E-09        181.482E-06  
              741.57              74.157E-09        181.627E-06  
              742.37              74.237E-09        181.773E-06  
              743.169             74.317E-09        181.918E-06  
              743.97              74.3969E-09       182.063E-06  
              744.77              74.477E-09        182.208E-06  
              745.57              74.5569E-09       182.352E-06  
              746.37              74.637E-09        182.496E-06  
              747.169             74.717E-09        182.64E-06   
              747.97              74.797E-09        182.783E-06  
              748.77              74.877E-09        182.927E-06  
              749.57              74.957E-09        183.07E-06   
              750.37              75.037E-09        183.213E-06  
              751.169             75.117E-09        183.356E-06  
              751.97              75.197E-09        183.498E-06  
              752.77              75.277E-09        183.64E-06   
              753.57              75.357E-09        183.783E-06  
              754.37              75.437E-09        183.925E-06  
              755.169             75.517E-09        184.067E-06  
              755.97              75.597E-09        184.209E-06  
              756.77              75.677E-09        184.351E-06  
              757.57              75.757E-09        184.493E-06  
              758.37              75.837E-09        184.634E-06  
              759.169             75.9169E-09       184.776E-06  
              759.97              75.997E-09        184.917E-06  
              760.77              76.077E-09        185.059E-06  
              761.57              76.157E-09        185.2E-06    
              762.37              76.237E-09        185.342E-06  
              763.169             76.317E-09        185.483E-06  
              763.97              76.397E-09        185.624E-06  
              764.77              76.4769E-09       185.765E-06  
              765.57              76.557E-09        185.906E-06  
              766.37              76.637E-09        186.047E-06  
              767.169             76.7169E-09       186.188E-06  
              767.97              76.797E-09        186.329E-06  
              768.77              76.877E-09        186.47E-06   
              769.57              76.957E-09        186.612E-06  
              770.37              77.037E-09        186.753E-06  
              771.169             77.117E-09        186.894E-06  
              771.97              77.1969E-09       187.034E-06  
              772.77              77.277E-09        187.175E-06  
              773.57              77.357E-09        187.315E-06  
              774.37              77.437E-09        187.456E-06  
              775.169             77.517E-09        187.596E-06  
              775.97              77.597E-09        187.736E-06  
              776.77              77.677E-09        187.877E-06  
              777.57              77.757E-09        188.017E-06  
              778.37              77.837E-09        188.157E-06  
              779.169             77.9169E-09       188.297E-06  
              779.97              77.9969E-09       188.438E-06  
              780.77              78.077E-09        188.578E-06  
              781.57              78.157E-09        188.718E-06  
              782.37              78.237E-09        188.859E-06  
              783.169             78.317E-09        188.999E-06  
              783.97              78.397E-09        189.14E-06   
              784.77              78.477E-09        189.28E-06   
              785.57              78.5569E-09       189.421E-06  
              786.37              78.637E-09        189.561E-06  
              787.169             78.717E-09        189.702E-06  
              787.97              78.797E-09        189.842E-06  
              788.77              78.877E-09        189.983E-06  
              789.57              78.957E-09        190.244E-06  
              790.37              79.037E-09        190.542E-06  
              791.169             79.117E-09        190.838E-06  
              791.97              79.197E-09        191.131E-06  
              792.77              79.2769E-09       191.418E-06  
              793.57              79.3569E-09       191.699E-06  
              794.37              79.437E-09        191.974E-06  
              795.169             79.517E-09        192.243E-06  
              795.97              79.597E-09        192.506E-06  
              796.77              79.677E-09        192.764E-06  
              797.57              79.757E-09        193.016E-06  
              798.37              79.837E-09        193.262E-06  
              799.169             79.9169E-09       193.503E-06  
              799.97              79.9969E-09       193.739E-06  
              800.77              80.077E-09        193.969E-06  
              801.57              80.157E-09        194.193E-06  
              802.37              80.237E-09        194.412E-06  
              803.169             80.317E-09        194.624E-06  
              803.97              80.397E-09        194.831E-06  
              804.77              80.477E-09        195.034E-06  
              805.57              80.557E-09        195.232E-06  
              806.37              80.6369E-09       195.428E-06  
              807.169             80.7169E-09       195.62E-06   
              807.97              80.797E-09        195.81E-06   
              808.77              80.877E-09        195.998E-06  
              809.57              80.957E-09        196.184E-06  
              810.37              81.037E-09        196.368E-06  
              811.169             81.117E-09        196.552E-06  
              811.97              81.197E-09        196.734E-06  
              812.77              81.277E-09        196.914E-06  
              813.57              81.3569E-09       197.093E-06  
              814.37              81.437E-09        197.271E-06  
              815.169             81.517E-09        197.447E-06  
              815.97              81.597E-09        197.622E-06  
              816.77              81.677E-09        197.794E-06  
              817.57              81.757E-09        197.965E-06  
              818.37              81.837E-09        198.134E-06  
              819.169             81.917E-09        198.302E-06  
              819.97              81.9969E-09       198.468E-06  
              820.77              82.077E-09        198.633E-06  
              821.57              82.157E-09        198.797E-06  
              822.37              82.237E-09        198.96E-06   
              823.169             82.317E-09        199.122E-06  
              823.97              82.397E-09        199.283E-06  
              824.77              82.477E-09        199.444E-06  
              825.57              82.557E-09        199.604E-06  
              826.37              82.637E-09        199.763E-06  
              827.169             82.7169E-09       199.922E-06  
              827.97              82.7969E-09       200.081E-06  
              828.77              82.877E-09        200.239E-06  
              829.57              82.957E-09        200.396E-06  
              830.37              83.037E-09        200.554E-06  
              831.169             83.117E-09        200.711E-06  
              831.97              83.197E-09        200.868E-06  
              832.77              83.2769E-09       201.025E-06  
              833.57              83.3569E-09       201.182E-06  
              834.37              83.437E-09        201.338E-06  
              835.169             83.517E-09        201.494E-06  
              835.97              83.597E-09        201.669E-06  
              836.77              83.677E-09        201.867E-06  
              837.57              83.757E-09        202.117E-06  
              838.37              83.837E-09        202.396E-06  
              839.169             83.917E-09        202.669E-06  
              839.97              83.9969E-09       202.935E-06  
              840.77              84.077E-09        203.194E-06  
              841.57              84.1569E-09       203.446E-06  
              842.37              84.237E-09        203.691E-06  
              843.169             84.317E-09        203.931E-06  
              843.97              84.397E-09        204.003E-06  
              844.77              84.477E-09        204.325E-06  
              845.57              84.557E-09        204.546E-06  
              846.37              84.637E-09        204.779E-06  
              847.169             84.717E-09        205.006E-06  
              847.97              84.797E-09        205.228E-06  
              848.77              84.8769E-09       205.445E-06  
              849.57              84.957E-09        205.659E-06  
              850.37              85.037E-09        205.869E-06  
              851.169             85.117E-09        206.077E-06  
              851.97              85.197E-09        206.283E-06  
              852.77              85.277E-09        206.485E-06  
              853.57              85.3569E-09       206.686E-06  
              854.37              85.437E-09        206.884E-06  
              855.169             85.517E-09        207.081E-06  
              855.97              85.597E-09        207.331E-06  
              856.77              85.677E-09        207.59E-06   
              857.57              85.757E-09        207.846E-06  
              858.37              85.837E-09        208.096E-06  
              859.169             85.917E-09        208.342E-06  
              859.97              85.997E-09        208.581E-06  
              860.77              86.077E-09        208.816E-06  
              861.57              86.157E-09        209.045E-06  
              862.37              86.2369E-09       209.269E-06  
              863.169             86.317E-09        209.489E-06  
              863.97              86.397E-09        209.704E-06  
              864.77              86.477E-09        209.916E-06  
              865.57              86.557E-09        210.124E-06  
              866.37              86.637E-09        210.328E-06  
              867.169             86.7169E-09       210.53E-06   
              867.97              86.7969E-09       210.728E-06  
              868.77              86.877E-09        210.925E-06  
              869.57              86.957E-09        211.119E-06  
              870.37              87.037E-09        211.311E-06  
              871.169             87.117E-09        211.501E-06  
              871.97              87.197E-09        211.818E-06  
              872.77              87.277E-09        212.154E-06  
              873.57              87.357E-09        212.483E-06  
              874.37              87.437E-09        212.804E-06  
              875.169             87.5169E-09       213.115E-06  
              875.97              87.5969E-09       213.417E-06  
              876.77              87.677E-09        213.712E-06  
              877.57              87.757E-09        213.999E-06  
              878.37              87.837E-09        214.279E-06  
              879.169             87.917E-09        214.553E-06  
              879.97              87.997E-09        214.821E-06  
              880.77              88.077E-09        215.083E-06  
              881.57              88.157E-09        215.341E-06  
              882.37              88.237E-09        215.593E-06  
              883.169             88.3169E-09       215.842E-06  
              883.97              88.397E-09        216.086E-06  
              884.77              88.477E-09        216.327E-06  
              885.57              88.557E-09        216.564E-06  
              886.37              88.637E-09        216.799E-06  
              887.169             88.717E-09        217.031E-06  
              887.97              88.797E-09        217.26E-06   
              888.77              88.8769E-09       217.487E-06  
              889.57              88.957E-09        217.712E-06  
              890.37              89.037E-09        217.935E-06  
              891.169             89.117E-09        218.155E-06  
              891.97              89.197E-09        218.374E-06  
              892.77              89.277E-09        218.625E-06  
              893.57              89.357E-09        219.102E-06  
              894.37              89.437E-09        219.586E-06  
              895.169             89.517E-09        220.065E-06  
              895.97              89.5969E-09       220.533E-06  
              896.77              89.6769E-09       220.985E-06  
              897.57              89.757E-09        221.422E-06  
              898.37              89.837E-09        221.845E-06  
              899.169             89.917E-09        222.252E-06  
              899.97              89.997E-09        222.644E-06  
              900.77              90.077E-09        223.274E-06  
              901.57              90.157E-09        223.899E-06  
              902.37              90.2369E-09       224.512E-06  
              903.169             90.3169E-09       225.107E-06  
              903.97              90.397E-09        225.679E-06  
              904.77              90.477E-09        226.222E-06  
              905.57              90.557E-09        226.736E-06  
              906.37              90.637E-09        227.224E-06  
              907.169             90.717E-09        227.69E-06   
              907.97              90.797E-09        228.135E-06  
              908.77              90.877E-09        228.56E-06   
              909.57              90.9569E-09       228.966E-06  
              910.37              91.0369E-09       229.353E-06  
              911.169             91.117E-09        229.724E-06  
              911.97              91.197E-09        230.078E-06  
              912.77              91.277E-09        230.418E-06  
              913.57              91.357E-09        230.746E-06  
              914.37              91.437E-09        231.062E-06  
              915.169             91.517E-09        231.37E-06   
              915.97              91.597E-09        231.668E-06  
              916.77              91.6769E-09       231.959E-06  
              917.57              91.757E-09        232.242E-06  
              918.37              91.837E-09        232.518E-06  
              919.169             91.917E-09        232.786E-06  
              919.97              91.997E-09        233.049E-06  
              920.77              92.077E-09        233.305E-06  
              921.57              92.157E-09        233.556E-06  
              922.37              92.237E-09        233.802E-06  
              923.169             92.3169E-09       234.044E-06  
              923.97              92.3969E-09       234.282E-06  
              924.77              92.477E-09        234.516E-06  
              925.57              92.557E-09        234.747E-06  
              926.37              92.637E-09        234.975E-06  
              927.169             92.717E-09        235.2E-06    
              927.97              92.797E-09        235.422E-06  
              928.77              92.8769E-09       235.642E-06  
              929.57              92.957E-09        235.86E-06   
              930.37              93.0369E-09       236.075E-06  
              931.169             93.1169E-09       236.288E-06  
              931.97              93.197E-09        236.499E-06  
              932.77              93.277E-09        236.709E-06  
              933.57              93.357E-09        236.916E-06  
              934.37              93.437E-09        237.122E-06  
              935.169             93.517E-09        237.326E-06  
              935.97              93.5969E-09       237.529E-06  
              936.77              93.6769E-09       237.731E-06  
              937.57              93.757E-09        237.931E-06  
              938.37              93.837E-09        238.13E-06   
              939.169             93.917E-09        238.328E-06  
              939.97              93.997E-09        238.525E-06  
              940.77              94.077E-09        238.721E-06  
              941.57              94.157E-09        238.915E-06  
              942.37              94.237E-09        239.109E-06  
              943.169             94.317E-09        239.301E-06  
              943.97              94.3969E-09       239.492E-06  
              944.77              94.4769E-09       239.683E-06  
              945.57              94.557E-09        239.872E-06  
              946.37              94.637E-09        240.137E-06  
              947.169             94.717E-09        240.535E-06  
              947.97              94.797E-09        240.936E-06  
              948.77              94.877E-09        241.333E-06  
              949.57              94.9569E-09       241.719E-06  
              950.37              95.037E-09        242.093E-06  
              951.169             95.117E-09        242.454E-06  
              951.97              95.197E-09        242.799E-06  
              952.77              95.277E-09        243.129E-06  
              953.57              95.357E-09        243.444E-06  
              954.37              95.437E-09        243.748E-06  
              955.169             95.517E-09        244.042E-06  
              955.97              95.597E-09        244.327E-06  
              956.77              95.6769E-09       244.605E-06  
              957.57              95.757E-09        244.876E-06  
              958.37              95.837E-09        245.141E-06  
              959.169             95.917E-09        245.401E-06  
              959.97              95.997E-09        245.656E-06  
              960.77              96.077E-09        245.907E-06  
              961.57              96.157E-09        246.153E-06  
              962.37              96.237E-09        246.396E-06  
              963.169             96.3169E-09       246.634E-06  
              963.97              96.3969E-09       246.869E-06  
              964.77              96.477E-09        247.1E-06    
              965.57              96.557E-09        247.327E-06  
              966.37              96.637E-09        247.55E-06   
              967.169             96.717E-09        247.769E-06  
              967.97              96.797E-09        247.986E-06  
              968.77              96.877E-09        248.199E-06  
              969.57              96.957E-09        248.41E-06   
              970.37              97.0369E-09       248.619E-06  
              971.169             97.1169E-09       248.825E-06  
              971.97              97.197E-09        249.03E-06   
              972.77              97.277E-09        249.232E-06  
              973.57              97.357E-09        249.433E-06  
              974.37              97.437E-09        249.632E-06  
              975.169             97.517E-09        249.83E-06   
              975.97              97.597E-09        250.027E-06  
              976.77              97.677E-09        250.227E-06  
              977.57              97.757E-09        250.438E-06  
              978.37              97.837E-09        250.647E-06  
              979.169             97.917E-09        250.854E-06  
              979.97              97.997E-09        251.059E-06  
              980.77              98.077E-09        251.261E-06  
              981.57              98.157E-09        251.461E-06  
              982.37              98.237E-09        251.659E-06  
              983.169             98.317E-09        251.856E-06  
              983.97              98.3969E-09       252.051E-06  
              984.77              98.477E-09        252.245E-06  
              985.57              98.557E-09        252.437E-06  
              986.37              98.637E-09        252.629E-06  
              987.169             98.717E-09        252.819E-06  
              987.97              98.797E-09        253.009E-06  
              988.77              98.877E-09        253.197E-06  
              989.57              98.957E-09        253.386E-06  
              990.37              99.037E-09        253.573E-06  
              991.169             99.117E-09        253.793E-06  
              991.97              99.1969E-09       254.039E-06  
              992.77              99.277E-09        254.286E-06  
              993.57              99.357E-09        254.53E-06   
              994.37              99.437E-09        254.771E-06  
              995.169             99.517E-09        255.009E-06  
              995.97              99.597E-09        255.244E-06  
              996.77              99.677E-09        255.477E-06  
              997.57              99.757E-09        255.707E-06  
              998.37              99.837E-09        255.934E-06  
              999.169             99.9169E-09       256.159E-06  
              999.97              99.997E-09        256.381E-06  
                1.00077E+03      100.E-09           252.752E-06  
                1.00157E+03      100.E-09           249.497E-06  
                1.00197E+03      100.E-09           248.136E-06  
                1.00201E+03       99.2978E-09       192.027E-06  
                1.00202E+03       97.8915E-09        79.5244E-06 
                1.00202E+03       97.6278E-09        57.183E-06  
                1.00203E+03       97.2323E-09        29.2053E-06 
                1.00203E+03       96.9357E-09        12.999E-06  
                1.00203E+03       96.7132E-09         3.5487E-06 
                1.00203E+03       96.5464E-09       580.686E-09  
                1.00204E+03       96.2961E-09         0.         
                1.00204E+03       95.9207E-09         0.         
                1.00205E+03       95.3575E-09         0.         
                1.00205E+03       95.2519E-09         0.         
                1.00205E+03       95.1727E-09         0.         
                1.00205E+03       95.143E-09          0.         
                1.00205E+03       95.1319E-09         0.         
                1.00205E+03       95.1152E-09         0.         
                1.00205E+03       95.1152E-09         0.         




