
                  X             Displacement          Force      

                0.                -0.                 0.         
                1.E-03           100.E-15             1.08566E-09
                2.E-03           200.E-15           679.41E-12   
                3.5E-03          350.E-15            67.6342E-12 
                5.75E-03         575.E-15             5.33598E-12
                9.125E-03        912.5E-15          524.07E-15   
               14.1875E-03         1.41875E-12       52.3466E-15 
               21.7812E-03         2.17813E-12        5.23341E-15
               33.1719E-03         3.31719E-12      523.388E-18  
               50.2578E-03         5.02578E-12       52.3371E-18 
               75.8867E-03         7.58867E-12        5.23344E-18
              114.33E-03          11.433E-12        523.285E-21  
              171.995E-03         17.1995E-12        52.3247E-21 
              258.493E-03         25.8493E-12         5.23194E-21
              388.239E-03         38.8239E-12       523.123E-24  
              582.859E-03         58.2859E-12        52.302E-24  
              874.788E-03         87.4788E-12         5.22867E-24
                1.31268          131.268E-12        522.639E-27  
                1.96952          196.952E-12         52.2296E-27 
                2.86952          286.952E-12          5.21827E-27
                3.76952          376.952E-12        521.357E-30  
                4.66952          466.952E-12         52.0888E-30 
                5.56952          556.952E-12          5.20418E-30
                6.46952          646.952E-12        519.949E-33  
                7.36952          736.952E-12         51.948E-33  
                8.26952          826.952E-12          5.19011E-33
                9.16952          916.952E-12        518.541E-36  
               10.0695             1.00695E-09      487.811E-09  
               10.9695             1.09695E-09        1.30415E-06
               11.4195             1.14195E-09        1.71042E-06
               12.0945             1.20945E-09        2.21128E-06
               12.9945             1.29945E-09        2.61529E-06
               13.8945             1.38945E-09        2.92989E-06
               14.7945             1.47945E-09        3.2038E-06 
               15.6945             1.56945E-09        3.44038E-06
               16.5945             1.65945E-09        3.65881E-06
               17.4945             1.74945E-09        3.86754E-06
               18.3945             1.83945E-09        4.06932E-06
               19.2945             1.92945E-09        4.26431E-06
               20.1945             2.01945E-09        4.45364E-06
               21.0945             2.10945E-09        4.63797E-06
               21.9945             2.19945E-09        4.81747E-06
               22.8945             2.28945E-09        4.99193E-06
               23.7945             2.37945E-09        5.16041E-06
               24.6945             2.46945E-09        5.32172E-06
               25.5945             2.55945E-09        5.47546E-06
               26.4945             2.64945E-09        5.62196E-06
               27.3945             2.73945E-09        5.76177E-06
               28.2945             2.82945E-09        5.89528E-06
               29.1945             2.91945E-09        6.02288E-06
               30.0945             3.00945E-09        6.14486E-06
               30.9945             3.09945E-09        6.26147E-06
               31.8945             3.18945E-09        6.37296E-06
               32.7945             3.27945E-09        6.47963E-06
               33.6945             3.36945E-09        6.58186E-06
               34.5945             3.45945E-09        6.68004E-06
               35.4945             3.54945E-09        6.77457E-06
               36.3945             3.63945E-09        6.86578E-06
               37.2945             3.72945E-09        6.95392E-06
               38.1945             3.81945E-09        7.03925E-06
               39.0945             3.90945E-09        7.12195E-06
               39.9945             3.99945E-09        7.20223E-06
               40.8945             4.08945E-09        7.28022E-06
               41.7945             4.17945E-09        7.35607E-06
               42.6945             4.26945E-09        7.42988E-06
               43.5945             4.35945E-09        7.50175E-06
               44.4945             4.44945E-09        7.57162E-06
               45.3945             4.53945E-09        7.63965E-06
               46.2945             4.62945E-09        7.70591E-06
               47.1945             4.71945E-09        7.77044E-06
               48.0945             4.80945E-09        7.83311E-06
               48.9945             4.89945E-09        7.8938E-06 
               49.8945             4.98945E-09        7.95286E-06
               50.7945             5.07945E-09        8.01053E-06
               51.6945             5.16945E-09        8.06698E-06
               52.5945             5.25945E-09        8.12224E-06
               53.4945             5.34945E-09        8.17641E-06
               54.3945             5.43945E-09        8.22955E-06
               55.2945             5.52945E-09        8.28169E-06
               56.1945             5.61945E-09        8.33289E-06
               57.0945             5.70945E-09        8.38318E-06
               57.9945             5.79945E-09        8.43239E-06
               58.8945             5.88945E-09        8.48057E-06
               59.7945             5.97945E-09        8.52771E-06
               60.6945             6.06945E-09        8.59794E-06
               61.5945             6.15945E-09        9.96907E-06
               62.4945             6.24945E-09       11.5712E-06 
               63.3945             6.33945E-09       13.0388E-06 
               64.2945             6.42945E-09       14.3845E-06 
               65.1945             6.51945E-09       15.5964E-06 
               66.0945             6.60945E-09       16.6758E-06 
               66.9945             6.69945E-09       17.6154E-06 
               67.8945             6.78945E-09       18.4262E-06 
               68.7945             6.87945E-09       19.1413E-06 
               69.6945             6.96945E-09       19.7786E-06 
               70.5945             7.05945E-09       20.3514E-06 
               71.4945             7.14945E-09       20.8734E-06 
               72.3945             7.23945E-09       21.3569E-06 
               73.2945             7.32945E-09       21.8103E-06 
               74.1945             7.41945E-09       22.2383E-06 
               75.0945             7.50945E-09       22.6438E-06 
               75.9945             7.59945E-09       23.0296E-06 
               76.8945             7.68945E-09       23.3982E-06 
               77.7945             7.77945E-09       23.7515E-06 
               78.6945             7.86945E-09       24.0906E-06 
               79.5945             7.95945E-09       24.4164E-06 
               80.4945             8.04945E-09       24.73E-06   
               81.3945             8.13945E-09       25.0324E-06 
               82.2945             8.22945E-09       25.3244E-06 
               83.1945             8.31945E-09       25.6071E-06 
               84.0945             8.40945E-09       25.8811E-06 
               84.9945             8.49945E-09       26.1471E-06 
               85.8945             8.58945E-09       26.4057E-06 
               86.7945             8.67945E-09       26.6573E-06 
               87.6945             8.76945E-09       26.9023E-06 
               88.5945             8.85945E-09       27.1411E-06 
               89.4945             8.94945E-09       27.3741E-06 
               90.3945             9.03945E-09       27.6014E-06 
               91.2945             9.12945E-09       27.8233E-06 
               92.1945             9.21945E-09       28.0401E-06 
               93.0945             9.30945E-09       28.2519E-06 
               93.9945             9.39945E-09       28.4592E-06 
               94.8945             9.48945E-09       28.662E-06  
               95.7945             9.57945E-09       28.8605E-06 
               96.6945             9.66945E-09       29.0548E-06 
               97.5945             9.75945E-09       29.2451E-06 
               98.4945             9.84945E-09       29.4315E-06 
               99.3945             9.93945E-09       29.6142E-06 
              100.295             10.0295E-09        29.7934E-06 
              101.195             10.1195E-09        29.9692E-06 
              102.095             10.2095E-09        30.1417E-06 
              102.995             10.2995E-09        30.311E-06  
              103.895             10.3895E-09        30.4771E-06 
              104.795             10.4795E-09        30.6401E-06 
              105.695             10.5695E-09        30.8003E-06 
              106.595             10.6595E-09        30.9577E-06 
              107.495             10.7495E-09        31.1127E-06 
              108.395             10.8395E-09        31.2652E-06 
              109.295             10.9295E-09        31.4153E-06 
              110.195             11.0195E-09        31.563E-06  
              111.095             11.1095E-09        31.7085E-06 
              111.995             11.1995E-09        31.8517E-06 
              112.895             11.2895E-09        31.9928E-06 
              113.795             11.3795E-09        32.1316E-06 
              114.695             11.4695E-09        32.2683E-06 
              115.595             11.5595E-09        32.403E-06  
              116.495             11.6495E-09        32.5357E-06 
              117.395             11.7395E-09        32.6667E-06 
              118.295             11.8295E-09        33.0753E-06 
              119.195             11.9195E-09        33.5395E-06 
              120.095             12.0095E-09        34.1592E-06 
              120.995             12.0995E-09        34.7246E-06 
              121.895             12.1895E-09        35.7518E-06 
              122.795             12.2795E-09        36.7253E-06 
              123.695             12.3695E-09        37.6147E-06 
              124.595             12.4595E-09        38.4089E-06 
              125.495             12.5495E-09        39.1142E-06 
              126.395             12.6395E-09        39.7474E-06 
              127.295             12.7295E-09        40.3197E-06 
              128.195             12.8195E-09        40.8421E-06 
              129.095             12.9095E-09        41.3237E-06 
              129.995             12.9995E-09        41.77E-06   
              130.895             13.0895E-09        42.1841E-06 
              131.795             13.1795E-09        42.5689E-06 
              132.695             13.2695E-09        42.9285E-06 
              133.595             13.3595E-09        43.267E-06  
              134.495             13.4495E-09        43.5871E-06 
              135.395             13.5395E-09        43.891E-06  
              136.295             13.6295E-09        44.1806E-06 
              137.195             13.7195E-09        44.4575E-06 
              138.095             13.8095E-09        44.7231E-06 
              138.995             13.8995E-09        44.9784E-06 
              139.895             13.9895E-09        45.2247E-06 
              140.795             14.0795E-09        45.463E-06  
              141.695             14.1695E-09        45.6944E-06 
              142.595             14.2595E-09        45.92E-06   
              143.495             14.3495E-09        46.1405E-06 
              144.395             14.4395E-09        46.3564E-06 
              145.295             14.5295E-09        46.568E-06  
              146.195             14.6195E-09        46.7758E-06 
              147.095             14.7095E-09        46.9799E-06 
              147.995             14.7995E-09        47.1806E-06 
              148.895             14.8895E-09        47.378E-06  
              149.795             14.9795E-09        47.5721E-06 
              150.695             15.0695E-09        47.7628E-06 
              151.595             15.1595E-09        47.9503E-06 
              152.495             15.2495E-09        48.1345E-06 
              153.395             15.3395E-09        48.3157E-06 
              154.295             15.4295E-09        48.494E-06  
              155.195             15.5195E-09        48.6697E-06 
              156.095             15.6095E-09        48.8431E-06 
              156.995             15.6995E-09        49.014E-06  
              157.895             15.7895E-09        49.1828E-06 
              158.795             15.8795E-09        49.3495E-06 
              159.695             15.9695E-09        49.5141E-06 
              160.595             16.0595E-09        49.6767E-06 
              161.495             16.1495E-09        49.8374E-06 
              162.395             16.2395E-09        49.9963E-06 
              163.295             16.3295E-09        50.1533E-06 
              164.195             16.4195E-09        50.3085E-06 
              165.095             16.5095E-09        50.4619E-06 
              165.995             16.5995E-09        50.6137E-06 
              166.895             16.6895E-09        50.7638E-06 
              167.795             16.7795E-09        50.9125E-06 
              168.695             16.8695E-09        51.0597E-06 
              169.595             16.9595E-09        51.2056E-06 
              170.495             17.0494E-09        51.3501E-06 
              171.395             17.1395E-09        51.4931E-06 
              172.295             17.2295E-09        51.6348E-06 
              173.195             17.3195E-09        51.775E-06  
              174.095             17.4095E-09        51.9138E-06 
              174.995             17.4995E-09        52.0513E-06 
              175.895             17.5895E-09        52.1875E-06 
              176.795             17.6795E-09        52.3225E-06 
              177.695             17.7695E-09        52.4563E-06 
              178.595             17.8595E-09        52.589E-06  
              179.495             17.9495E-09        52.7205E-06 
              180.395             18.0395E-09        52.851E-06  
              181.295             18.1295E-09        52.9804E-06 
              182.195             18.2195E-09        53.1089E-06 
              183.095             18.3095E-09        53.2363E-06 
              183.995             18.3995E-09        53.3629E-06 
              184.895             18.4895E-09        53.4884E-06 
              185.795             18.5795E-09        53.613E-06  
              186.695             18.6695E-09        53.7367E-06 
              187.595             18.7595E-09        53.8595E-06 
              188.495             18.8495E-09        53.9813E-06 
              189.395             18.9395E-09        54.1023E-06 
              190.295             19.0295E-09        54.2223E-06 
              191.195             19.1195E-09        54.3416E-06 
              192.095             19.2095E-09        54.46E-06   
              192.995             19.2995E-09        54.5776E-06 
              193.895             19.3895E-09        54.6946E-06 
              194.795             19.4795E-09        54.8109E-06 
              195.695             19.5695E-09        54.9265E-06 
              196.595             19.6595E-09        55.0415E-06 
              197.495             19.7495E-09        55.1558E-06 
              198.395             19.8395E-09        55.2696E-06 
              199.295             19.9295E-09        55.3827E-06 
              200.195             20.0195E-09        55.4953E-06 
              201.095             20.1095E-09        55.6074E-06 
              201.995             20.1995E-09        55.7189E-06 
              202.895             20.2895E-09        55.8299E-06 
              203.795             20.3795E-09        55.9404E-06 
              204.695             20.4695E-09        56.0504E-06 
              205.595             20.5595E-09        56.16E-06   
              206.495             20.6495E-09        56.2692E-06 
              207.395             20.7395E-09        56.3778E-06 
              208.295             20.8295E-09        56.486E-06  
              209.195             20.9195E-09        56.5936E-06 
              210.095             21.0095E-09        56.7009E-06 
              210.995             21.0995E-09        56.8078E-06 
              211.895             21.1895E-09        56.9142E-06 
              212.795             21.2795E-09        57.02E-06   
              213.695             21.3695E-09        57.1254E-06 
              214.595             21.4595E-09        57.2304E-06 
              215.495             21.5495E-09        57.3349E-06 
              216.395             21.6395E-09        57.4389E-06 
              217.295             21.7295E-09        57.5423E-06 
              218.195             21.8195E-09        57.6453E-06 
              219.095             21.9095E-09        57.7479E-06 
              219.995             21.9995E-09        57.85E-06   
              220.895             22.0895E-09        57.9519E-06 
              221.795             22.1795E-09        58.0533E-06 
              222.695             22.2695E-09        58.1546E-06 
              223.595             22.3595E-09        58.2555E-06 
              224.495             22.4495E-09        58.3561E-06 
              225.395             22.5395E-09        58.4564E-06 
              226.295             22.6295E-09        58.5564E-06 
              227.195             22.7195E-09        58.6561E-06 
              228.095             22.8095E-09        58.7556E-06 
              228.995             22.8995E-09        58.8548E-06 
              229.895             22.9895E-09        58.9537E-06 
              230.795             23.0795E-09        59.0522E-06 
              231.695             23.1695E-09        59.1505E-06 
              232.595             23.2595E-09        59.2486E-06 
              233.495             23.3495E-09        59.3465E-06 
              234.395             23.4395E-09        59.4442E-06 
              235.295             23.5295E-09        59.5416E-06 
              236.195             23.6195E-09        59.6389E-06 
              237.095             23.7095E-09        59.7361E-06 
              237.995             23.7995E-09        59.833E-06  
              238.895             23.8895E-09        59.9298E-06 
              239.795             23.9795E-09        60.0263E-06 
              240.695             24.0695E-09        60.4465E-06 
              241.595             24.1595E-09        60.9063E-06 
              242.495             24.2495E-09        61.347E-06  
              243.395             24.3395E-09        61.764E-06  
              244.295             24.4295E-09        62.1547E-06 
              245.195             24.5195E-09        62.518E-06  
              246.095             24.6095E-09        62.8542E-06 
              246.995             24.6995E-09        63.1667E-06 
              247.895             24.7895E-09        63.6642E-06 
              248.795             24.8795E-09        64.3006E-06 
              249.695             24.9695E-09        64.9122E-06 
              250.595             25.0595E-09        65.4965E-06 
              251.495             25.1495E-09        66.0497E-06 
              252.395             25.2395E-09        66.5654E-06 
              253.295             25.3295E-09        67.0451E-06 
              254.195             25.4195E-09        67.4885E-06 
              255.095             25.5095E-09        67.8891E-06 
              255.995             25.5995E-09        68.2524E-06 
              256.895             25.6895E-09        68.588E-06  
              257.795             25.7795E-09        68.9019E-06 
              258.695             25.8695E-09        69.1968E-06 
              259.595             25.9595E-09        69.4726E-06 
              260.495             26.0495E-09        69.7292E-06 
              261.395             26.1395E-09        69.9695E-06 
              262.295             26.2295E-09        70.193E-06  
              263.195             26.3195E-09        70.4041E-06 
              264.095             26.4095E-09        70.6041E-06 
              264.995             26.4995E-09        70.7949E-06 
              265.895             26.5895E-09        70.9777E-06 
              266.795             26.6795E-09        71.1537E-06 
              267.695             26.7695E-09        71.3238E-06 
              268.595             26.8595E-09        71.4887E-06 
              269.495             26.9495E-09        71.6488E-06 
              270.395             27.0395E-09        71.8045E-06 
              271.295             27.1295E-09        71.956E-06  
              272.195             27.2195E-09        72.1042E-06 
              273.095             27.3095E-09        72.2492E-06 
              273.995             27.3995E-09        72.3915E-06 
              274.895             27.4895E-09        72.5315E-06 
              275.795             27.5795E-09        72.6692E-06 
              276.695             27.6695E-09        72.8047E-06 
              277.595             27.7595E-09        72.9383E-06 
              278.495             27.8495E-09        73.0702E-06 
              279.395             27.9395E-09        73.2003E-06 
              280.295             28.0295E-09        73.3288E-06 
              281.195             28.1195E-09        73.456E-06  
              282.095             28.2095E-09        73.5819E-06 
              282.995             28.2995E-09        73.7065E-06 
              283.895             28.3895E-09        73.8298E-06 
              284.795             28.4795E-09        73.952E-06  
              285.695             28.5695E-09        74.0733E-06 
              286.595             28.6595E-09        74.191E-06  
              287.495             28.7495E-09        74.3117E-06 
              288.395             28.8395E-09        74.4306E-06 
              289.295             28.9295E-09        74.5482E-06 
              290.195             29.0195E-09        74.6648E-06 
              291.095             29.1095E-09        74.8738E-06 
              291.995             29.1995E-09        75.1134E-06 
              292.895             29.2895E-09        75.3448E-06 
              293.795             29.3795E-09        75.6243E-06 
              294.695             29.4695E-09        75.9537E-06 
              295.595             29.5595E-09        76.267E-06  
              296.495             29.6495E-09        76.562E-06  
              297.395             29.7395E-09        76.8399E-06 
              298.295             29.8295E-09        77.1021E-06 
              299.195             29.9195E-09        77.3502E-06 
              300.095             30.0095E-09        77.5861E-06 
              300.995             30.0995E-09        77.8114E-06 
              301.895             30.1895E-09        78.0276E-06 
              302.795             30.2795E-09        78.2357E-06 
              303.695             30.3695E-09        78.4361E-06 
              304.595             30.4595E-09        78.629E-06  
              305.495             30.5494E-09        78.815E-06  
              306.395             30.6395E-09        78.9943E-06 
              307.295             30.7295E-09        79.1677E-06 
              308.195             30.8195E-09        79.3364E-06 
              309.095             30.9095E-09        79.5012E-06 
              309.995             30.9995E-09        79.6623E-06 
              310.895             31.0895E-09        79.8204E-06 
              311.795             31.1795E-09        79.976E-06  
              312.695             31.2695E-09        80.1288E-06 
              313.595             31.3595E-09        80.2787E-06 
              314.495             31.4495E-09        80.4257E-06 
              315.395             31.5395E-09        80.5707E-06 
              316.295             31.6295E-09        80.7178E-06 
              317.195             31.7195E-09        80.856E-06  
              318.095             31.8095E-09        80.9947E-06 
              318.995             31.8995E-09        81.1317E-06 
              319.895             31.9895E-09        81.2669E-06 
              320.795             32.0795E-09        81.4004E-06 
              321.695             32.1695E-09        81.5322E-06 
              322.595             32.2595E-09        81.6622E-06 
              323.495             32.3495E-09        82.0276E-06 
              324.395             32.4395E-09        82.4139E-06 
              325.295             32.5295E-09        82.7847E-06 
              326.195             32.6195E-09        83.1375E-06 
              327.095             32.7095E-09        83.4712E-06 
              327.995             32.7995E-09        84.105E-06  
              328.895             32.8895E-09        84.2066E-06 
              329.795             32.9795E-09        84.3898E-06 
              330.695             33.0695E-09        84.7892E-06 
              331.595             33.1595E-09        85.2315E-06 
              332.495             33.2495E-09        85.767E-06  
              333.395             33.3395E-09        86.3571E-06 
              334.295             33.4295E-09        86.9195E-06 
              335.195             33.5195E-09        87.4522E-06 
              336.095             33.6095E-09        87.9549E-06 
              336.995             33.6995E-09        88.4246E-06 
              337.895             33.7895E-09        88.8617E-06 
              338.795             33.8795E-09        89.2715E-06 
              339.695             33.9695E-09        89.8718E-06 
              340.595             34.0595E-09        90.5202E-06 
              341.495             34.1495E-09        91.144E-06  
              342.395             34.2395E-09        91.7371E-06 
              343.295             34.3295E-09        92.2916E-06 
              344.195             34.4195E-09        92.8046E-06 
              345.095             34.5095E-09        93.2799E-06 
              345.995             34.5995E-09        93.7217E-06 
              346.895             34.6895E-09        94.134E-06  
              347.795             34.7795E-09        94.5209E-06 
              348.695             34.8695E-09        94.886E-06  
              349.595             34.9594E-09        95.232E-06  
              350.495             35.0495E-09        95.5611E-06 
              351.395             35.1395E-09        95.8741E-06 
              352.295             35.2295E-09        96.1712E-06 
              353.195             35.3195E-09        96.4531E-06 
              354.095             35.4095E-09        96.7211E-06 
              354.995             35.4995E-09        96.9771E-06 
              355.895             35.5895E-09        97.223E-06  
              356.795             35.6795E-09        97.4599E-06 
              357.695             35.7695E-09        97.6888E-06 
              358.595             35.8595E-09        97.9105E-06 
              359.495             35.9495E-09        98.1259E-06 
              360.395             36.0395E-09        98.3357E-06 
              361.295             36.1295E-09        98.5404E-06 
              362.195             36.2195E-09        98.7402E-06 
              363.095             36.3095E-09        98.9353E-06 
              363.995             36.3994E-09        99.126E-06  
              364.895             36.4895E-09        99.3123E-06 
              365.795             36.5795E-09        99.4947E-06 
              366.695             36.6695E-09        99.6734E-06 
              367.595             36.7595E-09        99.8486E-06 
              368.495             36.8495E-09       100.021E-06  
              369.395             36.9395E-09       100.19E-06   
              370.295             37.0295E-09       100.356E-06  
              371.195             37.1195E-09       100.52E-06   
              372.095             37.2095E-09       100.681E-06  
              372.995             37.2995E-09       100.84E-06   
              373.895             37.3895E-09       100.997E-06  
              374.795             37.4795E-09       101.153E-06  
              375.695             37.5695E-09       101.307E-06  
              376.595             37.6595E-09       101.459E-06  
              377.495             37.7495E-09       101.611E-06  
              378.395             37.8395E-09       101.76E-06   
              379.295             37.9295E-09       101.909E-06  
              380.195             38.0195E-09       102.057E-06  
              381.095             38.1095E-09       102.203E-06  
              381.995             38.1995E-09       102.348E-06  
              382.895             38.2895E-09       102.493E-06  
              383.795             38.3795E-09       102.636E-06  
              384.695             38.4695E-09       102.778E-06  
              385.595             38.5595E-09       102.919E-06  
              386.495             38.6495E-09       103.06E-06   
              387.395             38.7395E-09       103.199E-06  
              388.295             38.8295E-09       103.338E-06  
              389.195             38.9195E-09       103.476E-06  
              390.095             39.0095E-09       103.613E-06  
              390.995             39.0995E-09       103.75E-06   
              391.895             39.1895E-09       103.886E-06  
              392.795             39.2795E-09       104.021E-06  
              393.695             39.3695E-09       104.157E-06  
              394.595             39.4595E-09       104.292E-06  
              395.495             39.5495E-09       104.426E-06  
              396.395             39.6395E-09       104.56E-06   
              397.295             39.7295E-09       104.694E-06  
              398.195             39.8195E-09       104.827E-06  
              399.095             39.9095E-09       104.96E-06   
              399.995             39.9995E-09       105.092E-06  
              400.895             40.0895E-09       105.225E-06  
              401.795             40.1795E-09       105.357E-06  
              402.695             40.2695E-09       105.489E-06  
              403.595             40.3595E-09       105.621E-06  
              404.495             40.4495E-09       105.753E-06  
              405.395             40.5395E-09       106.072E-06  
              406.295             40.6295E-09       106.086E-06  
              407.195             40.7195E-09       106.176E-06  
              408.095             40.8095E-09       106.292E-06  
              408.995             40.8995E-09       106.415E-06  
              409.895             40.9895E-09       106.542E-06  
              410.795             41.0795E-09       106.669E-06  
              411.695             41.1695E-09       106.797E-06  
              412.595             41.2595E-09       106.926E-06  
              413.495             41.3495E-09       107.054E-06  
              414.395             41.4395E-09       107.181E-06  
              415.295             41.5295E-09       107.309E-06  
              416.195             41.6195E-09       107.438E-06  
              417.095             41.7095E-09       107.565E-06  
              417.995             41.7995E-09       107.693E-06  
              418.895             41.8895E-09       107.821E-06  
              419.795             41.9795E-09       107.949E-06  
              420.695             42.0695E-09       108.076E-06  
              421.595             42.1595E-09       108.204E-06  
              422.495             42.2495E-09       108.331E-06  
              423.395             42.3395E-09       108.458E-06  
              424.295             42.4295E-09       108.585E-06  
              425.195             42.5195E-09       108.712E-06  
              426.095             42.6095E-09       108.838E-06  
              426.995             42.6995E-09       108.965E-06  
              427.895             42.7895E-09       109.091E-06  
              428.795             42.8795E-09       109.217E-06  
              429.695             42.9695E-09       109.343E-06  
              430.595             43.0595E-09       109.469E-06  
              431.495             43.1495E-09       109.595E-06  
              432.395             43.2395E-09       109.72E-06   
              433.295             43.3295E-09       109.846E-06  
              434.195             43.4195E-09       109.971E-06  
              435.095             43.5094E-09       110.096E-06  
              435.995             43.5995E-09       110.221E-06  
              436.895             43.6895E-09       110.346E-06  
              437.795             43.7795E-09       110.471E-06  
              438.695             43.8694E-09       110.596E-06  
              439.595             43.9594E-09       110.721E-06  
              440.495             44.0495E-09       110.846E-06  
              441.395             44.1395E-09       110.97E-06   
              442.295             44.2295E-09       111.094E-06  
              443.195             44.3195E-09       111.218E-06  
              444.095             44.4095E-09       111.217E-06  
              444.995             44.4995E-09       111.464E-06  
              445.895             44.5895E-09       111.385E-06  
              446.795             44.6795E-09       111.636E-06  
              447.695             44.7695E-09       111.792E-06  
              448.595             44.8595E-09       111.957E-06  
              449.495             44.9495E-09       112.11E-06   
              450.395             45.0395E-09       112.251E-06  
              451.295             45.1295E-09       112.384E-06  
              452.195             45.2195E-09       112.513E-06  
              453.095             45.3095E-09       112.64E-06   
              453.995             45.3995E-09       112.765E-06  
              454.895             45.4895E-09       112.888E-06  
              455.795             45.5795E-09       113.011E-06  
              456.695             45.6695E-09       113.133E-06  
              457.595             45.7595E-09       113.254E-06  
              458.495             45.8495E-09       113.375E-06  
              459.395             45.9394E-09       113.496E-06  
              460.295             46.0295E-09       113.616E-06  
              461.195             46.1195E-09       113.736E-06  
              462.095             46.2095E-09       113.855E-06  
              462.995             46.2995E-09       113.974E-06  
              463.895             46.3895E-09       114.093E-06  
              464.795             46.4795E-09       114.212E-06  
              465.695             46.5695E-09       114.33E-06   
              466.595             46.6595E-09       114.448E-06  
              467.495             46.7495E-09       114.566E-06  
              468.395             46.8395E-09       114.684E-06  
              469.295             46.9295E-09       114.802E-06  
              470.195             47.0195E-09       114.919E-06  
              471.095             47.1095E-09       115.037E-06  
              471.995             47.1995E-09       115.154E-06  
              472.895             47.2895E-09       115.272E-06  
              473.795             47.3795E-09       115.359E-06  
              474.695             47.4695E-09       115.493E-06  
              475.595             47.5595E-09       115.617E-06  
              476.495             47.6495E-09       115.738E-06  
              477.395             47.7395E-09       115.857E-06  
              478.295             47.8295E-09       115.975E-06  
              479.195             47.9195E-09       116.092E-06  
              480.095             48.0095E-09       116.209E-06  
              480.995             48.0995E-09       116.326E-06  
              481.895             48.1895E-09       116.442E-06  
              482.795             48.2795E-09       116.558E-06  
              483.695             48.3695E-09       116.674E-06  
              484.595             48.4595E-09       116.79E-06   
              485.495             48.5495E-09       116.905E-06  
              486.395             48.6395E-09       117.021E-06  
              487.295             48.7295E-09       117.136E-06  
              488.195             48.8195E-09       117.251E-06  
              489.095             48.9095E-09       117.366E-06  
              489.995             48.9995E-09       117.481E-06  
              490.895             49.0895E-09       117.596E-06  
              491.795             49.1795E-09       117.71E-06   
              492.695             49.2695E-09       117.825E-06  
              493.595             49.3595E-09       117.94E-06   
              494.495             49.4495E-09       118.055E-06  
              495.395             49.5395E-09       118.38E-06   
              496.295             49.6295E-09       118.832E-06  
              497.195             49.7195E-09       119.279E-06  
              498.095             49.8095E-09       119.712E-06  
              498.995             49.8995E-09       120.126E-06  
              499.895             49.9895E-09       120.509E-06  
              500.795             50.0795E-09       120.861E-06  
              501.695             50.1695E-09       121.189E-06  
              502.595             50.2595E-09       121.491E-06  
              503.495             50.3495E-09       121.767E-06  
              504.395             50.4394E-09       122.022E-06  
              505.295             50.5295E-09       122.262E-06  
              506.195             50.6195E-09       122.491E-06  
              507.095             50.7095E-09       122.709E-06  
              507.995             50.7994E-09       122.916E-06  
              508.895             50.8895E-09       123.114E-06  
              509.795             50.9795E-09       123.303E-06  
              510.695             51.0695E-09       123.484E-06  
              511.595             51.1595E-09       123.659E-06  
              512.495             51.2495E-09       123.828E-06  
              513.395             51.3395E-09       123.991E-06  
              514.294             51.4295E-09       124.149E-06  
              515.195             51.5195E-09       124.303E-06  
              516.095             51.6095E-09       124.453E-06  
              516.995             51.6995E-09       124.599E-06  
              517.895             51.7895E-09       124.742E-06  
              518.794             51.8795E-09       124.882E-06  
              519.695             51.9695E-09       125.02E-06   
              520.595             52.0595E-09       125.157E-06  
              521.495             52.1495E-09       125.292E-06  
              522.395             52.2395E-09       125.425E-06  
              523.294             52.3295E-09       125.558E-06  
              524.195             52.4194E-09       125.69E-06   
              525.095             52.5094E-09       125.821E-06  
              525.995             52.5995E-09       125.95E-06   
              526.895             52.6895E-09       126.079E-06  
              527.794             52.7794E-09       126.207E-06  
              528.695             52.8695E-09       126.334E-06  
              529.595             52.9595E-09       126.46E-06   
              530.495             53.0495E-09       126.585E-06  
              531.395             53.1395E-09       126.709E-06  
              532.294             53.2295E-09       126.833E-06  
              533.195             53.3195E-09       126.957E-06  
              534.095             53.4095E-09       127.08E-06   
              534.995             53.4995E-09       127.202E-06  
              535.895             53.5895E-09       127.324E-06  
              536.794             53.6795E-09       127.445E-06  
              537.695             53.7695E-09       127.566E-06  
              538.595             53.8595E-09       127.687E-06  
              539.495             53.9495E-09       127.807E-06  
              540.395             54.0395E-09       127.927E-06  
              541.294             54.1295E-09       128.047E-06  
              542.195             54.2195E-09       128.166E-06  
              543.095             54.3095E-09       128.286E-06  
              543.995             54.3995E-09       128.405E-06  
              544.895             54.4895E-09       128.523E-06  
              545.794             54.5795E-09       128.642E-06  
              546.695             54.6695E-09       128.76E-06   
              547.595             54.7595E-09       128.878E-06  
              548.495             54.8495E-09       128.995E-06  
              549.395             54.9395E-09       129.112E-06  
              550.294             55.0295E-09       129.229E-06  
              551.195             55.1195E-09       129.346E-06  
              552.095             55.2095E-09       129.463E-06  
              552.995             55.2995E-09       129.58E-06   
              553.895             55.3895E-09       129.696E-06  
              554.794             55.4795E-09       129.812E-06  
              555.695             55.5695E-09       129.929E-06  
              556.595             55.6595E-09       130.103E-06  
              557.495             55.7495E-09       130.176E-06  
              558.395             55.8395E-09       130.283E-06  
              559.294             55.9295E-09       130.395E-06  
              560.195             56.0195E-09       130.509E-06  
              561.095             56.1095E-09       130.624E-06  
              561.995             56.1995E-09       130.739E-06  
              562.895             56.2895E-09       130.853E-06  
              563.794             56.3795E-09       130.968E-06  
              564.695             56.4695E-09       131.083E-06  
              565.595             56.5595E-09       131.197E-06  
              566.495             56.6495E-09       131.312E-06  
              567.395             56.7395E-09       131.426E-06  
              568.294             56.8295E-09       131.541E-06  
              569.195             56.9195E-09       131.655E-06  
              570.095             57.0095E-09       131.77E-06   
              570.995             57.0995E-09       131.884E-06  
              571.895             57.1895E-09       131.998E-06  
              572.794             57.2795E-09       132.112E-06  
              573.695             57.3695E-09       132.226E-06  
              574.595             57.4595E-09       132.34E-06   
              575.495             57.5495E-09       132.454E-06  
              576.395             57.6395E-09       132.567E-06  
              577.294             57.7295E-09       132.681E-06  
              578.195             57.8195E-09       132.795E-06  
              579.095             57.9095E-09       132.95E-06   
              579.995             57.9995E-09       133.035E-06  
              580.895             58.0895E-09       133.141E-06  
              581.794             58.1795E-09       133.252E-06  
              582.695             58.2695E-09       133.364E-06  
              583.595             58.3595E-09       133.476E-06  
              584.495             58.4495E-09       133.767E-06  
              585.395             58.5395E-09       134.257E-06  
              586.294             58.6295E-09       134.74E-06   
              587.195             58.7195E-09       135.203E-06  
              588.095             58.8095E-09       135.644E-06  
              588.995             58.8995E-09       136.063E-06  
              589.895             58.9894E-09       136.448E-06  
              590.794             59.0795E-09       136.797E-06  
              591.695             59.1695E-09       137.117E-06  
              592.595             59.2595E-09       137.416E-06  
              593.495             59.3495E-09       137.698E-06  
              594.395             59.4395E-09       137.965E-06  
              595.294             59.5295E-09       138.4E-06    
              596.195             59.6195E-09       138.851E-06  
              597.095             59.7095E-09       139.283E-06  
              597.995             59.7995E-09       139.689E-06  
              598.895             59.8895E-09       140.07E-06   
              599.794             59.9795E-09       140.426E-06  
              600.695             60.0695E-09       140.784E-06  
              601.595             60.1595E-09       141.155E-06  
              602.495             60.2495E-09       141.761E-06  
              603.395             60.3395E-09       142.367E-06  
              604.294             60.4295E-09       142.964E-06  
              605.195             60.5195E-09       143.622E-06  
              606.095             60.6095E-09       144.241E-06  
              606.995             60.6995E-09       144.817E-06  
              607.895             60.7895E-09       145.354E-06  
              608.794             60.8795E-09       145.85E-06   
              609.695             60.9695E-09       146.309E-06  
              610.595             61.0594E-09       146.736E-06  
              611.495             61.1495E-09       147.135E-06  
              612.395             61.2395E-09       147.512E-06  
              613.294             61.3295E-09       147.87E-06   
              614.195             61.4195E-09       148.212E-06  
              615.095             61.5095E-09       148.539E-06  
              615.995             61.5995E-09       148.852E-06  
              616.895             61.6895E-09       149.152E-06  
              617.794             61.7794E-09       149.454E-06  
              618.695             61.8695E-09       149.761E-06  
              619.595             61.9595E-09       150.054E-06  
              620.495             62.0495E-09       150.335E-06  
              621.395             62.1395E-09       150.605E-06  
              622.294             62.2295E-09       150.866E-06  
              623.195             62.3195E-09       151.118E-06  
              624.095             62.4095E-09       151.363E-06  
              624.995             62.4994E-09       151.601E-06  
              625.895             62.5895E-09       151.832E-06  
              626.794             62.6795E-09       152.057E-06  
              627.695             62.7695E-09       152.277E-06  
              628.595             62.8595E-09       152.492E-06  
              629.495             62.9495E-09       152.679E-06  
              630.395             63.0395E-09       152.898E-06  
              631.294             63.1295E-09       153.105E-06  
              632.195             63.2195E-09       153.307E-06  
              633.095             63.3095E-09       153.505E-06  
              633.995             63.3995E-09       153.699E-06  
              634.895             63.4895E-09       153.89E-06   
              635.794             63.5794E-09       154.079E-06  
              636.695             63.6694E-09       154.264E-06  
              637.595             63.7594E-09       154.448E-06  
              638.495             63.8495E-09       154.629E-06  
              639.395             63.9395E-09       154.809E-06  
              640.294             64.0295E-09       154.986E-06  
              641.195             64.1195E-09       155.161E-06  
              642.095             64.2095E-09       155.335E-06  
              642.995             64.2994E-09       155.507E-06  
              643.895             64.3895E-09       155.678E-06  
              644.794             64.4794E-09       155.847E-06  
              645.695             64.5695E-09       156.015E-06  
              646.595             64.6595E-09       156.182E-06  
              647.495             64.7495E-09       156.348E-06  
              648.395             64.8395E-09       156.512E-06  
              649.294             64.9295E-09       156.675E-06  
              650.195             65.0194E-09       156.837E-06  
              651.095             65.1095E-09       156.998E-06  
              651.995             65.1994E-09       157.158E-06  
              652.895             65.2895E-09       157.318E-06  
              653.794             65.3795E-09       157.476E-06  
              654.695             65.4695E-09       157.634E-06  
              655.595             65.5595E-09       157.791E-06  
              656.495             65.6495E-09       157.947E-06  
              657.395             65.7395E-09       158.104E-06  
              658.294             65.8294E-09       158.259E-06  
              659.195             65.9195E-09       158.414E-06  
              660.095             66.0095E-09       158.568E-06  
              660.995             66.0995E-09       158.722E-06  
              661.895             66.1895E-09       158.875E-06  
              662.794             66.2795E-09       159.028E-06  
              663.695             66.3695E-09       159.181E-06  
              664.595             66.4595E-09       159.333E-06  
              665.495             66.5495E-09       159.508E-06  
              666.395             66.6395E-09       159.684E-06  
              667.294             66.7295E-09       159.857E-06  
              668.195             66.8195E-09       160.027E-06  
              669.095             66.9095E-09       160.089E-06  
              669.995             66.9995E-09       160.332E-06  
              670.895             67.0895E-09       160.509E-06  
              671.794             67.1795E-09       160.692E-06  
              672.695             67.2695E-09       160.865E-06  
              673.595             67.3595E-09       161.031E-06  
              674.495             67.4495E-09       161.194E-06  
              675.395             67.5395E-09       161.354E-06  
              676.294             67.6295E-09       161.512E-06  
              677.195             67.7195E-09       161.669E-06  
              678.095             67.8094E-09       161.826E-06  
              678.995             67.8995E-09       161.981E-06  
              679.895             67.9895E-09       162.136E-06  
              680.794             68.0795E-09       162.291E-06  
              681.695             68.1695E-09       162.445E-06  
              682.595             68.2595E-09       162.599E-06  
              683.495             68.3495E-09       162.752E-06  
              684.395             68.4395E-09       162.905E-06  
              685.294             68.5294E-09       163.057E-06  
              686.195             68.6195E-09       163.208E-06  
              687.095             68.7094E-09       163.36E-06   
              687.995             68.7995E-09       163.51E-06   
              688.895             68.8895E-09       163.66E-06   
              689.794             68.9795E-09       163.81E-06   
              690.695             69.0695E-09       163.96E-06   
              691.595             69.1595E-09       164.108E-06  
              692.495             69.2495E-09       164.257E-06  
              693.395             69.3395E-09       164.405E-06  
              694.294             69.4295E-09       164.553E-06  
              695.195             69.5195E-09       164.7E-06    
              696.095             69.6095E-09       164.847E-06  
              696.995             69.6995E-09       164.995E-06  
              697.895             69.7894E-09       165.142E-06  
              698.794             69.8795E-09       165.289E-06  
              699.695             69.9695E-09       165.436E-06  
              700.595             70.0595E-09       165.582E-06  
              701.495             70.1495E-09       165.729E-06  
              702.395             70.2395E-09       165.875E-06  
              703.294             70.3295E-09       166.022E-06  
              704.195             70.4195E-09       166.168E-06  
              705.095             70.5094E-09       166.32E-06   
              705.995             70.5994E-09       166.484E-06  
              706.895             70.6894E-09       166.646E-06  
              707.794             70.7794E-09       166.805E-06  
              708.695             70.8695E-09       166.962E-06  
              709.595             70.9595E-09       167.118E-06  
              710.495             71.0495E-09       167.273E-06  
              711.395             71.1395E-09       167.426E-06  
              712.294             71.2295E-09       167.579E-06  
              713.195             71.3195E-09       167.731E-06  
              714.095             71.4094E-09       167.882E-06  
              714.995             71.4995E-09       168.033E-06  
              715.895             71.5895E-09       168.183E-06  
              716.794             71.6795E-09       168.333E-06  
              717.695             71.7695E-09       168.483E-06  
              718.595             71.8595E-09       168.669E-06  
              719.495             71.9495E-09       168.792E-06  
              720.395             72.0395E-09       168.936E-06  
              721.294             72.1294E-09       169.082E-06  
              722.195             72.2195E-09       169.229E-06  
              723.095             72.3095E-09       169.377E-06  
              723.995             72.3995E-09       169.524E-06  
              724.895             72.4894E-09       169.672E-06  
              725.794             72.5795E-09       169.82E-06   
              726.695             72.6694E-09       169.967E-06  
              727.595             72.7595E-09       170.114E-06  
              728.495             72.8494E-09       170.261E-06  
              729.395             72.9395E-09       170.408E-06  
              730.294             73.0295E-09       170.555E-06  
              731.195             73.1195E-09       170.702E-06  
              732.095             73.2095E-09       170.849E-06  
              732.995             73.2995E-09       170.996E-06  
              733.895             73.3895E-09       171.143E-06  
              734.794             73.4795E-09       171.29E-06   
              735.695             73.5695E-09       171.247E-06  
              736.595             73.6595E-09       171.462E-06  
              737.495             73.7495E-09       171.615E-06  
              738.395             73.8395E-09       171.793E-06  
              739.294             73.9295E-09       171.959E-06  
              740.195             74.0195E-09       172.117E-06  
              741.095             74.1095E-09       172.271E-06  
              741.995             74.1995E-09       172.423E-06  
              742.895             74.2895E-09       172.572E-06  
              743.794             74.3795E-09       172.72E-06   
              744.695             74.4695E-09       172.868E-06  
              745.595             74.5594E-09       173.015E-06  
              746.495             74.6495E-09       173.161E-06  
              747.395             74.7394E-09       173.308E-06  
              748.294             74.8295E-09       173.454E-06  
              749.195             74.9195E-09       173.6E-06    
              750.095             75.0095E-09       173.746E-06  
              750.995             75.0995E-09       173.893E-06  
              751.895             75.1895E-09       174.039E-06  
              752.794             75.2794E-09       174.185E-06  
              753.695             75.3695E-09       174.331E-06  
              754.595             75.4594E-09       174.477E-06  
              755.495             75.5495E-09       174.624E-06  
              756.395             75.6395E-09       174.771E-06  
              757.294             75.7295E-09       174.917E-06  
              758.195             75.8195E-09       175.064E-06  
              759.095             75.9095E-09       175.211E-06  
              759.995             75.9995E-09       175.396E-06  
              760.895             76.0895E-09       175.58E-06   
              761.794             76.1795E-09       175.763E-06  
              762.695             76.2695E-09       175.943E-06  
              763.595             76.3595E-09       176.121E-06  
              764.495             76.4495E-09       176.296E-06  
              765.395             76.5395E-09       176.469E-06  
              766.294             76.6295E-09       176.64E-06   
              767.195             76.7194E-09       176.81E-06   
              768.095             76.8094E-09       176.978E-06  
              768.995             76.8995E-09       177.145E-06  
              769.895             76.9895E-09       177.311E-06  
              770.794             77.0795E-09       177.477E-06  
              771.695             77.1695E-09       177.641E-06  
              772.595             77.2595E-09       177.805E-06  
              773.495             77.3495E-09       177.968E-06  
              774.395             77.4395E-09       178.13E-06   
              775.294             77.5294E-09       178.292E-06  
              776.195             77.6195E-09       178.453E-06  
              777.095             77.7095E-09       178.614E-06  
              777.995             77.7995E-09       178.774E-06  
              778.895             77.8895E-09       178.933E-06  
              779.794             77.9795E-09       179.092E-06  
              780.695             78.0695E-09       179.25E-06   
              781.595             78.1595E-09       179.408E-06  
              782.495             78.2495E-09       179.565E-06  
              783.395             78.3395E-09       179.722E-06  
              784.294             78.4295E-09       179.982E-06  
              785.195             78.5195E-09       180.339E-06  
              786.095             78.6095E-09       180.696E-06  
              786.995             78.6994E-09       181.044E-06  
              787.895             78.7895E-09       181.383E-06  
              788.794             78.8795E-09       181.707E-06  
              789.695             78.9695E-09       182.015E-06  
              790.595             79.0595E-09       182.31E-06   
              791.495             79.1495E-09       182.592E-06  
              792.395             79.2395E-09       182.865E-06  
              793.294             79.3295E-09       183.126E-06  
              794.195             79.4194E-09       183.401E-06  
              795.095             79.5095E-09       183.831E-06  
              795.995             79.5994E-09       184.257E-06  
              796.895             79.6895E-09       184.67E-06   
              797.794             79.7795E-09       185.068E-06  
              798.695             79.8695E-09       185.448E-06  
              799.595             79.9595E-09       185.812E-06  
              800.495             80.0495E-09       186.161E-06  
              801.395             80.1395E-09       186.493E-06  
              802.294             80.2295E-09       186.81E-06   
              803.195             80.3195E-09       187.116E-06  
              804.095             80.4095E-09       187.411E-06  
              804.995             80.4995E-09       187.697E-06  
              805.895             80.5895E-09       187.976E-06  
              806.794             80.6795E-09       188.248E-06  
              807.695             80.7694E-09       188.513E-06  
              808.595             80.8594E-09       188.773E-06  
              809.495             80.9495E-09       189.028E-06  
              810.395             81.0395E-09       189.278E-06  
              811.294             81.1295E-09       189.523E-06  
              812.195             81.2195E-09       189.764E-06  
              813.095             81.3095E-09       190.001E-06  
              813.995             81.3995E-09       190.235E-06  
              814.895             81.4894E-09       190.465E-06  
              815.794             81.5795E-09       190.692E-06  
              816.695             81.6694E-09       190.916E-06  
              817.595             81.7595E-09       191.138E-06  
              818.495             81.8495E-09       191.358E-06  
              819.395             81.9395E-09       191.575E-06  
              820.294             82.0295E-09       191.791E-06  
              821.195             82.1195E-09       192.003E-06  
              822.095             82.2094E-09       192.214E-06  
              822.995             82.2995E-09       192.421E-06  
              823.895             82.3895E-09       192.627E-06  
              824.794             82.4795E-09       192.831E-06  
              825.695             82.5695E-09       193.033E-06  
              826.595             82.6595E-09       193.233E-06  
              827.495             82.7495E-09       193.432E-06  
              828.395             82.8395E-09       193.629E-06  
              829.294             82.9295E-09       193.825E-06  
              830.195             83.0195E-09       194.019E-06  
              831.095             83.1095E-09       194.213E-06  
              831.995             83.1995E-09       194.405E-06  
              832.895             83.2895E-09       194.596E-06  
              833.794             83.3795E-09       194.786E-06  
              834.695             83.4695E-09       194.975E-06  
              835.595             83.5595E-09       195.164E-06  
              836.495             83.6495E-09       195.351E-06  
              837.395             83.7394E-09       195.538E-06  
              838.294             83.8295E-09       195.724E-06  
              839.195             83.9195E-09       195.909E-06  
              840.095             84.0095E-09       196.094E-06  
              840.995             84.0995E-09       196.278E-06  
              841.895             84.1895E-09       196.461E-06  
              842.794             84.2795E-09       196.644E-06  
              843.695             84.3695E-09       196.826E-06  
              844.595             84.4595E-09       197.007E-06  
              845.495             84.5495E-09       197.188E-06  
              846.395             84.6395E-09       197.368E-06  
              847.294             84.7295E-09       197.548E-06  
              848.195             84.8195E-09       197.728E-06  
              849.095             84.9095E-09       197.907E-06  
              849.995             84.9995E-09       198.085E-06  
              850.895             85.0895E-09       198.263E-06  
              851.794             85.1795E-09       198.441E-06  
              852.695             85.2695E-09       198.619E-06  
              853.595             85.3595E-09       198.796E-06  
              854.495             85.4495E-09       198.972E-06  
              855.395             85.5395E-09       199.149E-06  
              856.294             85.6294E-09       199.324E-06  
              857.195             85.7195E-09       199.5E-06    
              858.095             85.8095E-09       199.439E-06  
              858.995             85.8995E-09       199.632E-06  
              859.895             85.9895E-09       199.894E-06  
              860.794             86.0795E-09       200.11E-06   
              861.695             86.1695E-09       200.301E-06  
              862.595             86.2595E-09       200.479E-06  
              863.495             86.3494E-09       200.663E-06  
              864.395             86.4395E-09       200.844E-06  
              865.294             86.5295E-09       201.024E-06  
              866.195             86.6195E-09       201.201E-06  
              867.095             86.7095E-09       201.378E-06  
              867.995             86.7995E-09       201.553E-06  
              868.895             86.8894E-09       201.728E-06  
              869.794             86.9795E-09       201.902E-06  
              870.695             87.0695E-09       202.075E-06  
              871.595             87.1595E-09       202.249E-06  
              872.495             87.2495E-09       202.421E-06  
              873.395             87.3395E-09       202.594E-06  
              874.294             87.4295E-09       202.766E-06  
              875.195             87.5195E-09       202.937E-06  
              876.095             87.6095E-09       203.109E-06  
              876.995             87.6994E-09       203.28E-06   
              877.895             87.7894E-09       203.462E-06  
              878.794             87.8795E-09       203.647E-06  
              879.695             87.9695E-09       203.83E-06   
              880.595             88.0595E-09       204.011E-06  
              881.495             88.1495E-09       204.338E-06  
              882.395             88.2395E-09       204.79E-06   
              883.294             88.3295E-09       205.237E-06  
              884.195             88.4194E-09       205.677E-06  
              885.095             88.5094E-09       206.103E-06  
              885.995             88.5995E-09       206.5E-06    
              886.895             88.6895E-09       206.864E-06  
              887.794             88.7795E-09       207.202E-06  
              888.695             88.8695E-09       207.522E-06  
              889.595             88.9595E-09       207.828E-06  
              890.495             89.0495E-09       208.123E-06  
              891.395             89.1395E-09       208.408E-06  
              892.294             89.2295E-09       208.685E-06  
              893.195             89.3195E-09       208.956E-06  
              894.095             89.4095E-09       209.298E-06  
              894.995             89.4995E-09       209.502E-06  
              895.895             89.5895E-09       209.74E-06   
              896.794             89.6795E-09       209.979E-06  
              897.695             89.7695E-09       210.215E-06  
              898.595             89.8595E-09       210.581E-06  
              899.495             89.9495E-09       211.108E-06  
              900.395             90.0395E-09       211.639E-06  
              901.294             90.1295E-09       212.162E-06  
              902.195             90.2195E-09       212.664E-06  
              903.095             90.3095E-09       213.139E-06  
              903.995             90.3995E-09       213.586E-06  
              904.895             90.4895E-09       213.995E-06  
              905.794             90.5795E-09       214.369E-06  
              906.695             90.6695E-09       214.72E-06   
              907.595             90.7595E-09       215.053E-06  
              908.495             90.8495E-09       215.372E-06  
              909.395             90.9395E-09       215.68E-06   
              910.294             91.0295E-09       215.979E-06  
              911.195             91.1195E-09       216.27E-06   
              912.095             91.2095E-09       216.554E-06  
              912.995             91.2995E-09       216.831E-06  
              913.895             91.3895E-09       217.104E-06  
              914.794             91.4795E-09       217.37E-06   
              915.695             91.5695E-09       217.652E-06  
              916.595             91.6595E-09       217.961E-06  
              917.495             91.7495E-09       218.264E-06  
              918.395             91.8394E-09       218.572E-06  
              919.294             91.9295E-09       218.929E-06  
              920.195             92.0195E-09       219.28E-06   
              921.095             92.1095E-09       219.623E-06  
              921.995             92.1995E-09       219.956E-06  
              922.895             92.2895E-09       220.59E-06   
              923.794             92.3794E-09       221.271E-06  
              924.695             92.4695E-09       221.943E-06  
              925.595             92.5594E-09       222.593E-06  
              926.495             92.6495E-09       223.203E-06  
              927.395             92.7395E-09       223.777E-06  
              928.294             92.8295E-09       224.307E-06  
              929.195             92.9195E-09       224.793E-06  
              930.095             93.0095E-09       225.244E-06  
              930.995             93.0994E-09       225.668E-06  
              931.895             93.1895E-09       226.071E-06  
              932.794             93.2794E-09       226.456E-06  
              933.695             93.3695E-09       226.826E-06  
              934.595             93.4595E-09       227.179E-06  
              935.495             93.5495E-09       227.517E-06  
              936.395             93.6395E-09       227.84E-06   
              937.294             93.7295E-09       228.149E-06  
              938.195             93.8195E-09       228.448E-06  
              939.095             93.9094E-09       228.737E-06  
              939.995             93.9995E-09       229.019E-06  
              940.895             94.0895E-09       229.293E-06  
              941.794             94.1795E-09       229.56E-06   
              942.695             94.2695E-09       229.822E-06  
              943.595             94.3595E-09       230.078E-06  
              944.495             94.4495E-09       230.329E-06  
              945.395             94.5395E-09       230.577E-06  
              946.294             94.6294E-09       230.819E-06  
              947.195             94.7195E-09       231.058E-06  
              948.095             94.8095E-09       231.294E-06  
              948.995             94.8995E-09       231.525E-06  
              949.895             94.9895E-09       231.754E-06  
              950.794             95.0795E-09       231.98E-06   
              951.695             95.1695E-09       232.202E-06  
              952.595             95.2595E-09       232.428E-06  
              953.495             95.3495E-09       232.644E-06  
              954.395             95.4395E-09       232.858E-06  
              955.294             95.5295E-09       233.071E-06  
              956.195             95.6195E-09       233.282E-06  
              957.095             95.7095E-09       233.491E-06  
              957.995             95.7994E-09       233.698E-06  
              958.895             95.8895E-09       233.904E-06  
              959.794             95.9795E-09       234.108E-06  
              960.695             96.0695E-09       234.311E-06  
              961.595             96.1595E-09       234.513E-06  
              962.495             96.2495E-09       234.713E-06  
              963.395             96.3395E-09       234.913E-06  
              964.294             96.4295E-09       235.111E-06  
              965.195             96.5195E-09       235.308E-06  
              966.095             96.6095E-09       235.504E-06  
              966.995             96.6995E-09       235.699E-06  
              967.895             96.7895E-09       235.893E-06  
              968.794             96.8795E-09       236.087E-06  
              969.695             96.9695E-09       236.28E-06   
              970.595             97.0595E-09       236.472E-06  
              971.495             97.1495E-09       236.668E-06  
              972.395             97.2395E-09       236.863E-06  
              973.294             97.3295E-09       237.055E-06  
              974.195             97.4195E-09       237.246E-06  
              975.095             97.5095E-09       237.436E-06  
              975.995             97.5995E-09       237.625E-06  
              976.895             97.6895E-09       237.814E-06  
              977.794             97.7795E-09       238.001E-06  
              978.695             97.8694E-09       238.189E-06  
              979.595             97.9595E-09       238.376E-06  
              980.495             98.0495E-09       238.562E-06  
              981.395             98.1395E-09       238.748E-06  
              982.294             98.2295E-09       238.947E-06  
              983.195             98.3195E-09       239.146E-06  
              984.095             98.4095E-09       239.344E-06  
              984.995             98.4995E-09       239.54E-06   
              985.895             98.5894E-09       239.735E-06  
              986.794             98.6795E-09       239.928E-06  
              987.695             98.7695E-09       240.12E-06   
              988.595             98.8595E-09       240.312E-06  
              989.495             98.9495E-09       240.502E-06  
              990.395             99.0395E-09       240.692E-06  
              991.294             99.1295E-09       240.881E-06  
              992.195             99.2195E-09       241.069E-06  
              993.095             99.3094E-09       241.257E-06  
              993.995             99.3995E-09       241.444E-06  
              994.895             99.4895E-09       241.632E-06  
              995.794             99.5795E-09       241.818E-06  
              996.695             99.6695E-09       242.005E-06  
              997.595             99.7595E-09       242.191E-06  
              998.495             99.8495E-09       242.377E-06  
              999.395             99.9395E-09       242.563E-06  
                1.00029E+03      100.E-09           241.369E-06  
                1.00119E+03      100.E-09           237.561E-06  
                1.00164E+03      100.E-09           235.733E-06  
                1.00198E+03      100.E-09           234.602E-06  
                1.00201E+03       98.6337E-09       121.85E-06   
                1.00201E+03       98.6337E-09        74.3117E-06 




