
                  X             Displacement          Force      

                0.                -0.                 0.         
                1.E-03           100.E-15             1.12305E-09
                2.E-03           200.E-15           705.781E-12  
                3.5E-03          350.E-15            70.4427E-12 
                5.75E-03         575.E-15             5.55354E-12
                9.125E-03        912.5E-15          545.344E-15  
               14.1875E-03         1.41875E-12       54.4662E-15 
               21.7812E-03         2.17813E-12        5.44649E-15
               33.1719E-03         3.31719E-12      544.604E-18  
               50.2578E-03         5.02578E-12       54.4593E-18 
               75.8867E-03         7.58867E-12        5.44559E-18
              114.33E-03          11.433E-12        544.533E-21  
              171.995E-03         17.1995E-12        54.4481E-21 
              258.493E-03         25.8493E-12         5.44419E-21
              388.239E-03         38.8239E-12       544.35E-24   
              582.859E-03         58.2859E-12        54.4247E-24 
              874.788E-03         87.4788E-12         5.44088E-24
                1.31268          131.268E-12        543.85E-27   
                1.96952          196.952E-12         54.3494E-27 
                2.76952          276.952E-12          5.43059E-27
                3.56952          356.952E-12        542.625E-30  
                4.36952          436.952E-12         54.219E-30  
                5.16952          516.952E-12          5.41756E-30
                5.96952          596.952E-12        541.322E-33  
                6.76952          676.952E-12         54.0888E-33 
                7.56952          756.952E-12          5.40453E-33
                8.36952          836.952E-12        540.019E-36  
                9.16952          916.952E-12         53.9585E-36 
                9.96952          996.952E-12        411.121E-09  
               10.7695             1.07695E-09        1.16265E-06
               11.5695             1.15695E-09        1.91364E-06
               12.3695             1.23695E-09        2.66397E-06
               13.1695             1.31695E-09        3.39548E-06
               13.9695             1.39695E-09        4.05803E-06
               14.7695             1.47695E-09        4.63123E-06
               15.5695             1.55695E-09        5.06298E-06
               16.3695             1.63695E-09        5.38857E-06
               17.1695             1.71695E-09        5.66896E-06
               17.9695             1.79695E-09        5.92664E-06
               18.7695             1.87695E-09        6.16443E-06
               19.5695             1.95695E-09        6.38071E-06
               20.3695             2.03695E-09        6.57516E-06
               21.1695             2.11695E-09        6.75176E-06
               21.9695             2.19695E-09        6.91455E-06
               22.7695             2.27695E-09        7.0661E-06 
               23.5695             2.35695E-09        7.20894E-06
               24.3695             2.43695E-09        7.34521E-06
               25.1695             2.51695E-09        7.47643E-06
               25.9695             2.59695E-09        7.60369E-06
               26.7695             2.67695E-09        7.72766E-06
               27.5695             2.75695E-09        7.84842E-06
               28.3695             2.83695E-09        7.96607E-06
               29.1695             2.91695E-09        8.08068E-06
               29.9695             2.99695E-09        8.19247E-06
               30.7695             3.07695E-09        8.30158E-06
               31.5695             3.15695E-09        8.40813E-06
               32.3695             3.23695E-09        8.5121E-06 
               33.1695             3.31695E-09        8.61346E-06
               33.9695             3.39695E-09        8.71213E-06
               34.7695             3.47695E-09        8.80804E-06
               35.5695             3.55695E-09        8.90111E-06
               36.3695             3.63695E-09        8.99126E-06
               37.1695             3.71695E-09        9.07851E-06
               37.9695             3.79695E-09        9.16292E-06
               38.7695             3.87695E-09        9.24454E-06
               39.5695             3.95695E-09        9.32332E-06
               40.3695             4.03695E-09        9.39919E-06
               41.1695             4.11695E-09        9.47204E-06
               41.9695             4.19695E-09        9.54187E-06
               42.7695             4.27695E-09        9.60868E-06
               43.5695             4.35695E-09        9.67261E-06
               44.3695             4.43695E-09        9.73386E-06
               45.1695             4.51695E-09        9.79268E-06
               45.9695             4.59695E-09        9.84931E-06
               46.7695             4.67695E-09        9.90392E-06
               47.5695             4.75695E-09        9.95669E-06
               48.3695             4.83695E-09       10.0077E-06 
               49.1695             4.91695E-09       10.0571E-06 
               49.9695             4.99695E-09       10.1049E-06 
               50.7695             5.07695E-09       10.1512E-06 
               51.5695             5.15695E-09       10.1961E-06 
               52.3695             5.23695E-09       10.2395E-06 
               53.1695             5.31695E-09       10.2817E-06 
               53.9695             5.39695E-09       10.3228E-06 
               54.7695             5.47695E-09       10.3627E-06 
               55.5695             5.55695E-09       10.4017E-06 
               56.3695             5.63695E-09       10.4397E-06 
               57.1695             5.71695E-09       10.4768E-06 
               57.9695             5.79695E-09       10.5129E-06 
               58.7695             5.87695E-09       10.5482E-06 
               59.5695             5.95695E-09       10.5827E-06 
               60.3695             6.03695E-09       10.6164E-06 
               61.1695             6.11695E-09       11.1902E-06 
               61.9695             6.19695E-09       12.1828E-06 
               62.7695             6.27695E-09       13.1565E-06 
               63.5695             6.35695E-09       14.4049E-06 
               64.3695             6.43695E-09       15.8673E-06 
               65.1695             6.51695E-09       17.277E-06  
               65.9695             6.59695E-09       18.6203E-06 
               66.7695             6.67695E-09       19.8837E-06 
               67.5695             6.75695E-09       21.0655E-06 
               68.3695             6.83695E-09       22.1617E-06 
               69.1695             6.91695E-09       23.1707E-06 
               69.9695             6.99695E-09       24.095E-06  
               70.7695             7.07695E-09       24.9411E-06 
               71.5695             7.15695E-09       25.7141E-06 
               72.3695             7.23695E-09       26.4176E-06 
               73.1695             7.31695E-09       27.0574E-06 
               73.9695             7.39695E-09       27.6437E-06 
               74.7695             7.47695E-09       28.186E-06  
               75.5695             7.55695E-09       28.6909E-06 
               76.3695             7.63695E-09       29.1626E-06 
               77.1695             7.71695E-09       29.6045E-06 
               77.9695             7.79695E-09       30.0199E-06 
               78.7695             7.87695E-09       30.4124E-06 
               79.5695             7.95695E-09       30.7851E-06 
               80.3695             8.03695E-09       31.1398E-06 
               81.1695             8.11695E-09       31.4777E-06 
               81.9695             8.19695E-09       31.8001E-06 
               82.7695             8.27695E-09       32.108E-06  
               83.5695             8.35695E-09       32.4023E-06 
               84.3695             8.43695E-09       32.684E-06  
               85.1695             8.51695E-09       32.9539E-06 
               85.9695             8.59695E-09       33.2129E-06 
               86.7695             8.67695E-09       33.4619E-06 
               87.5695             8.75695E-09       33.7019E-06 
               88.3695             8.83695E-09       33.9336E-06 
               89.1695             8.91695E-09       34.1575E-06 
               89.9695             8.99695E-09       34.3739E-06 
               90.7695             9.07695E-09       34.5832E-06 
               91.5695             9.15695E-09       34.7855E-06 
               92.3695             9.23695E-09       34.9812E-06 
               93.1695             9.31695E-09       35.1707E-06 
               93.9695             9.39695E-09       35.3541E-06 
               94.7695             9.47695E-09       35.5321E-06 
               95.5695             9.55695E-09       35.7049E-06 
               96.3695             9.63695E-09       35.873E-06  
               97.1695             9.71695E-09       36.0366E-06 
               97.9695             9.79695E-09       36.196E-06  
               98.7695             9.87695E-09       36.3514E-06 
               99.5695             9.95695E-09       36.5031E-06 
              100.37              10.037E-09         36.6513E-06 
              101.17              10.117E-09         36.7961E-06 
              101.97              10.197E-09         36.9377E-06 
              102.77              10.277E-09         37.0761E-06 
              103.57              10.357E-09         37.2116E-06 
              104.37              10.437E-09         37.3443E-06 
              105.17              10.517E-09         37.4741E-06 
              105.97              10.597E-09         37.6012E-06 
              106.77              10.677E-09         37.7257E-06 
              107.57              10.757E-09         37.8477E-06 
              108.37              10.837E-09         37.9673E-06 
              109.17              10.917E-09         38.0846E-06 
              109.97              10.997E-09         38.1996E-06 
              110.77              11.077E-09         38.3125E-06 
              111.57              11.157E-09         38.4233E-06 
              112.37              11.237E-09         38.532E-06  
              113.17              11.317E-09         38.6389E-06 
              113.97              11.397E-09         38.7438E-06 
              114.77              11.477E-09         38.853E-06  
              115.57              11.557E-09         39.1708E-06 
              116.37              11.637E-09         39.4813E-06 
              117.17              11.717E-09         40.06E-06   
              117.97              11.797E-09         40.6216E-06 
              118.77              11.877E-09         41.1505E-06 
              119.57              11.957E-09         41.6427E-06 
              120.37              12.037E-09         42.2878E-06 
              121.17              12.117E-09         43.1005E-06 
              121.97              12.197E-09         44.0222E-06 
              122.77              12.277E-09         44.8932E-06 
              123.57              12.357E-09         45.7106E-06 
              124.37              12.437E-09         46.4756E-06 
              125.17              12.517E-09         47.1905E-06 
              125.97              12.597E-09         47.8572E-06 
              126.77              12.677E-09         48.481E-06  
              127.57              12.757E-09         49.0645E-06 
              128.37              12.837E-09         49.6071E-06 
              129.17              12.917E-09         50.1065E-06 
              129.97              12.997E-09         50.5657E-06 
              130.77              13.077E-09         50.9911E-06 
              131.57              13.157E-09         51.3876E-06 
              132.37              13.237E-09         51.7579E-06 
              133.17              13.317E-09         52.1055E-06 
              133.97              13.397E-09         52.4335E-06 
              134.77              13.477E-09         52.7442E-06 
              135.57              13.557E-09         53.039E-06  
              136.37              13.637E-09         53.3196E-06 
              137.17              13.717E-09         53.5874E-06 
              137.97              13.797E-09         53.8433E-06 
              138.77              13.877E-09         54.0882E-06 
              139.57              13.957E-09         54.323E-06  
              140.37              14.037E-09         54.5483E-06 
              141.17              14.117E-09         54.7651E-06 
              141.97              14.197E-09         54.974E-06  
              142.77              14.277E-09         55.1759E-06 
              143.57              14.357E-09         55.3713E-06 
              144.37              14.437E-09         55.561E-06  
              145.17              14.517E-09         55.7458E-06 
              145.97              14.597E-09         55.9261E-06 
              146.77              14.677E-09         56.1023E-06 
              147.57              14.757E-09         56.2747E-06 
              148.37              14.837E-09         56.4436E-06 
              149.17              14.917E-09         56.6092E-06 
              149.97              14.997E-09         56.7716E-06 
              150.77              15.077E-09         56.9309E-06 
              151.57              15.157E-09         57.0874E-06 
              152.37              15.237E-09         57.2413E-06 
              153.17              15.317E-09         57.3924E-06 
              153.97              15.397E-09         57.5409E-06 
              154.77              15.477E-09         57.6868E-06 
              155.57              15.557E-09         57.8304E-06 
              156.37              15.637E-09         57.9718E-06 
              157.17              15.717E-09         58.1111E-06 
              157.97              15.797E-09         58.2483E-06 
              158.77              15.877E-09         58.3835E-06 
              159.57              15.957E-09         58.5168E-06 
              160.37              16.037E-09         58.6483E-06 
              161.17              16.117E-09         58.7781E-06 
              161.97              16.197E-09         58.9062E-06 
              162.77              16.277E-09         59.0328E-06 
              163.57              16.357E-09         59.1579E-06 
              164.37              16.437E-09         59.2815E-06 
              165.17              16.517E-09         59.4037E-06 
              165.97              16.597E-09         59.5245E-06 
              166.77              16.677E-09         59.6442E-06 
              167.57              16.757E-09         59.7625E-06 
              168.37              16.837E-09         59.8796E-06 
              169.17              16.917E-09         59.9955E-06 
              169.97              16.997E-09         60.1104E-06 
              170.77              17.077E-09         60.224E-06  
              171.57              17.157E-09         60.3365E-06 
              172.37              17.237E-09         60.4479E-06 
              173.17              17.317E-09         60.558E-06  
              173.97              17.397E-09         60.6669E-06 
              174.77              17.477E-09         60.7748E-06 
              175.57              17.557E-09         60.8816E-06 
              176.37              17.637E-09         60.9874E-06 
              177.17              17.717E-09         61.0923E-06 
              177.97              17.797E-09         61.1965E-06 
              178.77              17.877E-09         61.2999E-06 
              179.57              17.957E-09         61.4023E-06 
              180.37              18.037E-09         61.504E-06  
              181.17              18.117E-09         61.6049E-06 
              181.97              18.197E-09         61.7051E-06 
              182.77              18.277E-09         61.8045E-06 
              183.57              18.357E-09         61.9032E-06 
              184.37              18.437E-09         62.0011E-06 
              185.17              18.517E-09         62.0984E-06 
              185.97              18.597E-09         62.195E-06  
              186.77              18.677E-09         62.291E-06  
              187.57              18.757E-09         62.3864E-06 
              188.37              18.837E-09         62.4813E-06 
              189.17              18.917E-09         62.5755E-06 
              189.97              18.997E-09         62.6689E-06 
              190.77              19.077E-09         62.7618E-06 
              191.57              19.157E-09         62.8542E-06 
              192.37              19.237E-09         62.9459E-06 
              193.17              19.317E-09         63.0369E-06 
              193.97              19.397E-09         63.1272E-06 
              194.77              19.477E-09         63.217E-06  
              195.57              19.557E-09         63.3062E-06 
              196.37              19.637E-09         63.3948E-06 
              197.17              19.717E-09         63.4829E-06 
              197.97              19.797E-09         63.5705E-06 
              198.77              19.877E-09         63.6577E-06 
              199.57              19.957E-09         63.7444E-06 
              200.37              20.037E-09         63.8307E-06 
              201.17              20.117E-09         63.9165E-06 
              201.97              20.197E-09         64.0018E-06 
              202.77              20.277E-09         64.0866E-06 
              203.57              20.357E-09         64.171E-06  
              204.37              20.437E-09         64.255E-06  
              205.17              20.517E-09         64.3387E-06 
              205.97              20.597E-09         64.422E-06  
              206.77              20.677E-09         64.5049E-06 
              207.57              20.757E-09         64.5876E-06 
              208.37              20.837E-09         64.6699E-06 
              209.17              20.917E-09         64.7519E-06 
              209.97              20.997E-09         64.8335E-06 
              210.77              21.077E-09         64.9149E-06 
              211.57              21.157E-09         64.9959E-06 
              212.37              21.237E-09         65.0766E-06 
              213.17              21.317E-09         65.1569E-06 
              213.97              21.397E-09         65.2372E-06 
              214.77              21.477E-09         65.3172E-06 
              215.57              21.557E-09         65.397E-06  
              216.37              21.637E-09         65.4765E-06 
              217.17              21.717E-09         65.5558E-06 
              217.97              21.797E-09         65.6347E-06 
              218.77              21.877E-09         65.7132E-06 
              219.57              21.957E-09         65.7914E-06 
              220.37              22.037E-09         65.8692E-06 
              221.17              22.117E-09         65.9467E-06 
              221.97              22.197E-09         66.0239E-06 
              222.77              22.277E-09         66.1008E-06 
              223.57              22.357E-09         66.1774E-06 
              224.37              22.437E-09         66.2538E-06 
              225.17              22.517E-09         66.33E-06   
              225.97              22.597E-09         66.5925E-06 
              226.77              22.677E-09         67.0639E-06 
              227.57              22.757E-09         67.5339E-06 
              228.37              22.837E-09         67.9865E-06 
              229.17              22.917E-09         68.4218E-06 
              229.97              22.997E-09         68.8391E-06 
              230.77              23.077E-09         69.2375E-06 
              231.57              23.157E-09         69.6146E-06 
              232.37              23.237E-09         69.9646E-06 
              233.17              23.317E-09         70.2827E-06 
              233.97              23.397E-09         70.5697E-06 
              234.77              23.477E-09         70.8312E-06 
              235.57              23.557E-09         71.0724E-06 
              236.37              23.637E-09         71.2962E-06 
              237.17              23.717E-09         71.5052E-06 
              237.97              23.797E-09         71.7012E-06 
              238.77              23.877E-09         71.8862E-06 
              239.57              23.957E-09         72.0627E-06 
              240.37              24.037E-09         72.2319E-06 
              241.17              24.117E-09         72.6138E-06 
              241.97              24.197E-09         73.1068E-06 
              242.77              24.277E-09         73.5885E-06 
              243.57              24.357E-09         74.0516E-06 
              244.37              24.437E-09         74.4929E-06 
              245.17              24.517E-09         74.9075E-06 
              245.97              24.597E-09         75.2898E-06 
              246.77              24.677E-09         75.6439E-06 
              247.57              24.757E-09         75.9742E-06 
              248.37              24.837E-09         76.282E-06  
              249.17              24.917E-09         76.5679E-06 
              249.97              24.997E-09         76.834E-06  
              250.77              25.077E-09         77.0829E-06 
              251.57              25.157E-09         77.3169E-06 
              252.37              25.237E-09         77.538E-06  
              253.17              25.317E-09         77.7479E-06 
              253.97              25.397E-09         77.9482E-06 
              254.77              25.477E-09         78.1394E-06 
              255.57              25.557E-09         78.3791E-06 
              256.37              25.637E-09         78.6882E-06 
              257.17              25.717E-09         78.9852E-06 
              257.97              25.797E-09         79.2674E-06 
              258.77              25.877E-09         79.5364E-06 
              259.57              25.957E-09         79.7934E-06 
              260.37              26.037E-09         80.0396E-06 
              261.17              26.117E-09         80.2761E-06 
              261.97              26.197E-09         80.5039E-06 
              262.77              26.277E-09         80.7242E-06 
              263.57              26.357E-09         80.9378E-06 
              264.37              26.437E-09         81.1451E-06 
              265.17              26.517E-09         81.3463E-06 
              265.97              26.597E-09         81.5416E-06 
              266.77              26.677E-09         81.7308E-06 
              267.57              26.757E-09         81.9139E-06 
              268.37              26.837E-09         82.0911E-06 
              269.17              26.917E-09         82.2627E-06 
              269.97              26.997E-09         82.4289E-06 
              270.77              27.077E-09         82.59E-06   
              271.57              27.1569E-09        82.7465E-06 
              272.37              27.237E-09         82.9001E-06 
              273.17              27.317E-09         83.0512E-06 
              273.97              27.397E-09         83.1999E-06 
              274.77              27.477E-09         83.3454E-06 
              275.57              27.557E-09         83.4882E-06 
              276.37              27.637E-09         83.6283E-06 
              277.17              27.717E-09         83.7656E-06 
              277.97              27.797E-09         83.9003E-06 
              278.77              27.877E-09         84.0324E-06 
              279.57              27.957E-09         84.1623E-06 
              280.37              28.037E-09         84.2901E-06 
              281.17              28.117E-09         84.416E-06  
              281.97              28.197E-09         84.5398E-06 
              282.77              28.277E-09         84.6618E-06 
              283.57              28.357E-09         84.7821E-06 
              284.37              28.437E-09         84.9005E-06 
              285.17              28.517E-09         85.0174E-06 
              285.97              28.597E-09         85.1328E-06 
              286.77              28.677E-09         85.2466E-06 
              287.57              28.757E-09         85.4411E-06 
              288.37              28.837E-09         85.6463E-06 
              289.17              28.917E-09         85.844E-06  
              289.97              28.997E-09         86.0339E-06 
              290.77              29.077E-09         86.2164E-06 
              291.57              29.157E-09         86.3927E-06 
              292.37              29.237E-09         86.5646E-06 
              293.17              29.317E-09         86.7318E-06 
              293.97              29.397E-09         86.8942E-06 
              294.77              29.477E-09         87.0521E-06 
              295.57              29.557E-09         87.205E-06  
              296.37              29.637E-09         87.3532E-06 
              297.17              29.717E-09         87.4975E-06 
              297.97              29.797E-09         87.6382E-06 
              298.77              29.877E-09         87.7754E-06 
              299.57              29.957E-09         87.9093E-06 
              300.37              30.037E-09         88.0405E-06 
              301.17              30.117E-09         88.1691E-06 
              301.97              30.197E-09         88.2952E-06 
              302.77              30.277E-09         88.419E-06  
              303.57              30.357E-09         88.5408E-06 
              304.37              30.437E-09         88.6604E-06 
              305.17              30.517E-09         88.7778E-06 
              305.97              30.597E-09         88.8934E-06 
              306.77              30.677E-09         89.0073E-06 
              307.57              30.757E-09         89.1574E-06 
              308.37              30.837E-09         89.4515E-06 
              309.17              30.917E-09         89.7488E-06 
              309.97              30.997E-09         90.0404E-06 
              310.77              31.077E-09         90.3253E-06 
              311.57              31.157E-09         90.6029E-06 
              312.37              31.237E-09         90.8727E-06 
              313.17              31.317E-09         91.3721E-06 
              313.97              31.397E-09         91.8895E-06 
              314.77              31.477E-09         92.389E-06  
              315.57              31.557E-09         92.8636E-06 
              316.37              31.637E-09         93.3102E-06 
              317.17              31.7169E-09        93.7302E-06 
              317.97              31.797E-09         94.2957E-06 
              318.77              31.877E-09         94.9847E-06 
              319.57              31.957E-09         94.8225E-06 
              320.37              32.037E-09         95.2097E-06 
              321.17              32.117E-09         95.669E-06  
              321.97              32.197E-09         96.2137E-06 
              322.77              32.277E-09         96.7469E-06 
              323.57              32.357E-09         97.2604E-06 
              324.37              32.437E-09         97.7492E-06 
              325.17              32.517E-09         98.2133E-06 
              325.97              32.597E-09         98.6529E-06 
              326.77              32.677E-09         99.0654E-06 
              327.57              32.757E-09         99.4503E-06 
              328.37              32.837E-09         99.8101E-06 
              329.17              32.917E-09        100.148E-06  
              329.97              32.997E-09        100.466E-06  
              330.77              33.077E-09        100.763E-06  
              331.57              33.157E-09        101.044E-06  
              332.37              33.237E-09        101.308E-06  
              333.17              33.317E-09        101.557E-06  
              333.97              33.397E-09        101.791E-06  
              334.77              33.477E-09        102.012E-06  
              335.57              33.557E-09        102.222E-06  
              336.37              33.637E-09        102.421E-06  
              337.17              33.717E-09        102.726E-06  
              337.97              33.797E-09        103.083E-06  
              338.77              33.877E-09        103.425E-06  
              339.57              33.957E-09        103.749E-06  
              340.37              34.037E-09        104.054E-06  
              341.17              34.117E-09        104.343E-06  
              341.97              34.197E-09        104.617E-06  
              342.77              34.277E-09        104.878E-06  
              343.57              34.357E-09        105.127E-06  
              344.37              34.437E-09        105.366E-06  
              345.17              34.517E-09        105.595E-06  
              345.97              34.597E-09        105.817E-06  
              346.77              34.677E-09        106.031E-06  
              347.57              34.757E-09        106.238E-06  
              348.37              34.837E-09        106.439E-06  
              349.17              34.917E-09        106.634E-06  
              349.97              34.997E-09        106.824E-06  
              350.77              35.077E-09        107.01E-06   
              351.57              35.157E-09        107.191E-06  
              352.37              35.237E-09        107.368E-06  
              353.17              35.317E-09        107.541E-06  
              353.97              35.397E-09        107.711E-06  
              354.77              35.4769E-09       107.878E-06  
              355.57              35.557E-09        108.042E-06  
              356.37              35.637E-09        108.202E-06  
              357.17              35.717E-09        108.36E-06   
              357.97              35.797E-09        108.515E-06  
              358.77              35.877E-09        108.668E-06  
              359.57              35.957E-09        108.818E-06  
              360.37              36.037E-09        108.965E-06  
              361.17              36.117E-09        109.111E-06  
              361.97              36.1969E-09       109.254E-06  
              362.77              36.277E-09        109.395E-06  
              363.57              36.357E-09        109.533E-06  
              364.37              36.437E-09        109.67E-06   
              365.17              36.5169E-09       109.804E-06  
              365.97              36.597E-09        109.937E-06  
              366.77              36.677E-09        110.07E-06   
              367.57              36.757E-09        110.198E-06  
              368.37              36.837E-09        110.327E-06  
              369.17              36.917E-09        110.454E-06  
              369.97              36.997E-09        110.58E-06   
              370.77              37.077E-09        110.705E-06  
              371.57              37.157E-09        110.829E-06  
              372.37              37.2369E-09       110.953E-06  
              373.17              37.317E-09        111.075E-06  
              373.97              37.397E-09        111.197E-06  
              374.77              37.477E-09        111.318E-06  
              375.57              37.5569E-09       111.438E-06  
              376.37              37.637E-09        111.558E-06  
              377.17              37.717E-09        111.677E-06  
              377.97              37.797E-09        111.795E-06  
              378.77              37.877E-09        111.913E-06  
              379.57              37.957E-09        112.031E-06  
              380.37              38.037E-09        112.131E-06  
              381.17              38.117E-09        112.261E-06  
              381.97              38.197E-09        112.382E-06  
              382.77              38.277E-09        112.512E-06  
              383.57              38.357E-09        112.626E-06  
              384.37              38.437E-09        112.74E-06   
              385.17              38.517E-09        112.855E-06  
              385.97              38.597E-09        112.969E-06  
              386.77              38.677E-09        113.084E-06  
              387.57              38.757E-09        113.198E-06  
              388.37              38.837E-09        113.312E-06  
              389.17              38.917E-09        113.425E-06  
              389.97              38.997E-09        113.538E-06  
              390.77              39.077E-09        113.65E-06   
              391.57              39.157E-09        113.763E-06  
              392.37              39.2369E-09       113.875E-06  
              393.17              39.317E-09        113.988E-06  
              393.97              39.397E-09        114.1E-06    
              394.77              39.477E-09        114.205E-06  
              395.57              39.5569E-09       114.321E-06  
              396.37              39.637E-09        114.434E-06  
              397.17              39.717E-09        114.547E-06  
              397.97              39.797E-09        114.659E-06  
              398.77              39.877E-09        114.771E-06  
              399.57              39.957E-09        114.882E-06  
              400.37              40.037E-09        114.994E-06  
              401.17              40.117E-09        115.105E-06  
              401.97              40.197E-09        115.216E-06  
              402.77              40.277E-09        115.327E-06  
              403.57              40.357E-09        115.437E-06  
              404.37              40.437E-09        115.548E-06  
              405.17              40.517E-09        115.658E-06  
              405.97              40.597E-09        115.768E-06  
              406.77              40.677E-09        115.878E-06  
              407.57              40.757E-09        115.988E-06  
              408.37              40.837E-09        116.098E-06  
              409.17              40.917E-09        116.208E-06  
              409.97              40.9969E-09       116.318E-06  
              410.77              41.077E-09        116.427E-06  
              411.57              41.157E-09        116.608E-06  
              412.37              41.237E-09        116.669E-06  
              413.17              41.317E-09        116.767E-06  
              413.97              41.397E-09        116.872E-06  
              414.77              41.477E-09        116.979E-06  
              415.57              41.557E-09        117.088E-06  
              416.37              41.637E-09        117.197E-06  
              417.17              41.717E-09        117.305E-06  
              417.97              41.797E-09        117.414E-06  
              418.77              41.877E-09        117.523E-06  
              419.57              41.957E-09        117.632E-06  
              420.37              42.0369E-09       117.741E-06  
              421.17              42.117E-09        117.85E-06   
              421.97              42.197E-09        117.959E-06  
              422.77              42.277E-09        118.069E-06  
              423.57              42.3569E-09       118.179E-06  
              424.37              42.437E-09        118.288E-06  
              425.17              42.517E-09        118.398E-06  
              425.97              42.597E-09        118.508E-06  
              426.77              42.677E-09        118.617E-06  
              427.57              42.757E-09        118.727E-06  
              428.37              42.837E-09        118.836E-06  
              429.17              42.917E-09        118.946E-06  
              429.97              42.997E-09        119.056E-06  
              430.77              43.077E-09        119.165E-06  
              431.57              43.157E-09        119.275E-06  
              432.37              43.237E-09        119.384E-06  
              433.17              43.317E-09        119.493E-06  
              433.97              43.3969E-09       119.602E-06  
              434.77              43.477E-09        119.589E-06  
              435.57              43.557E-09        119.807E-06  
              436.37              43.637E-09        119.922E-06  
              437.17              43.717E-09        120.052E-06  
              437.97              43.797E-09        120.174E-06  
              438.77              43.877E-09        120.29E-06   
              439.57              43.957E-09        120.404E-06  
              440.37              44.0369E-09       120.515E-06  
              441.17              44.117E-09        120.625E-06  
              441.97              44.197E-09        120.734E-06  
              442.77              44.277E-09        120.843E-06  
              443.57              44.357E-09        120.952E-06  
              444.37              44.437E-09        121.06E-06   
              445.17              44.517E-09        121.168E-06  
              445.97              44.597E-09        121.276E-06  
              446.77              44.677E-09        121.384E-06  
              447.57              44.757E-09        121.491E-06  
              448.37              44.837E-09        121.598E-06  
              449.17              44.917E-09        121.706E-06  
              449.97              44.997E-09        121.813E-06  
              450.77              45.077E-09        121.92E-06   
              451.57              45.157E-09        122.027E-06  
              452.37              45.237E-09        122.134E-06  
              453.17              45.317E-09        122.241E-06  
              453.97              45.3969E-09       122.348E-06  
              454.77              45.477E-09        122.455E-06  
              455.57              45.557E-09        122.562E-06  
              456.37              45.637E-09        122.669E-06  
              457.17              45.717E-09        122.777E-06  
              457.97              45.797E-09        122.884E-06  
              458.77              45.877E-09        122.991E-06  
              459.57              45.957E-09        123.099E-06  
              460.37              46.037E-09        123.206E-06  
              461.17              46.117E-09        123.314E-06  
              461.97              46.197E-09        123.421E-06  
              462.77              46.277E-09        123.528E-06  
              463.57              46.357E-09        123.636E-06  
              464.37              46.437E-09        123.743E-06  
              465.17              46.517E-09        123.85E-06   
              465.97              46.597E-09        123.958E-06  
              466.77              46.677E-09        124.065E-06  
              467.57              46.757E-09        124.173E-06  
              468.37              46.8369E-09       124.28E-06   
              469.17              46.917E-09        124.387E-06  
              469.97              46.997E-09        124.495E-06  
              470.77              47.077E-09        124.602E-06  
              471.57              47.157E-09        124.71E-06   
              472.37              47.237E-09        124.818E-06  
              473.17              47.317E-09        124.925E-06  
              473.97              47.397E-09        125.032E-06  
              474.77              47.477E-09        125.14E-06   
              475.57              47.557E-09        125.247E-06  
              476.37              47.637E-09        125.355E-06  
              477.17              47.717E-09        125.462E-06  
              477.97              47.797E-09        125.57E-06   
              478.77              47.8769E-09       125.677E-06  
              479.57              47.957E-09        125.785E-06  
              480.37              48.037E-09        125.892E-06  
              481.17              48.117E-09        126.E-06     
              481.97              48.197E-09        126.108E-06  
              482.77              48.277E-09        126.216E-06  
              483.57              48.357E-09        126.324E-06  
              484.37              48.437E-09        126.432E-06  
              485.17              48.517E-09        126.54E-06   
              485.97              48.597E-09        126.648E-06  
              486.77              48.677E-09        126.876E-06  
              487.57              48.757E-09        127.251E-06  
              488.37              48.8369E-09       127.626E-06  
              489.17              48.917E-09        127.989E-06  
              489.97              48.997E-09        128.335E-06  
              490.77              49.077E-09        128.664E-06  
              491.57              49.157E-09        128.977E-06  
              492.37              49.2369E-09       129.273E-06  
              493.17              49.317E-09        129.552E-06  
              493.97              49.397E-09        129.812E-06  
              494.77              49.477E-09        130.055E-06  
              495.57              49.557E-09        130.286E-06  
              496.37              49.637E-09        130.505E-06  
              497.17              49.717E-09        130.717E-06  
              497.97              49.797E-09        130.92E-06   
              498.77              49.8769E-09       131.117E-06  
              499.57              49.957E-09        131.309E-06  
              500.37              50.037E-09        131.495E-06  
              501.17              50.117E-09        131.676E-06  
              501.97              50.197E-09        131.853E-06  
              502.77              50.277E-09        132.026E-06  
              503.57              50.357E-09        132.194E-06  
              504.37              50.437E-09        132.359E-06  
              505.17              50.517E-09        132.519E-06  
              505.97              50.597E-09        132.677E-06  
              506.77              50.677E-09        132.831E-06  
              507.57              50.757E-09        132.983E-06  
              508.37              50.837E-09        133.133E-06  
              509.17              50.917E-09        133.281E-06  
              509.97              50.997E-09        133.427E-06  
              510.77              51.077E-09        133.571E-06  
              511.57              51.157E-09        133.713E-06  
              512.37              51.2369E-09       133.855E-06  
              513.169             51.317E-09        133.995E-06  
              513.97              51.397E-09        134.134E-06  
              514.77              51.477E-09        134.272E-06  
              515.57              51.557E-09        134.41E-06   
              516.37              51.6369E-09       134.545E-06  
              517.169             51.717E-09        134.679E-06  
              517.97              51.797E-09        134.813E-06  
              518.77              51.877E-09        134.945E-06  
              519.57              51.957E-09        135.077E-06  
              520.37              52.037E-09        135.208E-06  
              521.169             52.117E-09        135.338E-06  
              521.97              52.197E-09        135.467E-06  
              522.77              52.277E-09        135.596E-06  
              523.57              52.357E-09        135.725E-06  
              524.37              52.437E-09        135.852E-06  
              525.169             52.517E-09        135.98E-06   
              525.97              52.597E-09        136.106E-06  
              526.77              52.6769E-09       136.232E-06  
              527.57              52.757E-09        136.358E-06  
              528.37              52.837E-09        136.484E-06  
              529.169             52.917E-09        136.609E-06  
              529.97              52.997E-09        136.734E-06  
              530.77              53.077E-09        136.858E-06  
              531.57              53.157E-09        136.982E-06  
              532.37              53.237E-09        137.139E-06  
              533.169             53.317E-09        137.431E-06  
              533.97              53.397E-09        137.707E-06  
              534.77              53.477E-09        137.975E-06  
              535.57              53.557E-09        138.23E-06   
              536.37              53.637E-09        138.473E-06  
              537.169             53.717E-09        138.705E-06  
              537.97              53.797E-09        138.927E-06  
              538.77              53.877E-09        139.141E-06  
              539.57              53.957E-09        139.347E-06  
              540.37              54.037E-09        139.547E-06  
              541.169             54.117E-09        139.74E-06   
              541.97              54.197E-09        139.929E-06  
              542.77              54.277E-09        140.112E-06  
              543.57              54.357E-09        140.291E-06  
              544.37              54.437E-09        140.467E-06  
              545.169             54.517E-09        140.639E-06  
              545.97              54.597E-09        140.809E-06  
              546.77              54.6769E-09       140.976E-06  
              547.57              54.757E-09        141.141E-06  
              548.37              54.837E-09        141.304E-06  
              549.169             54.917E-09        141.465E-06  
              549.97              54.997E-09        141.625E-06  
              550.77              55.077E-09        141.783E-06  
              551.57              55.157E-09        141.94E-06   
              552.37              55.237E-09        142.095E-06  
              553.169             55.317E-09        142.249E-06  
              553.97              55.397E-09        142.402E-06  
              554.77              55.477E-09        142.553E-06  
              555.57              55.557E-09        142.652E-06  
              556.37              55.637E-09        142.872E-06  
              557.169             55.7169E-09       143.062E-06  
              557.97              55.797E-09        143.244E-06  
              558.77              55.877E-09        143.418E-06  
              559.57              55.957E-09        143.587E-06  
              560.37              56.037E-09        143.753E-06  
              561.169             56.117E-09        143.915E-06  
              561.97              56.197E-09        144.075E-06  
              562.77              56.277E-09        144.233E-06  
              563.57              56.357E-09        144.389E-06  
              564.37              56.437E-09        144.544E-06  
              565.169             56.517E-09        144.698E-06  
              565.97              56.597E-09        144.851E-06  
              566.77              56.677E-09        145.003E-06  
              567.57              56.757E-09        145.155E-06  
              568.37              56.837E-09        145.327E-06  
              569.169             56.917E-09        145.723E-06  
              569.97              56.997E-09        146.077E-06  
              570.77              57.077E-09        146.439E-06  
              571.57              57.157E-09        146.791E-06  
              572.37              57.237E-09        147.13E-06   
              573.169             57.317E-09        147.457E-06  
              573.97              57.397E-09        147.803E-06  
              574.77              57.477E-09        148.132E-06  
              575.57              57.557E-09        148.447E-06  
              576.37              57.637E-09        148.745E-06  
              577.169             57.717E-09        149.039E-06  
              577.97              57.797E-09        149.598E-06  
              578.77              57.877E-09        150.169E-06  
              579.57              57.957E-09        150.729E-06  
              580.37              58.037E-09        151.269E-06  
              581.169             58.117E-09        151.785E-06  
              581.97              58.197E-09        152.273E-06  
              582.77              58.277E-09        152.73E-06   
              583.57              58.357E-09        153.157E-06  
              584.37              58.437E-09        153.553E-06  
              585.169             58.517E-09        153.923E-06  
              585.97              58.597E-09        154.27E-06   
              586.77              58.677E-09        154.595E-06  
              587.57              58.757E-09        154.903E-06  
              588.37              58.837E-09        155.196E-06  
              589.169             58.917E-09        155.476E-06  
              589.97              58.997E-09        155.746E-06  
              590.77              59.077E-09        156.007E-06  
              591.57              59.157E-09        156.26E-06   
              592.37              59.237E-09        156.506E-06  
              593.169             59.317E-09        156.766E-06  
              593.97              59.397E-09        157.047E-06  
              594.77              59.477E-09        157.318E-06  
              595.57              59.557E-09        157.582E-06  
              596.37              59.637E-09        157.837E-06  
              597.169             59.7169E-09       158.086E-06  
              597.97              59.797E-09        158.328E-06  
              598.77              59.877E-09        158.565E-06  
              599.57              59.957E-09        158.796E-06  
              600.37              60.037E-09        159.023E-06  
              601.169             60.117E-09        159.246E-06  
              601.97              60.197E-09        159.464E-06  
              602.77              60.277E-09        159.679E-06  
              603.57              60.357E-09        159.891E-06  
              604.37              60.437E-09        160.243E-06  
              605.169             60.517E-09        160.355E-06  
              605.97              60.597E-09        160.534E-06  
              606.77              60.677E-09        160.724E-06  
              607.57              60.757E-09        160.916E-06  
              608.37              60.837E-09        161.108E-06  
              609.169             60.917E-09        161.299E-06  
              609.97              60.997E-09        161.489E-06  
              610.77              61.077E-09        161.677E-06  
              611.57              61.157E-09        161.864E-06  
              612.37              61.237E-09        162.049E-06  
              613.169             61.317E-09        162.232E-06  
              613.97              61.397E-09        162.414E-06  
              614.77              61.477E-09        162.639E-06  
              615.57              61.5569E-09       162.897E-06  
              616.37              61.637E-09        163.149E-06  
              617.169             61.717E-09        163.393E-06  
              617.97              61.797E-09        163.631E-06  
              618.77              61.877E-09        163.862E-06  
              619.57              61.957E-09        164.088E-06  
              620.37              62.037E-09        164.309E-06  
              621.169             62.117E-09        164.527E-06  
              621.97              62.197E-09        164.741E-06  
              622.77              62.277E-09        164.951E-06  
              623.57              62.3569E-09       165.159E-06  
              624.37              62.437E-09        165.364E-06  
              625.169             62.517E-09        165.567E-06  
              625.97              62.597E-09        165.768E-06  
              626.77              62.677E-09        165.966E-06  
              627.57              62.757E-09        166.163E-06  
              628.37              62.837E-09        166.358E-06  
              629.169             62.917E-09        166.551E-06  
              629.97              62.997E-09        166.743E-06  
              630.77              63.077E-09        166.934E-06  
              631.57              63.157E-09        167.122E-06  
              632.37              63.237E-09        167.309E-06  
              633.169             63.317E-09        167.494E-06  
              633.97              63.397E-09        167.677E-06  
              634.77              63.477E-09        167.859E-06  
              635.57              63.557E-09        168.039E-06  
              636.37              63.637E-09        168.217E-06  
              637.169             63.7169E-09       168.393E-06  
              637.97              63.797E-09        168.568E-06  
              638.77              63.877E-09        168.741E-06  
              639.57              63.957E-09        168.913E-06  
              640.37              64.037E-09        169.083E-06  
              641.169             64.117E-09        169.251E-06  
              641.97              64.197E-09        169.419E-06  
              642.77              64.2769E-09       169.585E-06  
              643.57              64.357E-09        169.75E-06   
              644.37              64.437E-09        169.913E-06  
              645.169             64.517E-09        170.076E-06  
              645.97              64.597E-09        170.238E-06  
              646.77              64.677E-09        170.399E-06  
              647.57              64.757E-09        170.559E-06  
              648.37              64.837E-09        170.717E-06  
              649.169             64.917E-09        170.875E-06  
              649.97              64.9969E-09       171.032E-06  
              650.77              65.077E-09        171.188E-06  
              651.57              65.157E-09        171.343E-06  
              652.37              65.237E-09        171.498E-06  
              653.169             65.317E-09        171.652E-06  
              653.97              65.397E-09        171.806E-06  
              654.77              65.477E-09        171.959E-06  
              655.57              65.557E-09        172.111E-06  
              656.37              65.637E-09        172.263E-06  
              657.169             65.7169E-09       172.415E-06  
              657.97              65.797E-09        172.566E-06  
              658.77              65.877E-09        172.716E-06  
              659.57              65.957E-09        172.866E-06  
              660.37              66.037E-09        173.014E-06  
              661.169             66.117E-09        173.163E-06  
              661.97              66.197E-09        173.311E-06  
              662.77              66.277E-09        173.458E-06  
              663.57              66.3569E-09       173.605E-06  
              664.37              66.437E-09        173.752E-06  
              665.169             66.517E-09        173.898E-06  
              665.97              66.597E-09        174.045E-06  
              666.77              66.677E-09        174.191E-06  
              667.57              66.757E-09        174.337E-06  
              668.37              66.837E-09        174.482E-06  
              669.169             66.9169E-09       174.628E-06  
              669.97              66.997E-09        174.773E-06  
              670.77              67.077E-09        174.919E-06  
              671.57              67.157E-09        175.064E-06  
              672.37              67.237E-09        175.209E-06  
              673.169             67.317E-09        175.354E-06  
              673.97              67.397E-09        175.499E-06  
              674.77              67.477E-09        175.644E-06  
              675.57              67.557E-09        175.812E-06  
              676.37              67.637E-09        175.992E-06  
              677.169             67.7169E-09       176.17E-06   
              677.97              67.797E-09        176.345E-06  
              678.77              67.877E-09        176.518E-06  
              679.57              67.957E-09        176.688E-06  
              680.37              68.037E-09        176.856E-06  
              681.169             68.117E-09        177.023E-06  
              681.97              68.197E-09        177.188E-06  
              682.77              68.277E-09        177.352E-06  
              683.57              68.357E-09        177.515E-06  
              684.37              68.437E-09        177.677E-06  
              685.169             68.5169E-09       177.838E-06  
              685.97              68.597E-09        177.998E-06  
              686.77              68.677E-09        178.157E-06  
              687.57              68.757E-09        178.316E-06  
              688.37              68.837E-09        178.475E-06  
              689.169             68.917E-09        178.633E-06  
              689.97              68.9969E-09       178.79E-06   
              690.77              69.077E-09        178.98E-06   
              690.97              69.097E-09        179.027E-06  
              691.27              69.1269E-09       179.098E-06  
              691.72              69.172E-09        179.297E-06  
              692.395             69.2395E-09       179.396E-06  
              693.195             69.3195E-09       179.565E-06  
              693.995             69.3995E-09       179.741E-06  
              694.794             69.4795E-09       179.918E-06  
              695.595             69.5595E-09       180.095E-06  
              696.395             69.6395E-09       180.271E-06  
              697.195             69.7195E-09       180.446E-06  
              697.995             69.7995E-09       180.619E-06  
              698.794             69.8795E-09       180.792E-06  
              699.595             69.9595E-09       180.963E-06  
              700.395             70.0395E-09       181.134E-06  
              701.195             70.1195E-09       181.304E-06  
              701.995             70.1995E-09       181.473E-06  
              702.794             70.2795E-09       181.641E-06  
              703.595             70.3595E-09       181.808E-06  
              704.395             70.4395E-09       181.975E-06  
              705.195             70.5195E-09       182.142E-06  
              705.995             70.5994E-09       182.308E-06  
              706.794             70.6795E-09       182.473E-06  
              707.595             70.7595E-09       182.638E-06  
              708.395             70.8395E-09       182.802E-06  
              709.195             70.9195E-09       182.966E-06  
              709.995             70.9995E-09       183.129E-06  
              710.794             71.0795E-09       183.292E-06  
              711.595             71.1595E-09       183.454E-06  
              712.395             71.2395E-09       183.616E-06  
              713.195             71.3195E-09       183.777E-06  
              713.995             71.3995E-09       183.938E-06  
              714.794             71.4795E-09       184.098E-06  
              715.595             71.5595E-09       184.258E-06  
              716.395             71.6395E-09       184.417E-06  
              717.195             71.7195E-09       184.576E-06  
              717.995             71.7995E-09       184.735E-06  
              718.794             71.8795E-09       184.894E-06  
              719.595             71.9594E-09       185.052E-06  
              720.395             72.0395E-09       185.21E-06   
              721.195             72.1195E-09       185.368E-06  
              721.995             72.1995E-09       185.526E-06  
              722.794             72.2795E-09       185.683E-06  
              723.595             72.3595E-09       185.84E-06   
              724.395             72.4395E-09       185.996E-06  
              725.195             72.5195E-09       186.153E-06  
              725.995             72.5995E-09       186.309E-06  
              726.794             72.6795E-09       186.465E-06  
              727.595             72.7595E-09       186.621E-06  
              728.395             72.8395E-09       186.777E-06  
              729.195             72.9195E-09       186.933E-06  
              729.995             72.9995E-09       187.088E-06  
              730.794             73.0795E-09       187.243E-06  
              731.595             73.1595E-09       187.398E-06  
              732.395             73.2395E-09       187.553E-06  
              733.195             73.3195E-09       187.709E-06  
              733.995             73.3995E-09       187.863E-06  
              734.794             73.4795E-09       188.018E-06  
              735.595             73.5595E-09       188.173E-06  
              736.395             73.6395E-09       188.328E-06  
              737.195             73.7195E-09       188.482E-06  
              737.995             73.7995E-09       188.636E-06  
              738.794             73.8795E-09       188.695E-06  
              739.595             73.9595E-09       188.886E-06  
              740.395             74.0395E-09       189.046E-06  
              741.195             74.1195E-09       189.208E-06  
              741.995             74.1995E-09       189.367E-06  
              742.794             74.2795E-09       189.525E-06  
              743.595             74.3595E-09       189.682E-06  
              744.395             74.4395E-09       189.839E-06  
              745.195             74.5195E-09       189.995E-06  
              745.995             74.5994E-09       190.151E-06  
              746.794             74.6795E-09       190.308E-06  
              747.595             74.7595E-09       190.464E-06  
              748.395             74.8394E-09       190.62E-06   
              749.195             74.9195E-09       190.776E-06  
              749.995             74.9995E-09       190.932E-06  
              750.794             75.0795E-09       191.088E-06  
              751.595             75.1595E-09       191.327E-06  
              752.395             75.2395E-09       191.586E-06  
              753.195             75.3195E-09       191.84E-06   
              753.995             75.3995E-09       192.088E-06  
              754.794             75.4795E-09       192.329E-06  
              755.595             75.5595E-09       192.535E-06  
              756.395             75.6395E-09       192.776E-06  
              757.195             75.7195E-09       193.006E-06  
              757.995             75.7995E-09       193.23E-06   
              758.794             75.8795E-09       193.449E-06  
              759.595             75.9594E-09       193.664E-06  
              760.395             76.0395E-09       193.875E-06  
              761.195             76.1195E-09       194.082E-06  
              761.995             76.1994E-09       194.287E-06  
              762.794             76.2795E-09       194.489E-06  
              763.595             76.3595E-09       194.689E-06  
              764.395             76.4395E-09       194.887E-06  
              765.195             76.5195E-09       195.082E-06  
              765.995             76.5995E-09       195.275E-06  
              766.794             76.6795E-09       195.467E-06  
              767.595             76.7595E-09       195.656E-06  
              768.395             76.8395E-09       195.843E-06  
              769.195             76.9194E-09       196.028E-06  
              769.995             76.9995E-09       196.212E-06  
              770.794             77.0795E-09       196.395E-06  
              771.595             77.1595E-09       196.576E-06  
              772.395             77.2395E-09       196.756E-06  
              773.195             77.3195E-09       196.934E-06  
              773.995             77.3995E-09       197.113E-06  
              774.794             77.4795E-09       197.29E-06   
              775.595             77.5595E-09       197.467E-06  
              776.395             77.6395E-09       197.644E-06  
              777.195             77.7195E-09       197.819E-06  
              777.995             77.7995E-09       197.994E-06  
              778.794             77.8795E-09       198.169E-06  
              779.595             77.9595E-09       198.343E-06  
              780.395             78.0395E-09       198.517E-06  
              781.195             78.1195E-09       198.69E-06   
              781.995             78.1995E-09       198.863E-06  
              782.794             78.2794E-09       199.046E-06  
              783.595             78.3595E-09       199.211E-06  
              784.395             78.4395E-09       199.382E-06  
              785.195             78.5195E-09       199.553E-06  
              785.995             78.5995E-09       199.723E-06  
              786.794             78.6795E-09       199.894E-06  
              787.595             78.7595E-09       200.065E-06  
              788.395             78.8395E-09       200.235E-06  
              789.195             78.9195E-09       200.405E-06  
              789.995             78.9995E-09       200.575E-06  
              790.794             79.0795E-09       200.745E-06  
              791.595             79.1595E-09       200.914E-06  
              792.395             79.2395E-09       201.084E-06  
              793.195             79.3195E-09       201.253E-06  
              793.995             79.3995E-09       201.422E-06  
              794.794             79.4795E-09       201.591E-06  
              795.595             79.5595E-09       201.76E-06   
              796.395             79.6395E-09       201.929E-06  
              797.195             79.7195E-09       202.098E-06  
              797.995             79.7995E-09       202.268E-06  
              798.794             79.8795E-09       202.437E-06  
              799.595             79.9595E-09       202.606E-06  
              800.395             80.0395E-09       202.774E-06  
              801.195             80.1195E-09       202.943E-06  
              801.995             80.1994E-09       203.112E-06  
              802.794             80.2795E-09       203.28E-06   
              803.595             80.3595E-09       203.449E-06  
              804.395             80.4395E-09       203.617E-06  
              805.195             80.5195E-09       203.786E-06  
              805.995             80.5995E-09       203.954E-06  
              806.794             80.6795E-09       204.123E-06  
              807.595             80.7595E-09       204.292E-06  
              808.395             80.8395E-09       204.46E-06   
              809.195             80.9194E-09       204.629E-06  
              809.995             80.9995E-09       204.798E-06  
              810.794             81.0795E-09       204.966E-06  
              811.595             81.1595E-09       205.135E-06  
              812.395             81.2395E-09       205.304E-06  
              813.195             81.3195E-09       205.472E-06  
              813.995             81.3995E-09       205.642E-06  
              814.794             81.4795E-09       205.811E-06  
              815.595             81.5595E-09       205.981E-06  
              816.395             81.6395E-09       206.15E-06   
              817.195             81.7195E-09       206.32E-06   
              817.995             81.7995E-09       206.49E-06   
              818.794             81.8795E-09       206.66E-06   
              819.595             81.9595E-09       206.83E-06   
              820.395             82.0395E-09       207.E-06     
              821.195             82.1195E-09       207.17E-06   
              821.995             82.1995E-09       207.341E-06  
              822.794             82.2794E-09       207.511E-06  
              823.595             82.3595E-09       207.682E-06  
              824.395             82.4395E-09       207.853E-06  
              825.195             82.5195E-09       208.024E-06  
              825.995             82.5995E-09       208.195E-06  
              826.794             82.6795E-09       208.366E-06  
              827.595             82.7595E-09       208.537E-06  
              828.395             82.8395E-09       208.708E-06  
              829.195             82.9195E-09       208.88E-06   
              829.995             82.9995E-09       209.064E-06  
              830.794             83.0795E-09       209.259E-06  
              831.595             83.1595E-09       209.453E-06  
              832.395             83.2395E-09       209.645E-06  
              833.195             83.3195E-09       209.836E-06  
              833.995             83.3995E-09       210.026E-06  
              834.794             83.4795E-09       210.214E-06  
              835.595             83.5595E-09       210.401E-06  
              836.395             83.6395E-09       210.588E-06  
              837.195             83.7195E-09       210.773E-06  
              837.995             83.7995E-09       210.958E-06  
              838.794             83.8795E-09       211.142E-06  
              839.595             83.9595E-09       211.326E-06  
              840.395             84.0395E-09       211.508E-06  
              841.195             84.1194E-09       211.691E-06  
              841.995             84.1995E-09       211.873E-06  
              842.794             84.2795E-09       212.055E-06  
              843.595             84.3595E-09       212.236E-06  
              844.395             84.4395E-09       212.417E-06  
              845.195             84.5195E-09       212.597E-06  
              845.995             84.5995E-09       212.777E-06  
              846.794             84.6795E-09       212.957E-06  
              847.595             84.7595E-09       213.136E-06  
              848.395             84.8395E-09       213.316E-06  
              849.195             84.9194E-09       213.495E-06  
              849.995             84.9995E-09       213.675E-06  
              850.794             85.0795E-09       213.854E-06  
              851.595             85.1595E-09       214.083E-06  
              852.395             85.2395E-09       214.316E-06  
              853.195             85.3195E-09       214.548E-06  
              853.995             85.3995E-09       214.776E-06  
              854.794             85.4795E-09       215.002E-06  
              855.595             85.5595E-09       215.224E-06  
              856.395             85.6395E-09       215.443E-06  
              857.195             85.7195E-09       215.66E-06   
              857.995             85.7995E-09       215.874E-06  
              858.794             85.8795E-09       216.085E-06  
              859.595             85.9595E-09       216.295E-06  
              860.395             86.0395E-09       216.503E-06  
              861.195             86.1195E-09       216.71E-06   
              861.995             86.1995E-09       216.915E-06  
              862.794             86.2794E-09       217.118E-06  
              863.595             86.3595E-09       217.32E-06   
              864.395             86.4395E-09       217.521E-06  
              865.195             86.5195E-09       217.72E-06   
              865.995             86.5995E-09       217.919E-06  
              866.794             86.6795E-09       218.116E-06  
              867.595             86.7595E-09       218.357E-06  
              868.395             86.8395E-09       218.697E-06  
              869.195             86.9195E-09       219.06E-06   
              869.995             86.9995E-09       219.484E-06  
              870.794             87.0795E-09       219.891E-06  
              871.595             87.1595E-09       220.282E-06  
              872.395             87.2395E-09       220.657E-06  
              873.195             87.3195E-09       221.014E-06  
              873.995             87.3995E-09       221.358E-06  
              874.794             87.4795E-09       221.688E-06  
              875.595             87.5594E-09       222.008E-06  
              876.395             87.6395E-09       222.319E-06  
              877.195             87.7195E-09       222.621E-06  
              877.995             87.7995E-09       222.916E-06  
              878.794             87.8795E-09       223.204E-06  
              879.595             87.9595E-09       223.487E-06  
              880.395             88.0395E-09       223.764E-06  
              881.195             88.1195E-09       224.035E-06  
              881.995             88.1995E-09       224.303E-06  
              882.794             88.2795E-09       224.566E-06  
              883.595             88.3595E-09       224.83E-06   
              884.395             88.4395E-09       225.309E-06  
              885.195             88.5195E-09       225.805E-06  
              885.995             88.5995E-09       226.295E-06  
              886.794             88.6795E-09       226.774E-06  
              887.595             88.7595E-09       227.236E-06  
              888.395             88.8395E-09       227.679E-06  
              889.195             88.9194E-09       227.952E-06  
              889.995             88.9995E-09       228.448E-06  
              890.794             89.0795E-09       228.844E-06  
              891.595             89.1595E-09       229.237E-06  
              892.395             89.2395E-09       229.615E-06  
              893.195             89.3195E-09       229.98E-06   
              893.995             89.3995E-09       230.332E-06  
              894.794             89.4795E-09       230.674E-06  
              895.595             89.5595E-09       231.006E-06  
              896.395             89.6395E-09       231.33E-06   
              897.195             89.7195E-09       231.646E-06  
              897.995             89.7995E-09       231.955E-06  
              898.794             89.8795E-09       232.258E-06  
              899.595             89.9595E-09       232.556E-06  
              900.395             90.0395E-09       232.849E-06  
              901.195             90.1195E-09       233.138E-06  
              901.995             90.1995E-09       233.422E-06  
              902.794             90.2795E-09       233.702E-06  
              903.595             90.3595E-09       233.979E-06  
              904.395             90.4395E-09       234.254E-06  
              905.195             90.5194E-09       234.525E-06  
              905.995             90.5995E-09       234.795E-06  
              906.794             90.6795E-09       235.062E-06  
              907.595             90.7595E-09       235.327E-06  
              908.395             90.8395E-09       235.589E-06  
              909.195             90.9195E-09       235.85E-06   
              909.995             90.9994E-09       236.109E-06  
              910.794             91.0795E-09       236.366E-06  
              911.595             91.1595E-09       236.622E-06  
              912.395             91.2395E-09       236.875E-06  
              913.195             91.3195E-09       237.128E-06  
              913.995             91.3995E-09       237.378E-06  
              914.794             91.4795E-09       237.627E-06  
              915.595             91.5595E-09       237.875E-06  
              916.395             91.6395E-09       238.121E-06  
              917.195             91.7195E-09       238.366E-06  
              917.995             91.7995E-09       238.61E-06   
              918.794             91.8795E-09       238.852E-06  
              919.595             91.9595E-09       239.102E-06  
              920.395             92.0395E-09       239.471E-06  
              921.195             92.1195E-09       239.904E-06  
              921.995             92.1995E-09       240.338E-06  
              922.794             92.2795E-09       240.764E-06  
              923.595             92.3594E-09       241.176E-06  
              924.395             92.4395E-09       241.57E-06   
              925.195             92.5195E-09       241.947E-06  
              925.995             92.5994E-09       242.31E-06   
              926.794             92.6795E-09       242.661E-06  
              927.595             92.7595E-09       243.002E-06  
              928.395             92.8395E-09       243.335E-06  
              929.195             92.9195E-09       243.659E-06  
              929.995             92.9995E-09       243.976E-06  
              930.794             93.0795E-09       244.286E-06  
              931.595             93.1595E-09       244.59E-06   
              932.395             93.2395E-09       244.888E-06  
              933.195             93.3195E-09       245.18E-06   
              933.995             93.3995E-09       245.468E-06  
              934.794             93.4795E-09       245.752E-06  
              935.595             93.5595E-09       246.032E-06  
              936.395             93.6395E-09       246.308E-06  
              937.195             93.7195E-09       246.582E-06  
              937.995             93.7995E-09       246.853E-06  
              938.794             93.8795E-09       247.121E-06  
              939.595             93.9594E-09       247.386E-06  
              940.395             94.0395E-09       247.65E-06   
              941.195             94.1195E-09       247.911E-06  
              941.995             94.1995E-09       248.232E-06  
              942.794             94.2795E-09       248.472E-06  
              943.595             94.3595E-09       248.717E-06  
              944.395             94.4394E-09       248.966E-06  
              945.195             94.5195E-09       249.217E-06  
              945.995             94.5995E-09       249.467E-06  
              946.794             94.6795E-09       249.716E-06  
              947.595             94.7595E-09       249.965E-06  
              948.395             94.8395E-09       250.213E-06  
              949.195             94.9195E-09       250.46E-06   
              949.995             94.9995E-09       250.706E-06  
              950.794             95.0795E-09       250.95E-06   
              951.595             95.1595E-09       251.194E-06  
              952.395             95.2395E-09       251.437E-06  
              953.195             95.3195E-09       251.679E-06  
              953.995             95.3995E-09       251.921E-06  
              954.794             95.4795E-09       252.162E-06  
              955.595             95.5595E-09       252.4E-06    
              956.395             95.6395E-09       252.118E-06  
              956.794             95.6795E-09       252.133E-06  
              957.395             95.7395E-09       252.815E-06  
              957.794             95.7795E-09       252.837E-06  
              958.395             95.8395E-09       253.441E-06  
              958.595             95.8595E-09       253.298E-06  
              958.895             95.8895E-09       253.411E-06  
              959.345             95.9345E-09       253.495E-06  
              960.02              96.002E-09        253.747E-06  
              960.82              96.0819E-09       253.915E-06  
              961.62              96.162E-09        254.115E-06  
              962.419             96.242E-09        254.339E-06  
              963.22              96.322E-09        254.569E-06  
              964.02              96.402E-09        254.8E-06    
              964.82              96.482E-09        255.032E-06  
              965.62              96.562E-09        255.264E-06  
              966.419             96.642E-09        255.496E-06  
              967.22              96.722E-09        255.726E-06  
              968.02              96.8019E-09       255.957E-06  
              968.82              96.882E-09        256.186E-06  
              969.62              96.962E-09        256.415E-06  
              970.419             97.042E-09        256.643E-06  
              971.22              97.122E-09        256.871E-06  
              972.02              97.202E-09        257.098E-06  
              972.82              97.282E-09        257.324E-06  
              973.62              97.362E-09        257.549E-06  
              974.419             97.442E-09        257.774E-06  
              975.22              97.5219E-09       257.999E-06  
              976.02              97.602E-09        258.222E-06  
              976.82              97.682E-09        258.445E-06  
              977.62              97.762E-09        258.666E-06  
              978.419             97.842E-09        258.887E-06  
              979.22              97.922E-09        259.106E-06  
              980.02              98.002E-09        259.325E-06  
              980.82              98.082E-09        259.543E-06  
              981.62              98.1619E-09       259.761E-06  
              982.419             98.242E-09        259.978E-06  
              983.22              98.322E-09        260.194E-06  
              984.02              98.402E-09        260.409E-06  
              984.82              98.482E-09        260.624E-06  
              985.62              98.562E-09        260.838E-06  
              986.419             98.642E-09        261.052E-06  
              987.22              98.722E-09        261.265E-06  
              988.02              98.802E-09        261.478E-06  
              988.82              98.882E-09        261.69E-06   
              989.62              98.962E-09        261.868E-06  
              990.419             99.042E-09        262.096E-06  
              991.22              99.122E-09        262.314E-06  
              992.02              99.202E-09        262.53E-06   
              992.82              99.282E-09        262.744E-06  
              993.62              99.362E-09        262.956E-06  
              994.419             99.442E-09        263.169E-06  
              995.22              99.5219E-09       263.381E-06  
              996.02              99.602E-09        263.592E-06  
              996.82              99.682E-09        263.803E-06  
              997.62              99.762E-09        264.014E-06  
              998.419             99.842E-09        264.26E-06   
              999.22              99.922E-09        264.46E-06   
                1.00002E+03      100.E-09           264.562E-06  
                1.00082E+03      100.E-09           260.619E-06  
                1.00162E+03      100.E-09           257.281E-06  
                1.00182E+03      100.E-09           256.534E-06  
                1.00197E+03      100.E-09           256.004E-06  
                1.002E+03        100.E-09           255.906E-06  
                1.00201E+03       99.1806E-09       185.482E-06  
                1.00202E+03       98.3895E-09       116.417E-06  
                1.00202E+03       98.0929E-09        90.6974E-06 
                1.00202E+03       97.8704E-09        72.7297E-06 
                1.00202E+03       97.5367E-09        48.5405E-06 
                1.00203E+03       97.2864E-09        30.5935E-06 
                1.00203E+03       97.0987E-09        17.2181E-06 
                1.00203E+03       96.8172E-09         5.63776E-06
                1.00203E+03       96.606E-09        781.282E-09  
                1.00204E+03       96.4476E-09         0.         
                1.00204E+03       96.4179E-09         0.         
                1.00204E+03       96.4123E-09         0.         
                1.00204E+03       96.4103E-09         0.         
                1.00204E+03       96.4095E-09         0.         
                1.00204E+03       96.4093E-09         0.         
                1.00204E+03       96.4092E-09         0.         
                1.00204E+03       96.4091E-09         0.         
                1.00204E+03       96.409E-09          0.         
                1.00204E+03       96.409E-09          0.         
                1.00204E+03       96.409E-09          0.         




