
                  X             Displacement          Force      

                0.                -0.                 0.         
                1.E-03           100.E-15             1.08566E-09
                2.E-03           200.E-15           679.41E-12   
                3.5E-03          350.E-15            67.6342E-12 
                5.75E-03         575.E-15             5.33598E-12
                9.125E-03        912.5E-15          524.07E-15   
               14.1875E-03         1.41875E-12       52.3466E-15 
               21.7812E-03         2.17813E-12        5.23341E-15
               33.1719E-03         3.31719E-12      523.388E-18  
               50.2578E-03         5.02578E-12       52.3371E-18 
               75.8867E-03         7.58867E-12        5.23344E-18
              114.33E-03          11.433E-12        523.285E-21  
              171.995E-03         17.1995E-12        52.3247E-21 
              258.493E-03         25.8493E-12         5.23194E-21
              388.239E-03         38.8239E-12       523.123E-24  
              582.859E-03         58.2859E-12        52.302E-24  
              874.788E-03         87.4788E-12         5.22867E-24
                1.31268          131.268E-12        522.639E-27  
                1.96952          196.952E-12         52.2296E-27 
                2.86952          286.952E-12          5.21827E-27
                3.76952          376.952E-12        521.357E-30  
                4.66952          466.952E-12         52.0888E-30 
                5.56952          556.952E-12          5.20418E-30
                6.46952          646.952E-12        519.949E-33  
                7.36952          736.952E-12         51.948E-33  
                8.26952          826.952E-12          5.19011E-33
                9.16952          916.952E-12        518.541E-36  
               10.0695             1.00695E-09      487.811E-09  
               10.9695             1.09695E-09        1.30416E-06
               11.8695             1.18695E-09        2.11938E-06
               12.7695             1.27695E-09        2.70416E-06
               13.6695             1.36695E-09        3.0318E-06 
               14.5695             1.45695E-09        3.30548E-06
               15.4695             1.54695E-09        3.54269E-06
               16.3695             1.63695E-09        3.74642E-06
               17.2695             1.72695E-09        3.9309E-06 
               18.1695             1.81695E-09        4.10452E-06
               19.0695             1.90695E-09        4.27075E-06
               19.9695             1.99695E-09        4.43168E-06
               20.8695             2.08695E-09        4.5877E-06 
               21.7695             2.17695E-09        4.73972E-06
               22.6695             2.26695E-09        4.88805E-06
               23.5695             2.35695E-09        5.03247E-06
               24.4695             2.44695E-09        5.17288E-06
               25.3695             2.53695E-09        5.30829E-06
               26.2695             2.62695E-09        5.43771E-06
               27.1695             2.71695E-09        5.56087E-06
               28.0695             2.80695E-09        5.67808E-06
               28.9695             2.89695E-09        5.78972E-06
               29.8695             2.98695E-09        5.89611E-06
               30.7695             3.07695E-09        5.99753E-06
               31.6695             3.16695E-09        6.09421E-06
               32.5695             3.25695E-09        6.1864E-06 
               33.4695             3.34695E-09        6.27438E-06
               34.3695             3.43695E-09        6.35857E-06
               35.2695             3.52695E-09        6.43937E-06
               36.1695             3.61695E-09        6.51715E-06
               37.0695             3.70695E-09        6.59223E-06
               37.9695             3.79695E-09        6.66484E-06
               38.8695             3.88695E-09        6.73522E-06
               39.7695             3.97695E-09        6.80359E-06
               40.6695             4.06695E-09        6.87009E-06
               41.5695             4.15695E-09        6.93487E-06
               42.4695             4.24695E-09        6.99798E-06
               43.3695             4.33695E-09        7.05951E-06
               44.2695             4.42695E-09        7.1195E-06 
               45.1695             4.51695E-09        7.17802E-06
               46.0695             4.60695E-09        7.23512E-06
               46.9695             4.69695E-09        7.29089E-06
               47.8695             4.78695E-09        7.34541E-06
               48.7695             4.87695E-09        7.39876E-06
               49.6695             4.96695E-09        7.45102E-06
               50.5695             5.05695E-09        7.50226E-06
               51.4695             5.14695E-09        7.55254E-06
               52.3695             5.23695E-09        7.60191E-06
               53.2695             5.32695E-09        7.65043E-06
               54.1695             5.41695E-09        7.69814E-06
               55.0695             5.50695E-09        7.74511E-06
               55.9695             5.59695E-09        7.79137E-06
               56.8695             5.68695E-09        7.83696E-06
               57.7695             5.77695E-09        7.88193E-06
               58.6695             5.86695E-09        7.92631E-06
               59.5695             5.95695E-09        7.97012E-06
               60.4695             6.04695E-09        8.15345E-06
               61.3695             6.13695E-09        9.80626E-06
               62.2695             6.22695E-09       11.4108E-06 
               63.1695             6.31695E-09       12.8956E-06 
               64.0695             6.40695E-09       14.2558E-06 
               64.9695             6.49695E-09       15.4773E-06 
               65.8695             6.58695E-09       16.553E-06  
               66.7695             6.67695E-09       17.4807E-06 
               67.6695             6.76695E-09       18.2656E-06 
               68.5695             6.85695E-09       18.9383E-06 
               69.4695             6.94695E-09       19.5235E-06 
               70.3695             7.03695E-09       20.0406E-06 
               71.2695             7.12695E-09       20.5074E-06 
               72.1695             7.21695E-09       20.9369E-06 
               73.0695             7.30695E-09       21.336E-06  
               73.9695             7.39695E-09       21.7083E-06 
               74.8695             7.48695E-09       22.0578E-06 
               75.7695             7.57695E-09       22.3886E-06 
               76.6695             7.66695E-09       22.7037E-06 
               77.5695             7.75695E-09       23.005E-06  
               78.4695             7.84695E-09       23.2941E-06 
               79.3695             7.93695E-09       23.572E-06  
               80.2695             8.02695E-09       23.8395E-06 
               81.1695             8.11695E-09       24.0973E-06 
               82.0695             8.20695E-09       24.3461E-06 
               82.9695             8.29695E-09       24.5867E-06 
               83.8695             8.38695E-09       24.8196E-06 
               84.7695             8.47695E-09       25.0456E-06 
               85.6695             8.56695E-09       25.2651E-06 
               86.5695             8.65695E-09       25.4785E-06 
               87.4695             8.74695E-09       25.6863E-06 
               88.3695             8.83695E-09       25.8888E-06 
               89.2695             8.92695E-09       26.0863E-06 
               90.1695             9.01695E-09       26.279E-06  
               91.0695             9.10695E-09       26.4673E-06 
               91.9695             9.19695E-09       26.6514E-06 
               92.8695             9.28695E-09       26.8314E-06 
               93.7695             9.37695E-09       27.0077E-06 
               94.6695             9.46695E-09       27.1804E-06 
               95.5695             9.55695E-09       27.3497E-06 
               96.4695             9.64695E-09       27.5158E-06 
               97.3695             9.73695E-09       27.679E-06  
               98.2695             9.82695E-09       27.8395E-06 
               99.1695             9.91695E-09       27.9973E-06 
              100.07              10.007E-09         28.1526E-06 
              100.97              10.097E-09         28.3055E-06 
              101.87              10.187E-09         28.4562E-06 
              102.77              10.277E-09         28.6046E-06 
              103.67              10.367E-09         28.7509E-06 
              104.57              10.457E-09         28.8952E-06 
              105.47              10.547E-09         29.0375E-06 
              106.37              10.637E-09         29.178E-06  
              107.27              10.727E-09         29.3166E-06 
              108.17              10.817E-09         29.4535E-06 
              109.07              10.907E-09         29.5887E-06 
              109.97              10.997E-09         29.7223E-06 
              110.87              11.087E-09         29.8542E-06 
              111.77              11.177E-09         29.9845E-06 
              112.67              11.267E-09         30.1134E-06 
              113.57              11.357E-09         30.2408E-06 
              114.47              11.447E-09         30.3669E-06 
              115.37              11.537E-09         30.4918E-06 
              116.27              11.627E-09         31.0456E-06 
              117.17              11.717E-09         31.6926E-06 
              118.07              11.807E-09         32.2826E-06 
              118.97              11.897E-09         32.9691E-06 
              119.87              11.987E-09         33.9625E-06 
              120.77              12.077E-09         34.9129E-06 
              121.67              12.167E-09         35.7603E-06 
              122.57              12.257E-09         36.5004E-06 
              123.47              12.347E-09         37.1525E-06 
              124.37              12.437E-09         37.7329E-06 
              125.27              12.527E-09         38.2538E-06 
              126.17              12.617E-09         38.7267E-06 
              127.07              12.707E-09         39.1594E-06 
              127.97              12.797E-09         39.5558E-06 
              128.87              12.887E-09         39.9203E-06 
              129.77              12.977E-09         40.2589E-06 
              130.67              13.067E-09         40.5765E-06 
              131.57              13.157E-09         40.8752E-06 
              132.47              13.247E-09         41.1558E-06 
              133.37              13.337E-09         41.4201E-06 
              134.27              13.427E-09         41.6707E-06 
              135.17              13.517E-09         41.9096E-06 
              136.07              13.607E-09         42.1387E-06 
              136.97              13.697E-09         42.3598E-06 
              137.87              13.787E-09         42.5744E-06 
              138.77              13.877E-09         42.7835E-06 
              139.67              13.967E-09         42.9879E-06 
              140.57              14.057E-09         43.188E-06  
              141.47              14.147E-09         43.3841E-06 
              142.37              14.237E-09         43.5767E-06 
              143.27              14.327E-09         43.7659E-06 
              144.17              14.417E-09         43.952E-06  
              145.07              14.507E-09         44.1351E-06 
              145.97              14.597E-09         44.3151E-06 
              146.87              14.687E-09         44.4922E-06 
              147.77              14.777E-09         44.6662E-06 
              148.67              14.867E-09         44.8374E-06 
              149.57              14.957E-09         45.0061E-06 
              150.47              15.047E-09         45.1724E-06 
              151.37              15.137E-09         45.3365E-06 
              152.27              15.227E-09         45.4985E-06 
              153.17              15.317E-09         45.6586E-06 
              154.07              15.407E-09         45.8168E-06 
              154.97              15.497E-09         45.9732E-06 
              155.87              15.587E-09         46.1279E-06 
              156.77              15.677E-09         46.2809E-06 
              157.67              15.767E-09         46.4324E-06 
              158.57              15.857E-09         46.5823E-06 
              159.47              15.947E-09         46.7308E-06 
              160.37              16.037E-09         46.8779E-06 
              161.27              16.127E-09         47.0237E-06 
              162.17              16.217E-09         47.1681E-06 
              163.07              16.307E-09         47.3113E-06 
              163.97              16.397E-09         47.4532E-06 
              164.87              16.487E-09         47.5939E-06 
              165.77              16.577E-09         47.7336E-06 
              166.67              16.667E-09         47.8721E-06 
              167.57              16.757E-09         48.0095E-06 
              168.47              16.847E-09         48.1459E-06 
              169.37              16.937E-09         48.2812E-06 
              170.27              17.027E-09         48.4155E-06 
              171.17              17.117E-09         48.5488E-06 
              172.07              17.207E-09         48.6811E-06 
              172.97              17.297E-09         48.8125E-06 
              173.87              17.387E-09         48.9429E-06 
              174.77              17.477E-09         49.0724E-06 
              175.67              17.567E-09         49.2011E-06 
              176.57              17.657E-09         49.329E-06  
              177.47              17.747E-09         49.4559E-06 
              178.37              17.837E-09         49.5821E-06 
              179.27              17.927E-09         49.7075E-06 
              180.17              18.017E-09         49.832E-06  
              181.07              18.107E-09         49.9557E-06 
              181.97              18.197E-09         50.0787E-06 
              182.87              18.287E-09         50.201E-06  
              183.77              18.377E-09         50.3225E-06 
              184.67              18.467E-09         50.4433E-06 
              185.57              18.557E-09         50.5634E-06 
              186.47              18.647E-09         50.6828E-06 
              187.37              18.737E-09         50.8018E-06 
              188.27              18.827E-09         50.92E-06   
              189.17              18.917E-09         51.0377E-06 
              190.07              19.007E-09         51.1546E-06 
              190.97              19.097E-09         51.2709E-06 
              191.87              19.187E-09         51.3866E-06 
              192.77              19.277E-09         51.5017E-06 
              193.67              19.367E-09         51.6163E-06 
              194.57              19.457E-09         51.7303E-06 
              195.47              19.547E-09         51.8438E-06 
              196.37              19.637E-09         51.9567E-06 
              197.27              19.727E-09         52.069E-06  
              198.17              19.817E-09         52.1809E-06 
              199.07              19.907E-09         52.2922E-06 
              199.97              19.997E-09         52.4031E-06 
              200.87              20.087E-09         52.5134E-06 
              201.77              20.177E-09         52.6233E-06 
              202.67              20.267E-09         52.7328E-06 
              203.57              20.357E-09         52.8418E-06 
              204.47              20.447E-09         52.9505E-06 
              205.37              20.537E-09         53.059E-06  
              206.27              20.627E-09         53.167E-06  
              207.17              20.717E-09         53.2746E-06 
              208.07              20.807E-09         53.3818E-06 
              208.97              20.897E-09         53.4887E-06 
              209.87              20.987E-09         53.5953E-06 
              210.77              21.077E-09         53.7016E-06 
              211.67              21.167E-09         53.8076E-06 
              212.57              21.257E-09         53.9131E-06 
              213.47              21.347E-09         54.0182E-06 
              214.37              21.437E-09         54.1229E-06 
              215.27              21.527E-09         54.2271E-06 
              216.17              21.617E-09         54.3309E-06 
              217.07              21.707E-09         54.4344E-06 
              217.97              21.797E-09         54.5375E-06 
              218.87              21.887E-09         54.6403E-06 
              219.77              21.977E-09         54.7428E-06 
              220.67              22.067E-09         54.8453E-06 
              221.57              22.157E-09         54.9475E-06 
              222.47              22.247E-09         55.0496E-06 
              223.37              22.337E-09         55.1513E-06 
              224.27              22.427E-09         55.2528E-06 
              225.17              22.517E-09         55.3541E-06 
              226.07              22.607E-09         55.4552E-06 
              226.97              22.697E-09         55.556E-06  
              227.87              22.787E-09         55.6565E-06 
              228.77              22.877E-09         55.7567E-06 
              229.67              22.967E-09         55.8568E-06 
              230.57              23.057E-09         55.9567E-06 
              231.47              23.147E-09         56.0564E-06 
              232.37              23.237E-09         56.156E-06  
              233.27              23.327E-09         56.2555E-06 
              234.17              23.417E-09         56.3549E-06 
              235.07              23.507E-09         56.4543E-06 
              235.97              23.597E-09         56.5536E-06 
              236.87              23.687E-09         56.784E-06  
              237.77              23.777E-09         57.2581E-06 
              238.67              23.867E-09         57.7163E-06 
              239.57              23.957E-09         58.1585E-06 
              240.47              24.047E-09         58.5748E-06 
              241.37              24.137E-09         58.9542E-06 
              242.27              24.227E-09         59.298E-06  
              243.17              24.317E-09         59.6408E-06 
              244.07              24.407E-09         60.2881E-06 
              244.97              24.497E-09         60.9422E-06 
              245.87              24.587E-09         61.5545E-06 
              246.77              24.677E-09         62.1327E-06 
              247.67              24.767E-09         62.6685E-06 
              248.57              24.857E-09         63.1618E-06 
              249.47              24.947E-09         63.6059E-06 
              250.37              25.037E-09         64.0016E-06 
              251.27              25.127E-09         64.3599E-06 
              252.17              25.217E-09         64.69E-06   
              253.07              25.307E-09         64.9973E-06 
              253.97              25.397E-09         65.2828E-06 
              254.87              25.487E-09         65.5461E-06 
              255.77              25.577E-09         65.7897E-06 
              256.67              25.667E-09         66.0181E-06 
              257.57              25.757E-09         66.2295E-06 
              258.47              25.847E-09         66.4298E-06 
              259.37              25.937E-09         66.6204E-06 
              260.27              26.027E-09         66.8028E-06 
              261.17              26.117E-09         66.9784E-06 
              262.07              26.207E-09         67.1483E-06 
              262.97              26.297E-09         67.313E-06  
              263.87              26.387E-09         67.4729E-06 
              264.77              26.477E-09         67.6285E-06 
              265.67              26.567E-09         67.7804E-06 
              266.57              26.657E-09         67.929E-06  
              267.47              26.747E-09         68.0748E-06 
              268.37              26.837E-09         68.218E-06  
              269.27              26.927E-09         68.3588E-06 
              270.17              27.017E-09         68.4975E-06 
              271.07              27.107E-09         68.6343E-06 
              271.97              27.197E-09         68.7693E-06 
              272.87              27.287E-09         68.9029E-06 
              273.77              27.377E-09         69.035E-06  
              274.67              27.467E-09         69.1657E-06 
              275.57              27.557E-09         69.2951E-06 
              276.47              27.647E-09         69.4231E-06 
              277.37              27.737E-09         69.5498E-06 
              278.27              27.827E-09         69.6754E-06 
              279.17              27.917E-09         69.7999E-06 
              280.07              28.007E-09         69.9233E-06 
              280.97              28.097E-09         70.0458E-06 
              281.87              28.187E-09         70.1674E-06 
              282.77              28.277E-09         70.3104E-06 
              283.67              28.367E-09         70.5558E-06 
              284.57              28.457E-09         70.9089E-06 
              285.47              28.547E-09         71.262E-06  
              286.37              28.637E-09         71.5926E-06 
              287.27              28.727E-09         71.9009E-06 
              288.17              28.817E-09         72.1897E-06 
              289.07              28.907E-09         72.4619E-06 
              289.97              28.997E-09         72.72E-06   
              290.87              29.087E-09         72.966E-06  
              291.77              29.177E-09         73.2014E-06 
              292.67              29.267E-09         73.4269E-06 
              293.57              29.357E-09         73.6427E-06 
              294.47              29.447E-09         73.8491E-06 
              295.37              29.537E-09         74.0473E-06 
              296.27              29.627E-09         74.2386E-06 
              297.17              29.717E-09         74.4239E-06 
              298.07              29.807E-09         74.6038E-06 
              298.97              29.897E-09         74.7788E-06 
              299.87              29.987E-09         74.9495E-06 
              300.77              30.077E-09         75.1155E-06 
              301.67              30.167E-09         75.2773E-06 
              302.57              30.257E-09         75.4356E-06 
              303.47              30.347E-09         75.5906E-06 
              304.37              30.437E-09         75.7425E-06 
              305.27              30.527E-09         75.8915E-06 
              306.17              30.617E-09         76.0381E-06 
              307.07              30.707E-09         76.1825E-06 
              307.97              30.797E-09         76.3246E-06 
              308.87              30.887E-09         76.4645E-06 
              309.77              30.977E-09         76.6019E-06 
              310.67              31.067E-09         76.737E-06  
              311.57              31.157E-09         76.8701E-06 
              312.47              31.247E-09         77.0017E-06 
              313.37              31.337E-09         77.132E-06  
              314.27              31.427E-09         77.2613E-06 
              315.17              31.517E-09         77.3894E-06 
              316.07              31.607E-09         77.5208E-06 
              316.97              31.697E-09         77.8012E-06 
              317.87              31.787E-09         78.1809E-06 
              318.77              31.877E-09         78.5465E-06 
              319.67              31.967E-09         78.8935E-06 
              320.57              32.057E-09         79.2184E-06 
              321.47              32.147E-09         79.5156E-06 
              322.37              32.237E-09         79.9914E-06 
              323.27              32.327E-09         80.8434E-06 
              324.17              32.417E-09         81.2901E-06 
              325.07              32.507E-09         81.8112E-06 
              325.97              32.597E-09         82.3492E-06 
              326.87              32.687E-09         82.8652E-06 
              327.77              32.777E-09         83.3465E-06 
              328.67              32.867E-09         83.7917E-06 
              329.57              32.957E-09         84.2058E-06 
              330.47              33.047E-09         84.592E-06  
              331.37              33.137E-09         84.951E-06  
              332.27              33.227E-09         85.2861E-06 
              333.17              33.317E-09         85.6015E-06 
              334.07              33.407E-09         85.8998E-06 
              334.97              33.497E-09         86.2055E-06 
              335.87              33.587E-09         86.7459E-06 
              336.77              33.677E-09         87.294E-06  
              337.67              33.767E-09         87.8244E-06 
              338.57              33.8569E-09        88.324E-06  
              339.47              33.947E-09         88.7842E-06 
              340.37              34.037E-09         89.208E-06  
              341.27              34.127E-09         89.6004E-06 
              342.17              34.217E-09         89.9658E-06 
              343.07              34.307E-09         90.3083E-06 
              343.97              34.397E-09         90.6315E-06 
              344.87              34.487E-09         90.9375E-06 
              345.77              34.577E-09         91.2274E-06 
              346.67              34.667E-09         91.5021E-06 
              347.57              34.757E-09         91.7624E-06 
              348.47              34.847E-09         92.0099E-06 
              349.37              34.937E-09         92.2468E-06 
              350.27              35.027E-09         92.4748E-06 
              351.17              35.117E-09         92.695E-06  
              352.07              35.207E-09         92.9082E-06 
              352.97              35.297E-09         93.1147E-06 
              353.87              35.387E-09         93.315E-06  
              354.77              35.4769E-09        93.5097E-06 
              355.67              35.567E-09         93.6992E-06 
              356.57              35.657E-09         93.8843E-06 
              357.47              35.747E-09         94.0655E-06 
              358.37              35.8369E-09        94.2432E-06 
              359.27              35.9269E-09        94.4178E-06 
              360.17              36.017E-09         94.5896E-06 
              361.07              36.107E-09         94.7588E-06 
              361.97              36.1969E-09        94.9254E-06 
              362.87              36.2869E-09        95.0898E-06 
              363.77              36.377E-09         95.252E-06  
              364.67              36.467E-09         95.4122E-06 
              365.57              36.557E-09         95.5706E-06 
              366.47              36.647E-09         95.7274E-06 
              367.37              36.737E-09         95.8827E-06 
              368.27              36.827E-09         96.0364E-06 
              369.17              36.917E-09         96.1888E-06 
              370.07              37.007E-09         96.3398E-06 
              370.97              37.097E-09         96.4896E-06 
              371.87              37.187E-09         96.6382E-06 
              372.77              37.277E-09         96.7857E-06 
              373.67              37.367E-09         96.9324E-06 
              374.57              37.457E-09         97.0782E-06 
              375.47              37.547E-09         97.2231E-06 
              376.37              37.637E-09         97.3673E-06 
              377.27              37.727E-09         97.511E-06  
              378.17              37.817E-09         97.654E-06  
              379.07              37.907E-09         97.7966E-06 
              379.97              37.997E-09         97.9385E-06 
              380.87              38.087E-09         98.0799E-06 
              381.77              38.177E-09         98.2207E-06 
              382.67              38.267E-09         98.3609E-06 
              383.57              38.357E-09         98.5005E-06 
              384.47              38.447E-09         98.6394E-06 
              385.37              38.537E-09         98.7778E-06 
              386.27              38.627E-09         98.9155E-06 
              387.17              38.717E-09         99.0527E-06 
              388.07              38.807E-09         99.1894E-06 
              388.97              38.897E-09         99.3254E-06 
              389.87              38.9869E-09        99.4608E-06 
              390.77              39.077E-09         99.5958E-06 
              391.67              39.167E-09         99.7304E-06 
              392.57              39.257E-09         99.8646E-06 
              393.47              39.347E-09         99.9986E-06 
              394.37              39.437E-09        100.132E-06  
              395.27              39.527E-09        100.265E-06  
              396.17              39.617E-09        100.398E-06  
              397.07              39.707E-09        100.532E-06  
              397.97              39.797E-09        100.665E-06  
              398.87              39.887E-09        100.797E-06  
              399.77              39.977E-09        100.93E-06   
              400.67              40.067E-09        101.062E-06  
              401.57              40.157E-09        101.193E-06  
              402.47              40.247E-09        101.325E-06  
              403.37              40.337E-09        101.456E-06  
              404.27              40.427E-09        101.77E-06   
              405.17              40.517E-09        101.785E-06  
              406.07              40.607E-09        101.877E-06  
              406.97              40.697E-09        101.993E-06  
              407.87              40.787E-09        102.117E-06  
              408.77              40.877E-09        102.243E-06  
              409.67              40.9669E-09       102.37E-06   
              410.57              41.057E-09        102.498E-06  
              411.47              41.147E-09        102.626E-06  
              412.37              41.237E-09        102.754E-06  
              413.27              41.327E-09        102.882E-06  
              414.17              41.417E-09        103.01E-06   
              415.07              41.507E-09        103.138E-06  
              415.97              41.597E-09        103.266E-06  
              416.87              41.687E-09        103.394E-06  
              417.77              41.777E-09        103.523E-06  
              418.67              41.867E-09        103.651E-06  
              419.57              41.957E-09        103.779E-06  
              420.47              42.047E-09        103.908E-06  
              421.37              42.137E-09        104.036E-06  
              422.27              42.227E-09        104.164E-06  
              423.17              42.317E-09        104.292E-06  
              424.07              42.407E-09        104.42E-06   
              424.97              42.497E-09        104.548E-06  
              425.87              42.587E-09        104.676E-06  
              426.77              42.677E-09        104.803E-06  
              427.67              42.767E-09        104.931E-06  
              428.57              42.857E-09        105.058E-06  
              429.47              42.947E-09        105.186E-06  
              430.37              43.037E-09        105.313E-06  
              431.27              43.127E-09        105.44E-06   
              432.17              43.217E-09        105.567E-06  
              433.07              43.307E-09        105.693E-06  
              433.97              43.3969E-09       105.82E-06   
              434.87              43.487E-09        105.946E-06  
              435.77              43.577E-09        106.072E-06  
              436.67              43.667E-09        106.198E-06  
              437.57              43.757E-09        106.324E-06  
              438.47              43.847E-09        106.45E-06   
              439.37              43.937E-09        106.575E-06  
              440.27              44.027E-09        106.701E-06  
              441.17              44.117E-09        106.826E-06  
              442.07              44.207E-09        106.951E-06  
              442.97              44.297E-09        107.076E-06  
              443.87              44.387E-09        107.082E-06  
              444.095             44.4095E-09       107.105E-06  
              444.432             44.4432E-09       107.187E-06  
              444.938             44.4938E-09       107.062E-06  
              445.698             44.5698E-09       107.339E-06  
              446.598             44.6598E-09       107.501E-06  
              447.498             44.7498E-09       107.678E-06  
              448.398             44.8398E-09       107.84E-06   
              449.298             44.9298E-09       107.987E-06  
              450.198             45.0198E-09       108.124E-06  
              451.098             45.1098E-09       108.254E-06  
              451.998             45.1998E-09       108.381E-06  
              452.898             45.2898E-09       108.506E-06  
              453.798             45.3798E-09       108.629E-06  
              454.698             45.4698E-09       108.752E-06  
              455.598             45.5598E-09       108.873E-06  
              456.498             45.6498E-09       108.994E-06  
              457.398             45.7398E-09       109.114E-06  
              458.298             45.8298E-09       109.234E-06  
              459.198             45.9198E-09       109.354E-06  
              460.098             46.0098E-09       109.473E-06  
              460.998             46.0998E-09       109.592E-06  
              461.898             46.1898E-09       109.71E-06   
              462.798             46.2798E-09       109.829E-06  
              463.698             46.3698E-09       109.947E-06  
              464.598             46.4598E-09       110.065E-06  
              465.498             46.5498E-09       110.182E-06  
              466.398             46.6398E-09       110.3E-06    
              467.298             46.7298E-09       110.417E-06  
              468.198             46.8198E-09       110.535E-06  
              469.098             46.9098E-09       110.652E-06  
              469.998             46.9998E-09       110.769E-06  
              470.898             47.0898E-09       110.886E-06  
              471.798             47.1798E-09       110.974E-06  
              472.698             47.2698E-09       111.107E-06  
              473.598             47.3598E-09       111.231E-06  
              474.498             47.4498E-09       111.352E-06  
              475.398             47.5398E-09       111.471E-06  
              476.298             47.6298E-09       111.588E-06  
              477.198             47.7198E-09       111.705E-06  
              478.098             47.8098E-09       111.822E-06  
              478.998             47.8998E-09       111.939E-06  
              479.898             47.9898E-09       112.055E-06  
              480.798             48.0798E-09       112.171E-06  
              481.698             48.1698E-09       112.287E-06  
              482.598             48.2598E-09       112.403E-06  
              483.498             48.3498E-09       112.519E-06  
              484.398             48.4398E-09       112.634E-06  
              485.298             48.5298E-09       112.75E-06   
              486.198             48.6198E-09       112.865E-06  
              487.098             48.7098E-09       112.98E-06   
              487.998             48.7998E-09       113.095E-06  
              488.898             48.8898E-09       113.21E-06   
              489.798             48.9798E-09       113.326E-06  
              490.698             49.0698E-09       113.441E-06  
              491.598             49.1598E-09       113.556E-06  
              492.498             49.2498E-09       113.671E-06  
              493.398             49.3398E-09       113.786E-06  
              494.298             49.4298E-09       113.901E-06  
              495.198             49.5198E-09       114.268E-06  
              496.098             49.6098E-09       114.715E-06  
              496.998             49.6998E-09       115.151E-06  
              497.898             49.7898E-09       115.573E-06  
              498.798             49.8798E-09       115.973E-06  
              499.698             49.9698E-09       116.339E-06  
              500.598             50.0598E-09       116.677E-06  
              501.498             50.1498E-09       116.99E-06   
              502.398             50.2398E-09       117.274E-06  
              503.298             50.3298E-09       117.533E-06  
              504.198             50.4198E-09       117.773E-06  
              505.098             50.5098E-09       118.001E-06  
              505.998             50.5998E-09       118.217E-06  
              506.898             50.6898E-09       118.423E-06  
              507.798             50.7798E-09       118.62E-06   
              508.698             50.8698E-09       118.808E-06  
              509.598             50.9598E-09       118.989E-06  
              510.498             51.0498E-09       119.162E-06  
              511.398             51.1398E-09       119.33E-06   
              512.298             51.2298E-09       119.492E-06  
              513.198             51.3198E-09       119.65E-06   
              514.098             51.4098E-09       119.802E-06  
              514.998             51.4998E-09       119.951E-06  
              515.898             51.5898E-09       120.096E-06  
              516.798             51.6798E-09       120.237E-06  
              517.698             51.7698E-09       120.376E-06  
              518.598             51.8598E-09       120.512E-06  
              519.498             51.9498E-09       120.647E-06  
              520.398             52.0398E-09       120.78E-06   
              521.298             52.1298E-09       120.912E-06  
              522.198             52.2198E-09       121.043E-06  
              523.098             52.3098E-09       121.172E-06  
              523.998             52.3998E-09       121.301E-06  
              524.898             52.4898E-09       121.429E-06  
              525.798             52.5798E-09       121.556E-06  
              526.698             52.6698E-09       121.682E-06  
              527.598             52.7598E-09       121.807E-06  
              528.498             52.8498E-09       121.932E-06  
              529.398             52.9398E-09       122.056E-06  
              530.298             53.0298E-09       122.179E-06  
              531.198             53.1198E-09       122.302E-06  
              532.098             53.2098E-09       122.424E-06  
              532.998             53.2998E-09       122.546E-06  
              533.898             53.3898E-09       122.667E-06  
              534.798             53.4798E-09       122.788E-06  
              535.698             53.5698E-09       122.908E-06  
              536.598             53.6598E-09       123.028E-06  
              537.498             53.7498E-09       123.148E-06  
              538.398             53.8398E-09       123.267E-06  
              539.298             53.9298E-09       123.386E-06  
              540.198             54.0198E-09       123.505E-06  
              541.098             54.1098E-09       123.623E-06  
              541.998             54.1998E-09       123.741E-06  
              542.898             54.2898E-09       123.86E-06   
              543.798             54.3798E-09       123.977E-06  
              544.698             54.4698E-09       124.095E-06  
              545.598             54.5598E-09       124.213E-06  
              546.498             54.6498E-09       124.33E-06   
              547.398             54.7398E-09       124.447E-06  
              548.298             54.8298E-09       124.564E-06  
              549.198             54.9198E-09       124.681E-06  
              550.098             55.0098E-09       124.798E-06  
              550.998             55.0998E-09       124.914E-06  
              551.898             55.1898E-09       125.086E-06  
              552.798             55.2798E-09       125.162E-06  
              553.698             55.3698E-09       125.27E-06   
              554.598             55.4598E-09       125.382E-06  
              555.498             55.5498E-09       125.496E-06  
              556.398             55.6398E-09       125.611E-06  
              557.298             55.7298E-09       125.726E-06  
              558.198             55.8198E-09       125.841E-06  
              559.098             55.9098E-09       125.955E-06  
              559.998             55.9998E-09       126.07E-06   
              560.898             56.0898E-09       126.184E-06  
              561.798             56.1798E-09       126.298E-06  
              562.698             56.2698E-09       126.412E-06  
              563.598             56.3598E-09       126.526E-06  
              564.498             56.4498E-09       126.64E-06   
              565.398             56.5398E-09       126.754E-06  
              566.298             56.6298E-09       126.868E-06  
              567.198             56.7198E-09       126.982E-06  
              568.098             56.8098E-09       127.096E-06  
              568.998             56.8998E-09       127.209E-06  
              569.898             56.9898E-09       127.323E-06  
              570.798             57.0798E-09       127.437E-06  
              571.698             57.1698E-09       127.55E-06   
              572.598             57.2598E-09       127.664E-06  
              573.498             57.3498E-09       127.777E-06  
              574.398             57.4398E-09       127.89E-06   
              575.298             57.5298E-09       128.003E-06  
              576.198             57.6198E-09       128.116E-06  
              577.098             57.7098E-09       128.229E-06  
              577.998             57.7998E-09       128.342E-06  
              578.898             57.8898E-09       128.488E-06  
              579.798             57.9798E-09       128.576E-06  
              580.698             58.0698E-09       128.735E-06  
              581.598             58.1598E-09       129.208E-06  
              582.498             58.2498E-09       129.682E-06  
              583.398             58.3398E-09       130.141E-06  
              584.298             58.4298E-09       130.58E-06   
              585.198             58.5198E-09       130.999E-06  
              586.098             58.6098E-09       131.386E-06  
              586.998             58.6998E-09       131.735E-06  
              587.898             58.7898E-09       132.055E-06  
              588.798             58.8798E-09       132.352E-06  
              589.698             58.9698E-09       132.632E-06  
              590.598             59.0598E-09       132.897E-06  
              591.498             59.1498E-09       133.148E-06  
              592.398             59.2398E-09       133.536E-06  
              593.298             59.3298E-09       133.961E-06  
              594.198             59.4198E-09       134.384E-06  
              595.098             59.5098E-09       134.796E-06  
              595.998             59.5998E-09       135.184E-06  
              596.898             59.6898E-09       135.549E-06  
              597.798             59.7798E-09       135.894E-06  
              598.698             59.8698E-09       136.338E-06  
              599.598             59.9598E-09       136.928E-06  
              600.498             60.0498E-09       137.464E-06  
              601.398             60.1398E-09       138.224E-06  
              602.298             60.2298E-09       138.878E-06  
              603.198             60.3198E-09       139.485E-06  
              604.098             60.4098E-09       140.048E-06  
              604.998             60.4998E-09       140.567E-06  
              605.898             60.5898E-09       141.045E-06  
              606.798             60.6798E-09       141.488E-06  
              607.698             60.7698E-09       141.903E-06  
              608.598             60.8598E-09       142.292E-06  
              609.498             60.9498E-09       142.659E-06  
              610.398             61.0398E-09       143.007E-06  
              611.298             61.1298E-09       143.339E-06  
              612.198             61.2198E-09       143.656E-06  
              613.098             61.3098E-09       143.957E-06  
              613.998             61.3998E-09       144.245E-06  
              614.898             61.4898E-09       144.521E-06  
              615.798             61.5798E-09       144.785E-06  
              616.698             61.6698E-09       145.038E-06  
              617.598             61.7598E-09       145.283E-06  
              618.498             61.8498E-09       145.52E-06   
              619.398             61.9398E-09       145.751E-06  
              620.298             62.0298E-09       145.975E-06  
              621.198             62.1198E-09       146.194E-06  
              622.098             62.2098E-09       146.407E-06  
              622.998             62.2998E-09       146.614E-06  
              623.898             62.3898E-09       146.818E-06  
              624.798             62.4798E-09       147.017E-06  
              625.698             62.5698E-09       147.214E-06  
              626.598             62.6598E-09       147.384E-06  
              627.498             62.7498E-09       147.586E-06  
              628.398             62.8398E-09       147.779E-06  
              629.298             62.9298E-09       147.967E-06  
              630.198             63.0198E-09       148.151E-06  
              631.098             63.1098E-09       148.332E-06  
              631.998             63.1998E-09       148.51E-06   
              632.898             63.2898E-09       148.687E-06  
              633.798             63.3798E-09       148.861E-06  
              634.698             63.4698E-09       149.033E-06  
              635.598             63.5598E-09       149.204E-06  
              636.498             63.6498E-09       149.373E-06  
              637.398             63.7398E-09       149.541E-06  
              638.298             63.8298E-09       149.707E-06  
              639.198             63.9198E-09       149.872E-06  
              640.098             64.0098E-09       150.035E-06  
              640.998             64.0998E-09       150.198E-06  
              641.898             64.1898E-09       150.359E-06  
              642.798             64.2798E-09       150.519E-06  
              643.698             64.3698E-09       150.679E-06  
              644.598             64.4598E-09       150.838E-06  
              645.498             64.5498E-09       150.996E-06  
              646.398             64.6398E-09       151.153E-06  
              647.298             64.7298E-09       151.31E-06   
              648.198             64.8198E-09       151.466E-06  
              649.098             64.9098E-09       151.621E-06  
              649.998             64.9998E-09       151.775E-06  
              650.898             65.0898E-09       151.929E-06  
              651.798             65.1798E-09       152.083E-06  
              652.698             65.2698E-09       152.236E-06  
              653.598             65.3598E-09       152.388E-06  
              654.498             65.4498E-09       152.54E-06   
              655.398             65.5398E-09       152.692E-06  
              656.298             65.6298E-09       152.843E-06  
              657.198             65.7198E-09       152.994E-06  
              658.098             65.8098E-09       153.145E-06  
              658.998             65.8998E-09       153.295E-06  
              659.898             65.9898E-09       153.445E-06  
              660.798             66.0798E-09       153.595E-06  
              661.698             66.1698E-09       153.744E-06  
              662.598             66.2598E-09       153.894E-06  
              663.498             66.3498E-09       154.047E-06  
              664.398             66.4398E-09       154.223E-06  
              665.298             66.5298E-09       154.295E-06  
              666.198             66.6198E-09       154.545E-06  
              667.098             66.7098E-09       154.724E-06  
              667.998             66.7998E-09       154.908E-06  
              668.898             66.8898E-09       155.082E-06  
              669.798             66.9798E-09       155.249E-06  
              670.698             67.0698E-09       155.411E-06  
              671.598             67.1598E-09       155.571E-06  
              672.498             67.2498E-09       155.729E-06  
              673.398             67.3398E-09       155.886E-06  
              674.298             67.4298E-09       156.042E-06  
              675.198             67.5198E-09       156.197E-06  
              676.098             67.6098E-09       156.35E-06   
              676.998             67.6998E-09       156.503E-06  
              677.898             67.7898E-09       156.656E-06  
              678.798             67.8798E-09       156.808E-06  
              679.698             67.9698E-09       156.959E-06  
              680.598             68.0598E-09       157.11E-06   
              681.498             68.1498E-09       157.261E-06  
              682.398             68.2398E-09       157.411E-06  
              683.298             68.3298E-09       157.561E-06  
              684.198             68.4198E-09       157.71E-06   
              685.098             68.5098E-09       157.858E-06  
              685.998             68.5998E-09       158.007E-06  
              686.898             68.6898E-09       158.154E-06  
              687.798             68.7798E-09       158.302E-06  
              688.698             68.8698E-09       158.449E-06  
              689.598             68.9598E-09       158.596E-06  
              690.498             69.0498E-09       158.743E-06  
              691.398             69.1398E-09       158.89E-06   
              692.298             69.2298E-09       159.036E-06  
              693.198             69.3198E-09       159.182E-06  
              694.098             69.4098E-09       159.328E-06  
              694.998             69.4998E-09       159.474E-06  
              695.898             69.5898E-09       159.619E-06  
              696.798             69.6798E-09       159.764E-06  
              697.698             69.7698E-09       159.909E-06  
              698.598             69.8598E-09       160.054E-06  
              699.498             69.9498E-09       160.199E-06  
              700.398             70.0398E-09       160.344E-06  
              701.298             70.1298E-09       160.488E-06  
              702.198             70.2198E-09       160.632E-06  
              703.098             70.3098E-09       160.776E-06  
              703.998             70.3998E-09       160.919E-06  
              704.898             70.4898E-09       161.063E-06  
              705.798             70.5798E-09       161.207E-06  
              706.698             70.6698E-09       161.35E-06   
              707.598             70.7598E-09       161.493E-06  
              708.498             70.8498E-09       161.636E-06  
              709.398             70.9398E-09       161.779E-06  
              710.298             71.0298E-09       161.921E-06  
              711.198             71.1198E-09       162.064E-06  
              712.098             71.2098E-09       162.206E-06  
              712.998             71.2998E-09       162.348E-06  
              713.898             71.3898E-09       162.51E-06   
              714.798             71.4798E-09       162.702E-06  
              715.698             71.5698E-09       162.833E-06  
              716.598             71.6598E-09       162.982E-06  
              717.498             71.7498E-09       163.133E-06  
              718.398             71.8398E-09       163.283E-06  
              719.298             71.9298E-09       163.434E-06  
              720.198             72.0198E-09       163.583E-06  
              721.098             72.1098E-09       163.733E-06  
              721.998             72.1998E-09       163.882E-06  
              722.898             72.2898E-09       164.03E-06   
              723.798             72.3798E-09       164.178E-06  
              724.698             72.4698E-09       164.326E-06  
              725.598             72.5598E-09       164.473E-06  
              726.498             72.6498E-09       164.62E-06   
              727.398             72.7398E-09       164.767E-06  
              728.298             72.8298E-09       164.914E-06  
              729.198             72.9198E-09       165.061E-06  
              730.098             73.0098E-09       165.207E-06  
              730.998             73.0998E-09       165.354E-06  
              731.898             73.1898E-09       165.5E-06    
              732.798             73.2798E-09       165.646E-06  
              733.698             73.3698E-09       165.791E-06  
              734.598             73.4598E-09       165.956E-06  
              735.498             73.5498E-09       166.14E-06   
              736.398             73.6398E-09       166.322E-06  
              737.298             73.7298E-09       166.502E-06  
              738.198             73.8198E-09       166.68E-06   
              739.098             73.9098E-09       166.854E-06  
              739.998             73.9998E-09       167.027E-06  
              740.898             74.0898E-09       167.198E-06  
              741.798             74.1798E-09       167.366E-06  
              742.698             74.2698E-09       167.533E-06  
              743.598             74.3598E-09       167.699E-06  
              744.498             74.4498E-09       167.863E-06  
              745.398             74.5398E-09       168.026E-06  
              746.298             74.6298E-09       168.189E-06  
              747.198             74.7198E-09       168.35E-06   
              748.098             74.8098E-09       168.511E-06  
              748.998             74.8998E-09       168.671E-06  
              749.898             74.9898E-09       168.83E-06   
              750.798             75.0798E-09       168.989E-06  
              751.698             75.1698E-09       169.147E-06  
              752.598             75.2598E-09       169.305E-06  
              753.498             75.3498E-09       169.463E-06  
              754.398             75.4398E-09       169.621E-06  
              755.298             75.5298E-09       169.777E-06  
              756.198             75.6198E-09       169.934E-06  
              757.098             75.7098E-09       170.089E-06  
              757.998             75.7998E-09       170.244E-06  
              758.898             75.8898E-09       170.399E-06  
              759.798             75.9798E-09       170.554E-06  
              760.698             76.0698E-09       170.709E-06  
              761.598             76.1598E-09       170.863E-06  
              762.498             76.2498E-09       171.017E-06  
              763.398             76.3398E-09       171.171E-06  
              764.298             76.4298E-09       171.324E-06  
              765.198             76.5198E-09       171.478E-06  
              766.098             76.6098E-09       171.631E-06  
              766.998             76.6998E-09       171.784E-06  
              767.898             76.7898E-09       171.938E-06  
              768.798             76.8798E-09       172.091E-06  
              769.698             76.9698E-09       172.244E-06  
              770.598             77.0598E-09       172.397E-06  
              771.498             77.1498E-09       172.55E-06   
              772.398             77.2398E-09       172.702E-06  
              773.298             77.3298E-09       172.854E-06  
              774.198             77.4198E-09       173.006E-06  
              775.098             77.5098E-09       173.157E-06  
              775.998             77.5998E-09       173.308E-06  
              776.898             77.6898E-09       173.459E-06  
              777.798             77.7798E-09       173.609E-06  
              778.698             77.8698E-09       173.759E-06  
              779.598             77.9598E-09       173.909E-06  
              780.498             78.0498E-09       174.058E-06  
              781.398             78.1398E-09       174.208E-06  
              782.298             78.2298E-09       174.357E-06  
              783.198             78.3198E-09       174.567E-06  
              784.098             78.4098E-09       174.916E-06  
              784.998             78.4998E-09       175.267E-06  
              785.898             78.5898E-09       175.612E-06  
              786.798             78.6798E-09       175.948E-06  
              787.698             78.7698E-09       176.269E-06  
              788.598             78.8598E-09       176.575E-06  
              789.498             78.9498E-09       176.867E-06  
              790.398             79.0398E-09       177.146E-06  
              791.298             79.1298E-09       177.412E-06  
              792.198             79.2198E-09       177.667E-06  
              793.098             79.3098E-09       177.912E-06  
              793.998             79.3998E-09       178.148E-06  
              794.898             79.4898E-09       178.377E-06  
              795.798             79.5798E-09       178.761E-06  
              796.698             79.6698E-09       179.17E-06   
              797.598             79.7598E-09       179.57E-06   
              798.498             79.8498E-09       179.957E-06  
              799.398             79.9398E-09       180.326E-06  
              800.298             80.0298E-09       180.678E-06  
              801.198             80.1198E-09       181.014E-06  
              802.098             80.2098E-09       181.336E-06  
              802.998             80.2998E-09       181.645E-06  
              803.898             80.3898E-09       181.944E-06  
              804.798             80.4798E-09       182.233E-06  
              805.698             80.5698E-09       182.514E-06  
              806.598             80.6598E-09       182.787E-06  
              807.498             80.7498E-09       183.054E-06  
              808.398             80.8398E-09       183.314E-06  
              809.298             80.9298E-09       183.569E-06  
              810.198             81.0198E-09       183.818E-06  
              811.098             81.1098E-09       184.062E-06  
              811.998             81.1998E-09       184.302E-06  
              812.898             81.2898E-09       184.538E-06  
              813.798             81.3798E-09       184.77E-06   
              814.698             81.4698E-09       184.997E-06  
              815.598             81.5598E-09       185.222E-06  
              816.498             81.6498E-09       185.444E-06  
              817.398             81.7398E-09       185.663E-06  
              818.298             81.8298E-09       185.879E-06  
              819.198             81.9198E-09       186.093E-06  
              820.098             82.0098E-09       186.305E-06  
              820.998             82.0998E-09       186.514E-06  
              821.898             82.1898E-09       186.721E-06  
              822.798             82.2798E-09       186.926E-06  
              823.698             82.3698E-09       187.127E-06  
              824.598             82.4598E-09       187.327E-06  
              825.498             82.5498E-09       187.524E-06  
              826.398             82.6398E-09       187.719E-06  
              827.298             82.7298E-09       187.913E-06  
              828.198             82.8198E-09       188.105E-06  
              829.098             82.9098E-09       188.295E-06  
              829.998             82.9998E-09       188.485E-06  
              830.898             83.0898E-09       188.673E-06  
              831.798             83.1798E-09       188.86E-06   
              832.698             83.2698E-09       189.047E-06  
              833.598             83.3598E-09       189.233E-06  
              834.498             83.4498E-09       189.418E-06  
              835.398             83.5398E-09       189.602E-06  
              836.298             83.6298E-09       189.786E-06  
              837.198             83.7198E-09       189.969E-06  
              838.098             83.8098E-09       190.151E-06  
              838.998             83.8998E-09       190.332E-06  
              839.898             83.9898E-09       190.513E-06  
              840.798             84.0798E-09       190.694E-06  
              841.698             84.1698E-09       190.873E-06  
              842.598             84.2598E-09       191.053E-06  
              843.498             84.3498E-09       191.232E-06  
              844.398             84.4398E-09       191.41E-06   
              845.298             84.5298E-09       191.588E-06  
              846.198             84.6198E-09       191.766E-06  
              847.098             84.7098E-09       191.944E-06  
              847.998             84.7998E-09       192.121E-06  
              848.898             84.8898E-09       192.297E-06  
              849.798             84.9798E-09       192.473E-06  
              850.698             85.0698E-09       192.649E-06  
              851.598             85.1598E-09       192.824E-06  
              852.498             85.2498E-09       193.E-06     
              853.398             85.3398E-09       193.174E-06  
              854.298             85.4298E-09       193.349E-06  
              855.198             85.5198E-09       193.523E-06  
              856.098             85.6098E-09       193.697E-06  
              856.998             85.6998E-09       193.885E-06  
              857.898             85.7898E-09       194.07E-06   
              858.798             85.8798E-09       194.254E-06  
              859.698             85.9698E-09       194.436E-06  
              860.598             86.0598E-09       194.617E-06  
              861.498             86.1498E-09       194.797E-06  
              862.398             86.2398E-09       194.975E-06  
              863.298             86.3298E-09       195.153E-06  
              864.198             86.4198E-09       195.33E-06   
              865.098             86.5098E-09       195.506E-06  
              865.998             86.5998E-09       195.682E-06  
              866.898             86.6898E-09       195.857E-06  
              867.798             86.7798E-09       196.032E-06  
              868.698             86.8698E-09       196.206E-06  
              869.598             86.9598E-09       196.38E-06   
              870.498             87.0498E-09       196.554E-06  
              871.398             87.1398E-09       196.727E-06  
              872.298             87.2298E-09       196.9E-06    
              873.198             87.3198E-09       197.073E-06  
              874.098             87.4098E-09       197.245E-06  
              874.998             87.4998E-09       197.417E-06  
              875.898             87.5898E-09       197.589E-06  
              876.798             87.6798E-09       197.761E-06  
              877.698             87.7698E-09       197.932E-06  
              878.598             87.8598E-09       198.104E-06  
              879.498             87.9498E-09       198.365E-06  
              880.398             88.0398E-09       198.805E-06  
              881.298             88.1298E-09       199.24E-06   
              882.198             88.2198E-09       199.665E-06  
              883.098             88.3098E-09       200.065E-06  
              883.998             88.3998E-09       200.435E-06  
              884.898             88.4898E-09       200.78E-06   
              885.798             88.5798E-09       201.105E-06  
              886.698             88.6698E-09       201.415E-06  
              887.598             88.7598E-09       201.713E-06  
              888.498             88.8498E-09       202.002E-06  
              889.398             88.9398E-09       202.282E-06  
              890.298             89.0298E-09       202.555E-06  
              891.198             89.1198E-09       202.822E-06  
              892.098             89.2098E-09       203.141E-06  
              892.998             89.2998E-09       203.357E-06  
              893.898             89.3898E-09       203.598E-06  
              894.798             89.4798E-09       203.839E-06  
              895.698             89.5698E-09       204.076E-06  
              896.598             89.6598E-09       204.475E-06  
              897.498             89.7498E-09       204.995E-06  
              898.398             89.8398E-09       205.515E-06  
              899.298             89.9298E-09       206.014E-06  
              900.198             90.0198E-09       206.488E-06  
              901.098             90.1098E-09       206.942E-06  
              901.998             90.1998E-09       207.362E-06  
              902.898             90.2898E-09       207.744E-06  
              903.798             90.3798E-09       208.096E-06  
              904.698             90.4698E-09       208.429E-06  
              905.598             90.5598E-09       208.748E-06  
              906.498             90.6498E-09       209.056E-06  
              907.398             90.7398E-09       209.354E-06  
              908.298             90.8298E-09       209.645E-06  
              909.198             90.9198E-09       209.93E-06   
              910.098             91.0098E-09       210.208E-06  
              910.998             91.0998E-09       210.482E-06  
              911.898             91.1898E-09       210.749E-06  
              912.798             91.2798E-09       211.012E-06  
              913.698             91.3698E-09       211.274E-06  
              914.598             91.4598E-09       211.59E-06   
              915.498             91.5498E-09       211.903E-06  
              916.398             91.6398E-09       212.208E-06  
              917.298             91.7298E-09       212.506E-06  
              918.198             91.8198E-09       212.797E-06  
              919.098             91.9098E-09       213.082E-06  
              919.998             91.9998E-09       213.43E-06   
              920.898             92.0898E-09       214.022E-06  
              921.798             92.1798E-09       214.634E-06  
              922.698             92.2698E-09       215.244E-06  
              923.598             92.3598E-09       215.827E-06  
              924.498             92.4498E-09       216.4E-06    
              925.398             92.5398E-09       216.941E-06  
              926.298             92.6298E-09       217.438E-06  
              927.198             92.7198E-09       217.901E-06  
              928.098             92.8098E-09       218.337E-06  
              928.998             92.8998E-09       218.752E-06  
              929.898             92.9898E-09       219.148E-06  
              930.798             93.0798E-09       219.529E-06  
              931.698             93.1698E-09       219.895E-06  
              932.598             93.2598E-09       220.246E-06  
              933.498             93.3498E-09       220.582E-06  
              934.398             93.4398E-09       220.904E-06  
              935.298             93.5298E-09       221.214E-06  
              936.198             93.6198E-09       221.514E-06  
              937.098             93.7098E-09       221.804E-06  
              937.998             93.7998E-09       222.087E-06  
              938.898             93.8898E-09       222.362E-06  
              939.798             93.9798E-09       222.63E-06   
              940.698             94.0698E-09       222.893E-06  
              941.598             94.1598E-09       223.15E-06   
              942.498             94.2498E-09       223.402E-06  
              943.398             94.3398E-09       223.649E-06  
              944.298             94.4298E-09       223.892E-06  
              945.198             94.5198E-09       224.131E-06  
              946.098             94.6098E-09       224.365E-06  
              946.998             94.6998E-09       224.595E-06  
              947.898             94.7898E-09       224.822E-06  
              948.798             94.8798E-09       225.045E-06  
              949.698             94.9698E-09       225.266E-06  
              950.598             95.0598E-09       225.483E-06  
              951.498             95.1498E-09       225.704E-06  
              952.398             95.2398E-09       225.915E-06  
              953.298             95.3298E-09       226.125E-06  
              954.198             95.4198E-09       226.333E-06  
              955.098             95.5098E-09       226.54E-06   
              955.998             95.5998E-09       226.745E-06  
              956.898             95.6898E-09       226.948E-06  
              957.798             95.7798E-09       227.149E-06  
              958.698             95.8698E-09       227.349E-06  
              959.598             95.9598E-09       227.548E-06  
              960.498             96.0498E-09       227.745E-06  
              961.398             96.1398E-09       227.941E-06  
              962.298             96.2298E-09       228.135E-06  
              963.198             96.3198E-09       228.329E-06  
              964.098             96.4098E-09       228.522E-06  
              964.998             96.4998E-09       228.713E-06  
              965.898             96.5898E-09       228.909E-06  
              966.798             96.6798E-09       229.102E-06  
              967.698             96.7698E-09       229.293E-06  
              968.598             96.8598E-09       229.482E-06  
              969.498             96.9498E-09       229.67E-06   
              970.398             97.0398E-09       229.858E-06  
              971.298             97.1298E-09       230.044E-06  
              972.198             97.2198E-09       230.229E-06  
              973.098             97.3098E-09       230.414E-06  
              973.998             97.3998E-09       230.598E-06  
              974.898             97.4898E-09       230.782E-06  
              975.798             97.5798E-09       230.965E-06  
              976.698             97.6698E-09       231.147E-06  
              977.598             97.7598E-09       231.33E-06   
              978.498             97.8498E-09       231.511E-06  
              979.398             97.9398E-09       231.693E-06  
              980.298             98.0298E-09       231.874E-06  
              981.198             98.1198E-09       232.061E-06  
              982.098             98.2098E-09       232.256E-06  
              982.998             98.2998E-09       232.45E-06   
              983.898             98.3898E-09       232.642E-06  
              984.798             98.4798E-09       232.833E-06  
              985.698             98.5698E-09       233.023E-06  
              986.598             98.6598E-09       233.213E-06  
              987.498             98.7498E-09       233.401E-06  
              988.398             98.8398E-09       233.588E-06  
              989.298             98.9298E-09       233.775E-06  
              990.198             99.0198E-09       233.961E-06  
              991.098             99.1098E-09       234.147E-06  
              991.998             99.1998E-09       234.332E-06  
              992.898             99.2898E-09       234.516E-06  
              993.798             99.3798E-09       234.7E-06    
              994.698             99.4698E-09       234.884E-06  
              995.598             99.5598E-09       235.067E-06  
              996.498             99.6498E-09       235.25E-06   
              997.398             99.7398E-09       235.432E-06  
              998.298             99.8298E-09       235.615E-06  
              999.198             99.9198E-09       235.797E-06  
                1.0001E+03       100.E-09           235.523E-06  
                1.001E+03        100.E-09           231.585E-06  
                1.0019E+03       100.E-09           228.27E-06   
                1.00201E+03       98.9853E-09       144.426E-06  
                1.00202E+03       97.9306E-09        58.9091E-06 
                1.00202E+03       97.9306E-09        41.5858E-06 




