
                  X             Displacement          Force      

                0.                -0.                 0.         
                1.E-03           100.E-15             1.08566E-09
                2.E-03           200.E-15           679.41E-12   
                3.5E-03          350.E-15            67.6342E-12 
                5.75E-03         575.E-15             5.33598E-12
                9.125E-03        912.5E-15          524.07E-15   
               14.1875E-03         1.41875E-12       52.3466E-15 
               21.7812E-03         2.17813E-12        5.23341E-15
               33.1719E-03         3.31719E-12      523.388E-18  
               50.2578E-03         5.02578E-12       52.3371E-18 
               75.8867E-03         7.58867E-12        5.23344E-18
              114.33E-03          11.433E-12        523.285E-21  
              171.995E-03         17.1995E-12        52.3247E-21 
              258.493E-03         25.8493E-12         5.23194E-21
              388.239E-03         38.8239E-12       523.123E-24  
              582.859E-03         58.2859E-12        52.302E-24  
              874.788E-03         87.4788E-12         5.22867E-24
                1.31268          131.268E-12        522.639E-27  
                1.96952          196.952E-12         52.2296E-27 
                2.86952          286.952E-12          5.21827E-27
                3.76952          376.952E-12        521.357E-30  
                4.66952          466.952E-12         52.0888E-30 
                5.56952          556.952E-12          5.20418E-30
                6.46952          646.952E-12        519.949E-33  
                7.36952          736.952E-12         51.948E-33  
                8.26952          826.952E-12          5.19011E-33
                9.16952          916.952E-12        518.541E-36  
               10.0695             1.00695E-09      487.811E-09  
               10.9695             1.09695E-09        1.30416E-06
               11.8695             1.18695E-09        2.11989E-06
               12.7695             1.27695E-09        2.83113E-06
               13.6695             1.36695E-09        3.30409E-06
               14.5695             1.45695E-09        3.61893E-06
               15.4695             1.54695E-09        3.89742E-06
               16.3695             1.63695E-09        4.13572E-06
               17.2695             1.72695E-09        4.34046E-06
               18.1695             1.81695E-09        4.52378E-06
               19.0695             1.90695E-09        4.69467E-06
               19.9695             1.99695E-09        4.85708E-06
               20.8695             2.08695E-09        5.01341E-06
               21.7695             2.17695E-09        5.16525E-06
               22.6695             2.26695E-09        5.3129E-06 
               23.5695             2.35695E-09        5.45694E-06
               24.4695             2.44695E-09        5.59761E-06
               25.3695             2.53695E-09        5.73499E-06
               26.2695             2.62695E-09        5.86894E-06
               27.1695             2.71695E-09        5.99916E-06
               28.0695             2.80695E-09        6.12512E-06
               28.9695             2.89695E-09        6.24595E-06
               29.8695             2.98695E-09        6.36126E-06
               30.7695             3.07695E-09        6.4712E-06 
               31.6695             3.16695E-09        6.57617E-06
               32.5695             3.25695E-09        6.67645E-06
               33.4695             3.34695E-09        6.77223E-06
               34.3695             3.43695E-09        6.8637E-06 
               35.2695             3.52695E-09        6.95098E-06
               36.1695             3.61695E-09        7.03425E-06
               37.0695             3.70695E-09        7.11369E-06
               37.9695             3.79695E-09        7.18964E-06
               38.8695             3.88695E-09        7.26246E-06
               39.7695             3.97695E-09        7.33253E-06
               40.6695             4.06695E-09        7.40015E-06
               41.5695             4.15695E-09        7.46553E-06
               42.4695             4.24695E-09        7.52888E-06
               43.3695             4.33695E-09        7.59035E-06
               44.2695             4.42695E-09        7.65009E-06
               45.1695             4.51695E-09        7.70823E-06
               46.0695             4.60695E-09        7.76485E-06
               46.9695             4.69695E-09        7.82E-06   
               47.8695             4.78695E-09        7.87375E-06
               48.7695             4.87695E-09        7.92611E-06
               49.6695             4.96695E-09        7.97714E-06
               50.5695             5.05695E-09        8.02689E-06
               51.4695             5.14695E-09        8.07542E-06
               52.3695             5.23695E-09        8.1228E-06 
               53.2695             5.32695E-09        8.16909E-06
               54.1695             5.41695E-09        8.21437E-06
               55.0695             5.50695E-09        8.25869E-06
               55.9695             5.59695E-09        8.30213E-06
               56.8695             5.68695E-09        8.34476E-06
               57.7695             5.77695E-09        8.38663E-06
               58.6695             5.86695E-09        8.4278E-06 
               59.5695             5.95695E-09        8.46833E-06
               60.4695             6.04695E-09        8.60203E-06
               61.3695             6.13695E-09       10.21E-06   
               62.2695             6.22695E-09       11.8708E-06 
               63.1695             6.31695E-09       13.4183E-06 
               64.0695             6.40695E-09       14.8701E-06 
               64.9695             6.49695E-09       16.2012E-06 
               65.8695             6.58695E-09       17.408E-06  
               66.7695             6.67695E-09       18.477E-06  
               67.6695             6.76695E-09       19.4143E-06 
               68.5695             6.85695E-09       20.2201E-06 
               69.4695             6.94695E-09       20.9132E-06 
               70.3695             7.03695E-09       21.5182E-06 
               71.2695             7.12695E-09       22.0543E-06 
               72.1695             7.21695E-09       22.5371E-06 
               73.0695             7.30695E-09       22.9793E-06 
               73.9695             7.39695E-09       23.3882E-06 
               74.8695             7.48695E-09       23.7692E-06 
               75.7695             7.57695E-09       24.1268E-06 
               76.6695             7.66695E-09       24.4642E-06 
               77.5695             7.75695E-09       24.7838E-06 
               78.4695             7.84695E-09       25.0877E-06 
               79.3695             7.93695E-09       25.3783E-06 
               80.2695             8.02695E-09       25.6571E-06 
               81.1695             8.11695E-09       25.9252E-06 
               82.0695             8.20695E-09       26.1833E-06 
               82.9695             8.29695E-09       26.4323E-06 
               83.8695             8.38695E-09       26.6729E-06 
               84.7695             8.47695E-09       26.9057E-06 
               85.6695             8.56695E-09       27.1313E-06 
               86.5695             8.65695E-09       27.3503E-06 
               87.4695             8.74695E-09       27.5631E-06 
               88.3695             8.83695E-09       27.7699E-06 
               89.2695             8.92695E-09       27.9712E-06 
               90.1695             9.01695E-09       28.1673E-06 
               91.0695             9.10695E-09       28.3583E-06 
               91.9695             9.19695E-09       28.5446E-06 
               92.8695             9.28695E-09       28.7265E-06 
               93.7695             9.37695E-09       28.904E-06  
               94.6695             9.46695E-09       29.0776E-06 
               95.5695             9.55695E-09       29.2472E-06 
               96.4695             9.64695E-09       29.4131E-06 
               97.3695             9.73695E-09       29.5755E-06 
               98.2695             9.82695E-09       29.7345E-06 
               99.1695             9.91695E-09       29.8904E-06 
              100.07              10.007E-09         30.0432E-06 
              100.97              10.097E-09         30.1931E-06 
              101.87              10.187E-09         30.3404E-06 
              102.77              10.277E-09         30.4851E-06 
              103.67              10.367E-09         30.6274E-06 
              104.57              10.457E-09         30.7674E-06 
              105.47              10.547E-09         30.9052E-06 
              106.37              10.637E-09         31.0408E-06 
              107.27              10.727E-09         31.1744E-06 
              108.17              10.817E-09         31.306E-06  
              109.07              10.907E-09         31.4357E-06 
              109.97              10.997E-09         31.5637E-06 
              110.87              11.087E-09         31.69E-06   
              111.77              11.177E-09         31.8147E-06 
              112.67              11.267E-09         31.9378E-06 
              113.57              11.357E-09         32.0595E-06 
              114.47              11.447E-09         32.2693E-06 
              115.37              11.537E-09         32.9098E-06 
              116.27              11.627E-09         33.5661E-06 
              117.17              11.717E-09         34.171E-06  
              118.07              11.807E-09         34.8845E-06 
              118.97              11.897E-09         35.8775E-06 
              119.87              11.987E-09         36.8888E-06 
              120.77              12.077E-09         37.8111E-06 
              121.67              12.167E-09         38.6347E-06 
              122.57              12.257E-09         39.3596E-06 
              123.47              12.347E-09         40.0028E-06 
              124.37              12.437E-09         40.5792E-06 
              125.27              12.527E-09         41.1001E-06 
              126.17              12.617E-09         41.5745E-06 
              127.07              12.707E-09         42.0088E-06 
              127.97              12.797E-09         42.406E-06  
              128.87              12.887E-09         42.7708E-06 
              129.77              12.977E-09         43.1096E-06 
              130.67              13.067E-09         43.4271E-06 
              131.57              13.157E-09         43.7253E-06 
              132.47              13.247E-09         44.0057E-06 
              133.37              13.337E-09         44.2705E-06 
              134.27              13.427E-09         44.5215E-06 
              135.17              13.517E-09         44.7603E-06 
              136.07              13.607E-09         44.9885E-06 
              136.97              13.697E-09         45.208E-06  
              137.87              13.787E-09         45.4203E-06 
              138.77              13.877E-09         45.6268E-06 
              139.67              13.967E-09         45.8281E-06 
              140.57              14.057E-09         46.025E-06  
              141.47              14.147E-09         46.2177E-06 
              142.37              14.237E-09         46.4065E-06 
              143.27              14.327E-09         46.5918E-06 
              144.17              14.417E-09         46.7738E-06 
              145.07              14.507E-09         46.9528E-06 
              145.97              14.597E-09         47.1287E-06 
              146.87              14.687E-09         47.3016E-06 
              147.77              14.777E-09         47.4715E-06 
              148.67              14.867E-09         47.6383E-06 
              149.57              14.957E-09         47.8025E-06 
              150.47              15.047E-09         47.9641E-06 
              151.37              15.137E-09         48.1233E-06 
              152.27              15.227E-09         48.2803E-06 
              153.17              15.317E-09         48.4352E-06 
              154.07              15.407E-09         48.5882E-06 
              154.97              15.497E-09         48.7393E-06 
              155.87              15.587E-09         48.8886E-06 
              156.77              15.677E-09         49.0362E-06 
              157.67              15.767E-09         49.182E-06  
              158.57              15.857E-09         49.3263E-06 
              159.47              15.947E-09         49.4691E-06 
              160.37              16.037E-09         49.6103E-06 
              161.27              16.127E-09         49.7502E-06 
              162.17              16.217E-09         49.8886E-06 
              163.07              16.307E-09         50.0256E-06 
              163.97              16.397E-09         50.1614E-06 
              164.87              16.487E-09         50.296E-06  
              165.77              16.577E-09         50.4293E-06 
              166.67              16.667E-09         50.5614E-06 
              167.57              16.757E-09         50.6924E-06 
              168.47              16.847E-09         50.8223E-06 
              169.37              16.937E-09         50.9512E-06 
              170.27              17.027E-09         51.0789E-06 
              171.17              17.117E-09         51.2057E-06 
              172.07              17.207E-09         51.3314E-06 
              172.97              17.297E-09         51.4562E-06 
              173.87              17.387E-09         51.5801E-06 
              174.77              17.477E-09         51.703E-06  
              175.67              17.567E-09         51.8251E-06 
              176.57              17.657E-09         51.9463E-06 
              177.47              17.747E-09         52.0667E-06 
              178.37              17.837E-09         52.1863E-06 
              179.27              17.927E-09         52.3051E-06 
              180.17              18.017E-09         52.4232E-06 
              181.07              18.107E-09         52.5405E-06 
              181.97              18.197E-09         52.657E-06  
              182.87              18.287E-09         52.7728E-06 
              183.77              18.377E-09         52.8879E-06 
              184.67              18.467E-09         53.0023E-06 
              185.57              18.557E-09         53.1159E-06 
              186.47              18.647E-09         53.2289E-06 
              187.37              18.737E-09         53.3412E-06 
              188.27              18.827E-09         53.4528E-06 
              189.17              18.917E-09         53.5639E-06 
              190.07              19.007E-09         53.6745E-06 
              190.97              19.097E-09         53.7845E-06 
              191.87              19.187E-09         53.894E-06  
              192.77              19.277E-09         54.003E-06  
              193.67              19.367E-09         54.1114E-06 
              194.57              19.457E-09         54.2193E-06 
              195.47              19.547E-09         54.3267E-06 
              196.37              19.637E-09         54.4338E-06 
              197.27              19.727E-09         54.5404E-06 
              198.17              19.817E-09         54.6465E-06 
              199.07              19.907E-09         54.7521E-06 
              199.97              19.997E-09         54.8572E-06 
              200.87              20.087E-09         54.962E-06  
              201.77              20.177E-09         55.0664E-06 
              202.67              20.267E-09         55.1704E-06 
              203.57              20.357E-09         55.274E-06  
              204.47              20.447E-09         55.3772E-06 
              205.37              20.537E-09         55.48E-06   
              206.27              20.627E-09         55.5825E-06 
              207.17              20.717E-09         55.6846E-06 
              208.07              20.807E-09         55.7863E-06 
              208.97              20.897E-09         55.8877E-06 
              209.87              20.987E-09         55.9887E-06 
              210.77              21.077E-09         56.0894E-06 
              211.67              21.167E-09         56.1898E-06 
              212.57              21.257E-09         56.29E-06   
              213.47              21.347E-09         56.3898E-06 
              214.37              21.437E-09         56.4893E-06 
              215.27              21.527E-09         56.5883E-06 
              216.17              21.617E-09         56.687E-06  
              217.07              21.707E-09         56.7853E-06 
              217.97              21.797E-09         56.8833E-06 
              218.87              21.887E-09         56.981E-06  
              219.77              21.977E-09         57.0785E-06 
              220.67              22.067E-09         57.1757E-06 
              221.57              22.157E-09         57.2727E-06 
              222.47              22.247E-09         57.3696E-06 
              223.37              22.337E-09         57.4662E-06 
              224.27              22.427E-09         57.5627E-06 
              225.17              22.517E-09         57.6592E-06 
              226.07              22.607E-09         57.7554E-06 
              226.97              22.697E-09         57.8513E-06 
              227.87              22.787E-09         57.9471E-06 
              228.77              22.877E-09         58.0428E-06 
              229.67              22.967E-09         58.1381E-06 
              230.57              23.057E-09         58.2332E-06 
              231.47              23.147E-09         58.3282E-06 
              232.37              23.237E-09         58.4231E-06 
              233.27              23.327E-09         58.5179E-06 
              234.17              23.417E-09         58.6127E-06 
              235.07              23.507E-09         58.9752E-06 
              235.97              23.597E-09         59.4581E-06 
              236.87              23.687E-09         59.9188E-06 
              237.77              23.777E-09         60.3621E-06 
              238.67              23.867E-09         60.7826E-06 
              239.57              23.957E-09         61.3941E-06 
              240.47              24.047E-09         62.1268E-06 
              241.37              24.137E-09         62.8166E-06 
              242.27              24.227E-09         63.4678E-06 
              243.17              24.317E-09         64.0771E-06 
              244.07              24.407E-09         64.6397E-06 
              244.97              24.497E-09         65.1594E-06 
              245.87              24.587E-09         65.6316E-06 
              246.77              24.677E-09         66.0551E-06 
              247.67              24.767E-09         66.4377E-06 
              248.57              24.857E-09         66.7847E-06 
              249.47              24.947E-09         67.1051E-06 
              250.37              25.037E-09         67.4028E-06 
              251.27              25.127E-09         67.679E-06  
              252.17              25.217E-09         67.9344E-06 
              253.07              25.307E-09         68.1708E-06 
              253.97              25.397E-09         68.3911E-06 
              254.87              25.487E-09         68.5984E-06 
              255.77              25.577E-09         68.795E-06  
              256.67              25.667E-09         68.9826E-06 
              257.57              25.757E-09         69.1625E-06 
              258.47              25.847E-09         69.3357E-06 
              259.37              25.937E-09         69.5032E-06 
              260.27              26.027E-09         69.6656E-06 
              261.17              26.117E-09         69.8237E-06 
              262.07              26.207E-09         69.9779E-06 
              262.97              26.297E-09         70.1286E-06 
              263.87              26.387E-09         70.2759E-06 
              264.77              26.477E-09         70.42E-06   
              265.67              26.567E-09         70.5612E-06 
              266.57              26.657E-09         70.6996E-06 
              267.47              26.747E-09         70.8356E-06 
              268.37              26.837E-09         70.9695E-06 
              269.27              26.927E-09         71.1016E-06 
              270.17              27.017E-09         71.232E-06  
              271.07              27.107E-09         71.3606E-06 
              271.97              27.197E-09         71.4849E-06 
              272.87              27.287E-09         71.6685E-06 
              273.77              27.377E-09         71.9239E-06 
              274.67              27.467E-09         72.2694E-06 
              275.57              27.557E-09         72.6353E-06 
              276.47              27.647E-09         72.9848E-06 
              277.37              27.737E-09         73.3161E-06 
              278.27              27.827E-09         73.6297E-06 
              279.17              27.917E-09         73.927E-06  
              280.07              28.007E-09         74.2085E-06 
              280.97              28.097E-09         74.4739E-06 
              281.87              28.187E-09         74.7238E-06 
              282.77              28.277E-09         74.9601E-06 
              283.67              28.367E-09         75.1849E-06 
              284.57              28.457E-09         75.3998E-06 
              285.47              28.547E-09         75.6052E-06 
              286.37              28.637E-09         75.8016E-06 
              287.27              28.727E-09         75.9894E-06 
              288.17              28.817E-09         76.1695E-06 
              289.07              28.907E-09         76.3428E-06 
              289.97              28.997E-09         76.5109E-06 
              290.87              29.087E-09         76.6742E-06 
              291.77              29.177E-09         76.8331E-06 
              292.67              29.267E-09         76.988E-06  
              293.57              29.357E-09         77.1395E-06 
              294.47              29.447E-09         77.2879E-06 
              295.37              29.537E-09         77.4328E-06 
              296.27              29.627E-09         77.5752E-06 
              297.17              29.717E-09         77.7154E-06 
              298.07              29.807E-09         77.8534E-06 
              298.97              29.897E-09         77.9888E-06 
              299.87              29.987E-09         78.1217E-06 
              300.77              30.077E-09         78.2525E-06 
              301.67              30.167E-09         78.3859E-06 
              302.57              30.257E-09         78.5105E-06 
              303.47              30.347E-09         78.6365E-06 
              304.37              30.437E-09         78.7616E-06 
              305.27              30.527E-09         78.8852E-06 
              306.17              30.617E-09         79.0075E-06 
              307.07              30.707E-09         79.1285E-06 
              307.97              30.797E-09         79.2485E-06 
              308.87              30.887E-09         79.3671E-06 
              309.77              30.977E-09         79.4847E-06 
              310.67              31.067E-09         79.6016E-06 
              311.57              31.157E-09         80.055E-06  
              312.47              31.247E-09         80.0299E-06 
              313.37              31.337E-09         80.3751E-06 
              314.27              31.427E-09         80.7244E-06 
              315.17              31.517E-09         81.0673E-06 
              316.07              31.607E-09         81.3943E-06 
              316.97              31.697E-09         81.6999E-06 
              317.87              31.787E-09         81.9793E-06 
              318.77              31.877E-09         82.4535E-06 
              319.67              31.967E-09         82.9999E-06 
              320.57              32.057E-09         83.6234E-06 
              321.47              32.147E-09         84.2176E-06 
              322.37              32.237E-09         84.7771E-06 
              323.27              32.327E-09         85.3027E-06 
              324.17              32.417E-09         85.7924E-06 
              325.07              32.507E-09         86.2441E-06 
              325.97              32.597E-09         86.662E-06  
              326.87              32.687E-09         87.0513E-06 
              327.77              32.777E-09         87.4146E-06 
              328.67              32.867E-09         87.7533E-06 
              329.57              32.957E-09         88.0709E-06 
              330.47              33.047E-09         88.4058E-06 
              331.37              33.137E-09         88.9631E-06 
              332.27              33.227E-09         89.5282E-06 
              333.17              33.317E-09         90.0733E-06 
              334.07              33.407E-09         90.5894E-06 
              334.97              33.497E-09         91.0675E-06 
              335.87              33.587E-09         91.5092E-06 
              336.77              33.677E-09         91.92E-06   
              337.67              33.767E-09         92.3036E-06 
              338.57              33.8569E-09        92.663E-06  
              339.47              33.947E-09         93.0014E-06 
              340.37              34.037E-09         93.3214E-06 
              341.27              34.127E-09         93.6247E-06 
              342.17              34.217E-09         93.9127E-06 
              343.07              34.307E-09         94.1862E-06 
              343.97              34.397E-09         94.446E-06  
              344.87              34.487E-09         94.6932E-06 
              345.77              34.577E-09         94.9296E-06 
              346.67              34.667E-09         95.1567E-06 
              347.57              34.757E-09         95.3759E-06 
              348.47              34.847E-09         95.5881E-06 
              349.37              34.937E-09         95.7939E-06 
              350.27              35.027E-09         95.994E-06  
              351.17              35.117E-09         96.1889E-06 
              352.07              35.207E-09         96.3789E-06 
              352.97              35.297E-09         96.5647E-06 
              353.87              35.387E-09         96.7465E-06 
              354.77              35.4769E-09        96.9248E-06 
              355.67              35.567E-09         97.1E-06    
              356.57              35.657E-09         97.2724E-06 
              357.47              35.747E-09         97.4421E-06 
              358.37              35.8369E-09        97.6092E-06 
              359.27              35.9269E-09        97.7738E-06 
              360.17              36.017E-09         97.9361E-06 
              361.07              36.107E-09         98.0962E-06 
              361.97              36.1969E-09        98.2544E-06 
              362.87              36.2869E-09        98.4108E-06 
              363.77              36.377E-09         98.5654E-06 
              364.67              36.467E-09         98.7184E-06 
              365.57              36.557E-09         98.8701E-06 
              366.47              36.647E-09         99.0205E-06 
              367.37              36.737E-09         99.1697E-06 
              368.27              36.827E-09         99.3176E-06 
              369.17              36.917E-09         99.4646E-06 
              370.07              37.007E-09         99.6105E-06 
              370.97              37.097E-09         99.7555E-06 
              371.87              37.187E-09         99.8997E-06 
              372.77              37.277E-09        100.043E-06  
              373.67              37.367E-09        100.185E-06  
              374.57              37.457E-09        100.327E-06  
              375.47              37.547E-09        100.468E-06  
              376.37              37.637E-09        100.608E-06  
              377.27              37.727E-09        100.961E-06  
              378.17              37.817E-09        100.97E-06   
              379.07              37.907E-09        101.06E-06   
              379.97              37.997E-09        101.181E-06  
              380.87              38.087E-09        101.31E-06   
              381.77              38.177E-09        101.443E-06  
              382.67              38.267E-09        101.577E-06  
              383.57              38.357E-09        101.711E-06  
              384.47              38.447E-09        101.845E-06  
              385.37              38.537E-09        101.979E-06  
              386.27              38.627E-09        102.113E-06  
              387.17              38.717E-09        102.247E-06  
              388.07              38.807E-09        102.38E-06   
              388.97              38.897E-09        102.512E-06  
              389.87              38.9869E-09       102.644E-06  
              390.77              39.077E-09        102.776E-06  
              391.67              39.167E-09        102.907E-06  
              392.57              39.257E-09        103.039E-06  
              393.47              39.347E-09        103.171E-06  
              394.37              39.437E-09        103.302E-06  
              395.27              39.527E-09        103.433E-06  
              396.17              39.617E-09        103.564E-06  
              397.07              39.707E-09        103.695E-06  
              397.97              39.797E-09        103.826E-06  
              398.87              39.887E-09        103.956E-06  
              399.77              39.977E-09        104.086E-06  
              400.67              40.067E-09        104.216E-06  
              401.57              40.157E-09        104.346E-06  
              402.47              40.247E-09        104.475E-06  
              403.37              40.337E-09        104.604E-06  
              404.27              40.427E-09        104.732E-06  
              405.17              40.517E-09        104.86E-06   
              406.07              40.607E-09        104.987E-06  
              406.97              40.697E-09        105.114E-06  
              407.87              40.787E-09        105.241E-06  
              408.77              40.877E-09        105.368E-06  
              409.67              40.9669E-09       105.494E-06  
              410.57              41.057E-09        105.621E-06  
              411.47              41.147E-09        105.747E-06  
              412.37              41.237E-09        105.873E-06  
              413.27              41.327E-09        106.E-06     
              414.17              41.417E-09        106.003E-06  
              415.07              41.507E-09        105.876E-06  
              415.97              41.597E-09        106.197E-06  
              416.87              41.687E-09        106.404E-06  
              417.77              41.777E-09        106.595E-06  
              418.67              41.867E-09        106.766E-06  
              419.57              41.957E-09        106.922E-06  
              420.47              42.047E-09        107.068E-06  
              421.37              42.137E-09        107.206E-06  
              422.27              42.227E-09        107.338E-06  
              423.17              42.317E-09        107.467E-06  
              424.07              42.407E-09        107.594E-06  
              424.97              42.497E-09        107.72E-06   
              425.87              42.587E-09        107.845E-06  
              426.77              42.677E-09        107.97E-06   
              427.67              42.767E-09        108.094E-06  
              428.57              42.857E-09        108.217E-06  
              429.47              42.947E-09        108.34E-06   
              430.37              43.037E-09        108.462E-06  
              431.27              43.127E-09        108.584E-06  
              432.17              43.217E-09        108.706E-06  
              433.07              43.307E-09        108.828E-06  
              433.97              43.3969E-09       108.949E-06  
              434.87              43.487E-09        109.07E-06   
              435.77              43.577E-09        109.191E-06  
              436.67              43.667E-09        109.312E-06  
              437.57              43.757E-09        109.433E-06  
              438.47              43.847E-09        109.554E-06  
              439.37              43.937E-09        109.674E-06  
              440.27              44.027E-09        109.795E-06  
              441.17              44.117E-09        109.916E-06  
              442.07              44.207E-09        110.004E-06  
              442.97              44.297E-09        110.143E-06  
              443.87              44.387E-09        110.271E-06  
              444.77              44.477E-09        110.396E-06  
              445.67              44.567E-09        110.518E-06  
              446.57              44.657E-09        110.64E-06   
              447.47              44.747E-09        110.76E-06   
              448.37              44.837E-09        110.88E-06   
              449.27              44.927E-09        111.E-06     
              450.17              45.017E-09        111.119E-06  
              451.07              45.107E-09        111.238E-06  
              451.97              45.197E-09        111.357E-06  
              452.87              45.287E-09        111.475E-06  
              453.77              45.377E-09        111.593E-06  
              454.67              45.467E-09        111.712E-06  
              455.57              45.557E-09        111.83E-06   
              456.47              45.647E-09        111.947E-06  
              457.37              45.737E-09        112.065E-06  
              458.27              45.827E-09        112.183E-06  
              459.17              45.917E-09        112.3E-06    
              460.07              46.007E-09        112.417E-06  
              460.97              46.097E-09        112.535E-06  
              461.87              46.187E-09        112.652E-06  
              462.77              46.277E-09        112.769E-06  
              463.67              46.367E-09        112.887E-06  
              464.57              46.457E-09        113.004E-06  
              465.47              46.547E-09        113.121E-06  
              466.37              46.637E-09        113.238E-06  
              467.27              46.727E-09        113.355E-06  
              468.17              46.817E-09        113.471E-06  
              469.07              46.907E-09        113.588E-06  
              469.97              46.997E-09        113.704E-06  
              470.87              47.087E-09        113.821E-06  
              471.77              47.177E-09        113.937E-06  
              472.67              47.267E-09        114.053E-06  
              473.57              47.357E-09        114.169E-06  
              474.47              47.447E-09        114.285E-06  
              475.37              47.537E-09        114.401E-06  
              476.27              47.627E-09        114.517E-06  
              477.17              47.717E-09        114.633E-06  
              478.07              47.807E-09        114.749E-06  
              478.97              47.8969E-09       114.865E-06  
              479.87              47.987E-09        114.98E-06   
              480.77              48.077E-09        115.096E-06  
              481.67              48.167E-09        115.212E-06  
              482.57              48.257E-09        115.327E-06  
              483.47              48.347E-09        115.442E-06  
              484.37              48.437E-09        115.558E-06  
              485.27              48.527E-09        115.673E-06  
              486.17              48.617E-09        115.788E-06  
              487.07              48.707E-09        115.903E-06  
              487.97              48.797E-09        116.018E-06  
              488.87              48.887E-09        116.236E-06  
              489.77              48.977E-09        116.681E-06  
              490.67              49.067E-09        117.138E-06  
              491.57              49.157E-09        117.582E-06  
              492.47              49.247E-09        118.009E-06  
              493.37              49.337E-09        118.407E-06  
              494.27              49.427E-09        118.772E-06  
              495.17              49.5169E-09       119.112E-06  
              496.07              49.607E-09        119.424E-06  
              496.97              49.697E-09        119.707E-06  
              497.87              49.787E-09        119.968E-06  
              498.77              49.8769E-09       120.213E-06  
              499.67              49.967E-09        120.444E-06  
              500.57              50.057E-09        120.665E-06  
              501.47              50.147E-09        120.875E-06  
              502.37              50.2369E-09       121.076E-06  
              503.27              50.327E-09        121.268E-06  
              504.17              50.417E-09        121.452E-06  
              505.07              50.507E-09        121.629E-06  
              505.97              50.597E-09        121.8E-06    
              506.87              50.687E-09        121.965E-06  
              507.77              50.777E-09        122.127E-06  
              508.67              50.867E-09        122.283E-06  
              509.57              50.957E-09        122.436E-06  
              510.47              51.047E-09        122.586E-06  
              511.37              51.137E-09        122.732E-06  
              512.27              51.227E-09        122.875E-06  
              513.169             51.317E-09        123.015E-06  
              514.07              51.407E-09        123.153E-06  
              514.97              51.497E-09        123.29E-06   
              515.87              51.587E-09        123.424E-06  
              516.77              51.677E-09        123.557E-06  
              517.669             51.767E-09        123.689E-06  
              518.57              51.857E-09        123.82E-06   
              519.47              51.947E-09        123.95E-06   
              520.37              52.037E-09        124.079E-06  
              521.27              52.127E-09        124.207E-06  
              522.169             52.217E-09        124.335E-06  
              523.07              52.307E-09        124.529E-06  
              523.97              52.397E-09        124.607E-06  
              524.87              52.487E-09        124.722E-06  
              525.77              52.577E-09        124.842E-06  
              526.669             52.667E-09        124.964E-06  
              527.57              52.757E-09        125.087E-06  
              528.47              52.847E-09        125.21E-06   
              529.37              52.937E-09        125.332E-06  
              530.27              53.027E-09        125.454E-06  
              531.169             53.117E-09        125.576E-06  
              532.07              53.207E-09        125.698E-06  
              532.97              53.297E-09        125.819E-06  
              533.87              53.387E-09        125.94E-06   
              534.77              53.477E-09        126.061E-06  
              535.669             53.567E-09        126.181E-06  
              536.57              53.657E-09        126.301E-06  
              537.47              53.747E-09        126.421E-06  
              538.37              53.837E-09        126.541E-06  
              539.27              53.927E-09        126.66E-06   
              540.169             54.017E-09        126.779E-06  
              541.07              54.107E-09        126.898E-06  
              541.97              54.197E-09        127.017E-06  
              542.87              54.287E-09        127.135E-06  
              543.77              54.377E-09        127.253E-06  
              544.669             54.467E-09        127.371E-06  
              545.57              54.557E-09        127.489E-06  
              546.47              54.647E-09        127.606E-06  
              547.37              54.737E-09        127.724E-06  
              548.27              54.827E-09        127.887E-06  
              549.169             54.917E-09        127.972E-06  
              550.07              55.007E-09        128.081E-06  
              550.97              55.097E-09        128.195E-06  
              551.87              55.187E-09        128.31E-06   
              552.77              55.277E-09        128.426E-06  
              553.669             55.367E-09        128.542E-06  
              554.57              55.457E-09        128.658E-06  
              555.47              55.547E-09        128.774E-06  
              556.37              55.637E-09        128.891E-06  
              557.27              55.727E-09        129.007E-06  
              558.169             55.817E-09        129.123E-06  
              559.07              55.907E-09        129.239E-06  
              559.97              55.997E-09        129.355E-06  
              560.87              56.087E-09        129.471E-06  
              561.77              56.177E-09        129.587E-06  
              562.669             56.267E-09        129.703E-06  
              563.57              56.357E-09        129.819E-06  
              564.47              56.447E-09        129.935E-06  
              565.37              56.537E-09        130.05E-06   
              566.27              56.627E-09        130.166E-06  
              567.169             56.717E-09        130.281E-06  
              568.07              56.807E-09        130.397E-06  
              568.97              56.897E-09        130.512E-06  
              569.87              56.987E-09        130.627E-06  
              570.77              57.077E-09        130.631E-06  
              571.669             57.167E-09        130.825E-06  
              572.57              57.257E-09        130.945E-06  
              573.47              57.347E-09        131.071E-06  
              574.37              57.437E-09        131.193E-06  
              575.27              57.527E-09        131.313E-06  
              576.169             57.617E-09        131.725E-06  
              577.07              57.707E-09        132.207E-06  
              577.97              57.797E-09        132.679E-06  
              578.87              57.887E-09        133.133E-06  
              579.77              57.977E-09        133.568E-06  
              580.669             58.067E-09        133.975E-06  
              581.57              58.157E-09        134.343E-06  
              582.47              58.247E-09        134.675E-06  
              583.37              58.337E-09        134.98E-06   
              584.27              58.4269E-09       135.267E-06  
              585.169             58.517E-09        135.537E-06  
              586.07              58.607E-09        135.827E-06  
              586.97              58.697E-09        136.271E-06  
              587.87              58.7869E-09       136.735E-06  
              588.77              58.877E-09        137.172E-06  
              589.669             58.967E-09        137.583E-06  
              590.57              59.057E-09        137.968E-06  
              591.47              59.147E-09        138.331E-06  
              592.37              59.237E-09        138.677E-06  
              593.27              59.327E-09        139.086E-06  
              594.169             59.417E-09        139.605E-06  
              595.07              59.507E-09        140.259E-06  
              595.97              59.597E-09        140.881E-06  
              596.87              59.687E-09        141.516E-06  
              597.77              59.777E-09        142.105E-06  
              598.669             59.867E-09        142.649E-06  
              599.57              59.957E-09        143.154E-06  
              600.47              60.047E-09        143.622E-06  
              601.37              60.137E-09        144.054E-06  
              602.27              60.227E-09        144.458E-06  
              603.169             60.317E-09        144.838E-06  
              604.07              60.407E-09        145.196E-06  
              604.97              60.497E-09        145.536E-06  
              605.87              60.587E-09        145.861E-06  
              606.77              60.677E-09        146.172E-06  
              607.669             60.767E-09        146.47E-06   
              608.57              60.857E-09        146.755E-06  
              609.47              60.947E-09        147.03E-06   
              610.37              61.037E-09        147.305E-06  
              611.27              61.127E-09        147.589E-06  
              612.169             61.217E-09        147.861E-06  
              613.07              61.307E-09        148.122E-06  
              613.97              61.397E-09        148.375E-06  
              614.87              61.4869E-09       148.619E-06  
              615.77              61.577E-09        148.856E-06  
              616.669             61.667E-09        149.086E-06  
              617.57              61.757E-09        149.31E-06   
              618.47              61.847E-09        149.528E-06  
              619.37              61.937E-09        149.741E-06  
              620.27              62.0269E-09       149.949E-06  
              621.169             62.117E-09        150.153E-06  
              622.07              62.207E-09        150.354E-06  
              622.97              62.297E-09        150.551E-06  
              623.87              62.3869E-09       150.744E-06  
              624.77              62.477E-09        150.935E-06  
              625.669             62.567E-09        151.123E-06  
              626.57              62.657E-09        151.308E-06  
              627.47              62.7469E-09       151.491E-06  
              628.37              62.837E-09        151.672E-06  
              629.27              62.9269E-09       151.851E-06  
              630.169             63.017E-09        152.027E-06  
              631.07              63.107E-09        152.202E-06  
              631.97              63.197E-09        152.226E-06  
              632.87              63.287E-09        152.473E-06  
              633.77              63.377E-09        152.659E-06  
              634.669             63.4669E-09       152.852E-06  
              635.57              63.557E-09        153.034E-06  
              636.47              63.647E-09        153.208E-06  
              637.37              63.737E-09        153.377E-06  
              638.27              63.827E-09        153.542E-06  
              639.169             63.917E-09        153.706E-06  
              640.07              64.007E-09        153.868E-06  
              640.97              64.0969E-09       154.03E-06   
              641.87              64.187E-09        154.19E-06   
              642.77              64.2769E-09       154.35E-06   
              643.669             64.367E-09        154.509E-06  
              644.57              64.457E-09        154.668E-06  
              645.47              64.547E-09        154.826E-06  
              646.37              64.637E-09        154.983E-06  
              647.27              64.727E-09        155.139E-06  
              648.169             64.817E-09        155.295E-06  
              649.07              64.907E-09        155.451E-06  
              649.97              64.9969E-09       155.605E-06  
              650.87              65.087E-09        155.759E-06  
              651.77              65.177E-09        155.913E-06  
              652.669             65.267E-09        156.084E-06  
              653.57              65.357E-09        156.251E-06  
              654.47              65.447E-09        156.417E-06  
              655.37              65.537E-09        156.581E-06  
              656.27              65.627E-09        156.743E-06  
              657.169             65.7169E-09       156.904E-06  
              658.07              65.807E-09        157.064E-06  
              658.97              65.897E-09        157.223E-06  
              659.87              65.987E-09        157.38E-06   
              660.77              66.077E-09        157.537E-06  
              661.669             66.167E-09        157.693E-06  
              662.57              66.257E-09        157.849E-06  
              663.47              66.347E-09        158.004E-06  
              664.37              66.437E-09        158.159E-06  
              665.27              66.527E-09        158.313E-06  
              666.169             66.617E-09        158.467E-06  
              667.07              66.707E-09        158.62E-06   
              667.97              66.797E-09        158.773E-06  
              668.87              66.887E-09        158.93E-06   
              669.77              66.977E-09        159.096E-06  
              670.669             67.067E-09        159.259E-06  
              671.57              67.157E-09        159.419E-06  
              672.47              67.247E-09        159.577E-06  
              673.37              67.337E-09        159.734E-06  
              674.27              67.427E-09        159.89E-06   
              675.169             67.517E-09        160.046E-06  
              676.07              67.607E-09        160.2E-06    
              676.97              67.697E-09        160.353E-06  
              677.87              67.787E-09        160.506E-06  
              678.77              67.877E-09        160.659E-06  
              679.669             67.967E-09        160.811E-06  
              680.57              68.057E-09        160.963E-06  
              681.47              68.147E-09        161.157E-06  
              682.37              68.2369E-09       161.279E-06  
              683.27              68.327E-09        161.424E-06  
              684.169             68.417E-09        161.572E-06  
              685.07              68.507E-09        161.721E-06  
              685.97              68.597E-09        161.871E-06  
              686.87              68.687E-09        162.02E-06   
              687.77              68.777E-09        162.17E-06   
              688.669             68.867E-09        162.319E-06  
              689.57              68.9569E-09       162.468E-06  
              690.47              69.047E-09        162.617E-06  
              691.37              69.1369E-09       162.766E-06  
              692.27              69.227E-09        162.915E-06  
              693.169             69.317E-09        163.064E-06  
              694.07              69.407E-09        163.213E-06  
              694.97              69.497E-09        163.361E-06  
              695.87              69.587E-09        163.509E-06  
              696.77              69.6769E-09       163.658E-06  
              697.669             69.767E-09        163.806E-06  
              698.57              69.8569E-09       163.954E-06  
              699.47              69.947E-09        164.102E-06  
              700.37              70.037E-09        164.25E-06   
              701.27              70.127E-09        164.398E-06  
              702.169             70.217E-09        164.546E-06  
              703.07              70.3069E-09       164.693E-06  
              703.97              70.3969E-09       164.841E-06  
              704.87              70.487E-09        164.989E-06  
              705.77              70.577E-09        165.137E-06  
              706.669             70.667E-09        165.285E-06  
              707.57              70.757E-09        165.432E-06  
              708.47              70.847E-09        165.579E-06  
              709.37              70.937E-09        165.727E-06  
              710.27              71.027E-09        165.874E-06  
              711.169             71.1169E-09       166.021E-06  
              712.07              71.2069E-09       166.168E-06  
              712.97              71.297E-09        166.315E-06  
              713.87              71.387E-09        166.462E-06  
              714.77              71.477E-09        166.609E-06  
              715.669             71.567E-09        166.757E-06  
              716.57              71.657E-09        166.904E-06  
              717.47              71.747E-09        167.051E-06  
              718.37              71.837E-09        167.198E-06  
              719.27              71.9269E-09       167.345E-06  
              720.169             72.017E-09        167.492E-06  
              721.07              72.107E-09        167.638E-06  
              721.97              72.197E-09        167.785E-06  
              722.87              72.287E-09        167.931E-06  
              723.77              72.377E-09        168.078E-06  
              724.669             72.467E-09        168.224E-06  
              725.57              72.557E-09        168.37E-06   
              726.47              72.6469E-09       168.517E-06  
              727.37              72.737E-09        168.663E-06  
              728.27              72.827E-09        168.809E-06  
              729.169             72.917E-09        168.955E-06  
              730.07              73.007E-09        169.101E-06  
              730.97              73.097E-09        169.248E-06  
              731.87              73.187E-09        169.394E-06  
              732.77              73.277E-09        169.541E-06  
              733.669             73.367E-09        169.688E-06  
              734.57              73.457E-09        169.835E-06  
              735.47              73.547E-09        169.982E-06  
              736.37              73.637E-09        170.129E-06  
              737.27              73.727E-09        170.277E-06  
              738.169             73.817E-09        170.425E-06  
              739.07              73.907E-09        170.573E-06  
              739.97              73.997E-09        170.721E-06  
              740.87              74.087E-09        170.869E-06  
              741.77              74.177E-09        171.018E-06  
              742.669             74.267E-09        171.167E-06  
              743.57              74.357E-09        171.316E-06  
              744.47              74.447E-09        171.465E-06  
              745.37              74.537E-09        171.614E-06  
              746.27              74.627E-09        171.763E-06  
              747.169             74.717E-09        171.913E-06  
              748.07              74.807E-09        172.062E-06  
              748.97              74.897E-09        172.212E-06  
              749.87              74.987E-09        172.362E-06  
              750.77              75.077E-09        172.512E-06  
              751.669             75.1669E-09       172.662E-06  
              752.57              75.257E-09        172.812E-06  
              753.47              75.3469E-09       172.962E-06  
              754.37              75.437E-09        173.112E-06  
              755.27              75.527E-09        173.262E-06  
              756.169             75.617E-09        173.413E-06  
              757.07              75.707E-09        173.563E-06  
              757.97              75.797E-09        173.713E-06  
              758.87              75.8869E-09       173.864E-06  
              759.77              75.977E-09        174.014E-06  
              760.669             76.0669E-09       174.164E-06  
              761.57              76.157E-09        174.313E-06  
              762.47              76.247E-09        174.463E-06  
              763.37              76.337E-09        174.613E-06  
              764.27              76.427E-09        174.764E-06  
              765.169             76.517E-09        174.914E-06  
              766.07              76.6069E-09       175.064E-06  
              766.97              76.697E-09        175.215E-06  
              767.87              76.787E-09        175.365E-06  
              768.77              76.877E-09        175.516E-06  
              769.669             76.967E-09        175.667E-06  
              770.57              77.057E-09        175.818E-06  
              771.47              77.1469E-09       175.969E-06  
              772.37              77.237E-09        176.119E-06  
              773.27              77.3269E-09       176.27E-06   
              774.169             77.417E-09        176.432E-06  
              775.07              77.507E-09        176.769E-06  
              775.97              77.597E-09        177.114E-06  
              776.87              77.687E-09        177.452E-06  
              777.77              77.777E-09        177.804E-06  
              778.669             77.867E-09        178.146E-06  
              779.57              77.957E-09        178.469E-06  
              780.47              78.047E-09        178.777E-06  
              781.37              78.137E-09        179.071E-06  
              782.27              78.227E-09        179.352E-06  
              783.169             78.317E-09        179.621E-06  
              784.07              78.407E-09        179.879E-06  
              784.97              78.497E-09        180.126E-06  
              785.87              78.587E-09        180.366E-06  
              786.77              78.677E-09        180.598E-06  
              787.669             78.767E-09        180.823E-06  
              788.57              78.857E-09        181.129E-06  
              789.47              78.947E-09        181.525E-06  
              790.37              79.037E-09        181.917E-06  
              791.27              79.127E-09        182.297E-06  
              792.169             79.2169E-09       182.663E-06  
              793.07              79.307E-09        183.014E-06  
              793.97              79.397E-09        183.348E-06  
              794.87              79.487E-09        183.668E-06  
              795.77              79.577E-09        183.975E-06  
              796.669             79.667E-09        184.27E-06   
              797.57              79.757E-09        184.555E-06  
              798.47              79.847E-09        184.832E-06  
              799.37              79.937E-09        185.1E-06    
              800.27              80.027E-09        185.361E-06  
              801.169             80.117E-09        185.616E-06  
              802.07              80.207E-09        185.866E-06  
              802.97              80.297E-09        186.111E-06  
              803.87              80.387E-09        186.351E-06  
              804.77              80.477E-09        186.588E-06  
              805.669             80.567E-09        186.821E-06  
              806.57              80.657E-09        187.051E-06  
              807.47              80.747E-09        187.277E-06  
              808.37              80.837E-09        187.501E-06  
              809.27              80.927E-09        187.722E-06  
              810.169             81.017E-09        187.941E-06  
              811.07              81.107E-09        188.157E-06  
              811.97              81.197E-09        188.372E-06  
              812.87              81.2869E-09       188.318E-06  
              813.32              81.332E-09        188.368E-06  
              813.995             81.3995E-09       188.619E-06  
              814.895             81.4894E-09       188.851E-06  
              815.794             81.5795E-09       189.095E-06  
              816.695             81.6694E-09       189.335E-06  
              817.595             81.7595E-09       189.566E-06  
              818.495             81.8495E-09       189.788E-06  
              819.395             81.9395E-09       190.002E-06  
              820.294             82.0295E-09       190.21E-06   
              821.195             82.1195E-09       190.415E-06  
              822.095             82.2094E-09       190.617E-06  
              822.995             82.2995E-09       190.817E-06  
              823.895             82.3895E-09       191.014E-06  
              824.794             82.4795E-09       191.209E-06  
              825.695             82.5695E-09       191.403E-06  
              826.595             82.6595E-09       191.595E-06  
              827.495             82.7495E-09       191.786E-06  
              828.395             82.8395E-09       191.976E-06  
              829.294             82.9295E-09       192.165E-06  
              830.195             83.0195E-09       192.353E-06  
              831.095             83.1095E-09       192.539E-06  
              831.995             83.1995E-09       192.725E-06  
              832.895             83.2895E-09       192.911E-06  
              833.794             83.3795E-09       193.095E-06  
              834.695             83.4695E-09       193.28E-06   
              835.595             83.5595E-09       193.464E-06  
              836.495             83.6495E-09       193.647E-06  
              837.395             83.7394E-09       193.83E-06   
              838.294             83.8295E-09       194.013E-06  
              839.195             83.9195E-09       194.195E-06  
              840.095             84.0095E-09       194.377E-06  
              840.995             84.0995E-09       194.558E-06  
              841.895             84.1895E-09       194.739E-06  
              842.794             84.2795E-09       194.92E-06   
              843.695             84.3695E-09       195.101E-06  
              844.595             84.4595E-09       195.281E-06  
              845.495             84.5495E-09       195.461E-06  
              846.395             84.6395E-09       195.641E-06  
              847.294             84.7295E-09       195.821E-06  
              848.195             84.8195E-09       196.E-06     
              849.095             84.9095E-09       196.179E-06  
              849.995             84.9995E-09       196.445E-06  
              850.895             85.0895E-09       196.564E-06  
              851.794             85.1795E-09       196.728E-06  
              852.695             85.2695E-09       196.9E-06    
              853.595             85.3595E-09       197.075E-06  
              854.495             85.4495E-09       197.251E-06  
              855.395             85.5395E-09       197.428E-06  
              856.294             85.6294E-09       197.605E-06  
              857.195             85.7195E-09       197.781E-06  
              858.095             85.8095E-09       197.958E-06  
              858.995             85.8995E-09       198.135E-06  
              859.895             85.9895E-09       198.311E-06  
              860.794             86.0795E-09       198.488E-06  
              861.695             86.1695E-09       198.664E-06  
              862.595             86.2595E-09       198.84E-06   
              863.495             86.3494E-09       199.017E-06  
              864.395             86.4395E-09       199.193E-06  
              865.294             86.5295E-09       199.369E-06  
              866.195             86.6195E-09       199.545E-06  
              867.095             86.7095E-09       199.721E-06  
              867.995             86.7995E-09       199.896E-06  
              868.895             86.8894E-09       200.071E-06  
              869.794             86.9795E-09       200.246E-06  
              870.695             87.0695E-09       200.421E-06  
              871.595             87.1595E-09       200.596E-06  
              872.495             87.2495E-09       200.771E-06  
              873.395             87.3395E-09       200.945E-06  
              874.294             87.4295E-09       201.127E-06  
              875.195             87.5195E-09       201.558E-06  
              876.095             87.6095E-09       201.979E-06  
              876.995             87.6994E-09       202.395E-06  
              877.895             87.7894E-09       202.786E-06  
              878.794             87.8795E-09       203.145E-06  
              879.695             87.9695E-09       203.48E-06   
              880.595             88.0595E-09       203.796E-06  
              881.495             88.1495E-09       204.1E-06    
              882.395             88.2395E-09       204.392E-06  
              883.294             88.3295E-09       204.681E-06  
              884.195             88.4194E-09       204.957E-06  
              885.095             88.5094E-09       205.227E-06  
              885.995             88.5995E-09       205.491E-06  
              886.895             88.6895E-09       205.749E-06  
              887.794             88.7795E-09       206.004E-06  
              888.695             88.8695E-09       206.3E-06    
              889.595             88.9595E-09       206.82E-06   
              890.495             89.0495E-09       207.345E-06  
              891.395             89.1395E-09       207.851E-06  
              892.294             89.2295E-09       208.332E-06  
              893.195             89.3195E-09       208.793E-06  
              894.095             89.4095E-09       209.23E-06   
              894.995             89.4995E-09       209.629E-06  
              895.895             89.5895E-09       210.E-06     
              896.794             89.6795E-09       210.348E-06  
              897.695             89.7695E-09       210.677E-06  
              898.595             89.8595E-09       210.993E-06  
              899.495             89.9495E-09       211.298E-06  
              900.395             90.0395E-09       211.594E-06  
              901.294             90.1295E-09       211.884E-06  
              902.195             90.2195E-09       212.167E-06  
              903.095             90.3095E-09       212.445E-06  
              903.995             90.3995E-09       212.719E-06  
              904.895             90.4895E-09       212.989E-06  
              905.794             90.5795E-09       213.254E-06  
              906.695             90.6695E-09       213.516E-06  
              907.595             90.7595E-09       213.773E-06  
              908.495             90.8495E-09       214.026E-06  
              909.395             90.9395E-09       214.275E-06  
              910.294             91.0295E-09       214.52E-06   
              911.195             91.1195E-09       214.762E-06  
              912.095             91.2095E-09       215.001E-06  
              912.995             91.2995E-09       215.237E-06  
              913.895             91.3895E-09       215.471E-06  
              914.794             91.4795E-09       215.965E-06  
              915.695             91.5695E-09       216.547E-06  
              916.595             91.6595E-09       217.133E-06  
              917.495             91.7495E-09       217.699E-06  
              918.395             91.8394E-09       218.219E-06  
              919.294             91.9295E-09       218.7E-06    
              920.195             92.0195E-09       219.141E-06  
              921.095             92.1095E-09       219.549E-06  
              921.995             92.1995E-09       219.932E-06  
              922.895             92.2895E-09       220.295E-06  
              923.794             92.3794E-09       220.641E-06  
              924.695             92.4695E-09       220.974E-06  
              925.595             92.5594E-09       221.296E-06  
              926.495             92.6495E-09       221.654E-06  
              927.395             92.7395E-09       222.013E-06  
              928.294             92.8295E-09       222.361E-06  
              929.195             92.9195E-09       222.696E-06  
              930.095             93.0095E-09       223.019E-06  
              930.995             93.0994E-09       223.332E-06  
              931.895             93.1895E-09       223.635E-06  
              932.794             93.2794E-09       223.931E-06  
              933.695             93.3695E-09       224.218E-06  
              934.595             93.4595E-09       224.499E-06  
              935.495             93.5495E-09       224.774E-06  
              936.395             93.6395E-09       225.043E-06  
              937.294             93.7295E-09       225.306E-06  
              938.195             93.8195E-09       225.565E-06  
              939.095             93.9094E-09       225.82E-06   
              939.995             93.9995E-09       226.07E-06   
              940.895             94.0895E-09       226.317E-06  
              941.794             94.1795E-09       226.56E-06   
              942.695             94.2695E-09       226.8E-06    
              943.595             94.3595E-09       227.036E-06  
              944.495             94.4495E-09       227.271E-06  
              945.395             94.5395E-09       227.502E-06  
              946.294             94.6294E-09       227.731E-06  
              947.195             94.7195E-09       227.956E-06  
              948.095             94.8095E-09       228.218E-06  
              948.995             94.8995E-09       228.489E-06  
              949.895             94.9895E-09       228.755E-06  
              950.794             95.0795E-09       229.015E-06  
              951.695             95.1695E-09       229.27E-06   
              952.595             95.2595E-09       229.52E-06   
              953.495             95.3495E-09       229.766E-06  
              954.395             95.4395E-09       230.009E-06  
              955.294             95.5295E-09       230.248E-06  
              956.195             95.6195E-09       230.483E-06  
              957.095             95.7095E-09       230.715E-06  
              957.995             95.7994E-09       230.945E-06  
              958.895             95.8895E-09       231.172E-06  
              959.794             95.9795E-09       231.397E-06  
              960.695             96.0695E-09       231.619E-06  
              961.595             96.1595E-09       231.84E-06   
              962.495             96.2495E-09       232.069E-06  
              963.395             96.3395E-09       232.283E-06  
              964.294             96.4295E-09       232.497E-06  
              965.195             96.5195E-09       232.711E-06  
              966.095             96.6095E-09       232.923E-06  
              966.995             96.6995E-09       233.134E-06  
              967.895             96.7895E-09       233.344E-06  
              968.794             96.8795E-09       233.552E-06  
              969.695             96.9695E-09       233.76E-06   
              970.595             97.0595E-09       233.966E-06  
              971.495             97.1495E-09       234.171E-06  
              972.395             97.2395E-09       234.376E-06  
              973.294             97.3295E-09       234.579E-06  
              974.195             97.4195E-09       234.781E-06  
              975.095             97.5095E-09       234.983E-06  
              975.995             97.5995E-09       235.184E-06  
              976.895             97.6895E-09       235.384E-06  
              977.794             97.7795E-09       235.583E-06  
              978.695             97.8694E-09       235.782E-06  
              979.595             97.9595E-09       235.981E-06  
              980.495             98.0495E-09       236.178E-06  
              981.395             98.1395E-09       236.375E-06  
              982.294             98.2295E-09       236.572E-06  
              983.195             98.3195E-09       236.767E-06  
              984.095             98.4095E-09       236.963E-06  
              984.995             98.4995E-09       237.157E-06  
              985.895             98.5894E-09       237.352E-06  
              986.794             98.6795E-09       237.545E-06  
              987.695             98.7695E-09       237.739E-06  
              988.595             98.8595E-09       237.932E-06  
              989.495             98.9495E-09       238.125E-06  
              990.395             99.0395E-09       238.317E-06  
              991.294             99.1295E-09       238.509E-06  
              992.195             99.2195E-09       238.701E-06  
              993.095             99.3094E-09       238.892E-06  
              993.995             99.3995E-09       239.084E-06  
              994.895             99.4895E-09       239.274E-06  
              995.794             99.5795E-09       239.465E-06  
              996.695             99.6695E-09       239.655E-06  
              997.595             99.7595E-09       239.845E-06  
              998.495             99.8495E-09       240.034E-06  
              999.395             99.9395E-09       240.223E-06  
                1.00029E+03      100.E-09           239.025E-06  
                1.00119E+03      100.E-09           235.197E-06  
                1.00164E+03      100.E-09           233.357E-06  
                1.00198E+03      100.E-09           232.22E-06   
                1.00201E+03       98.6337E-09       116.775E-06  
                1.00201E+03       98.6337E-09        69.0765E-06 




