
                  X             Displacement          Force      

                0.                -0.                 0.         
                1.E-03           100.E-15             1.07776E-09
                2.E-03           200.E-15           620.58E-12   
                3.5E-03          350.E-15            59.0772E-12 
                5.75E-03         575.E-15             4.75751E-12
                9.125E-03        912.5E-15          468.46E-15   
               14.1875E-03         1.41875E-12       46.796E-15  
               21.7812E-03         2.17813E-12        4.68016E-15
               33.1719E-03         3.31719E-12      468.016E-18  
               50.2578E-03         5.02578E-12       46.7983E-18 
               75.8867E-03         7.58867E-12        4.67966E-18
              114.33E-03          11.433E-12        467.916E-21  
              171.995E-03         17.1995E-12        46.7869E-21 
              258.493E-03         25.8493E-12         4.67834E-21
              388.239E-03         38.8239E-12       467.772E-24  
              582.859E-03         58.2859E-12        46.7682E-24 
              874.788E-03         87.4788E-12         4.67546E-24
                1.31268          131.268E-12        467.341E-27  
                1.96952          196.952E-12         46.7035E-27 
                2.66952          266.952E-12          4.66708E-27
                3.36952          336.952E-12        466.381E-30  
                4.06952          406.952E-12         46.6055E-30 
                4.76952          476.952E-12          4.65728E-30
                5.46952          546.952E-12        465.401E-33  
                6.16952          616.952E-12         46.5074E-33 
                6.86952          686.952E-12          4.64748E-33
                7.56952          756.952E-12        464.421E-36  
                8.26952          826.952E-12         46.4095E-36 
                8.96952          896.952E-12          4.63768E-36
                9.66952          966.952E-12        121.253E-09  
               10.3695             1.03695E-09      739.32E-09   
               11.0695             1.10695E-09        1.35673E-06
               11.4195             1.14195E-09        1.59969E-06
               11.9445             1.19445E-09        1.88255E-06
               12.6445             1.26445E-09        2.16198E-06
               13.3445             1.33445E-09        2.39799E-06
               14.0445             1.40445E-09        2.5988E-06 
               14.7445             1.47445E-09        2.78012E-06
               15.4445             1.54445E-09        2.94979E-06
               16.1445             1.61445E-09        3.11087E-06
               16.8445             1.68445E-09        3.26457E-06
               17.5445             1.75445E-09        3.41219E-06
               18.2445             1.82445E-09        3.55413E-06
               18.9445             1.89445E-09        3.69042E-06
               19.6445             1.96445E-09        3.82074E-06
               20.3445             2.03445E-09        3.94515E-06
               21.0445             2.10445E-09        4.06356E-06
               21.7445             2.17445E-09        4.1758E-06 
               22.4445             2.24445E-09        4.2819E-06 
               23.1445             2.31445E-09        4.3821E-06 
               23.8445             2.38445E-09        4.4768E-06 
               24.5445             2.45445E-09        4.56642E-06
               25.2445             2.52445E-09        4.65147E-06
               25.9445             2.59445E-09        4.7325E-06 
               26.6445             2.66445E-09        4.81004E-06
               27.3445             2.73445E-09        4.88447E-06
               28.0445             2.80445E-09        4.95608E-06
               28.7445             2.87445E-09        5.02505E-06
               29.4445             2.94445E-09        5.09154E-06
               30.1445             3.01445E-09        5.15574E-06
               30.8445             3.08445E-09        5.2178E-06 
               31.5445             3.15445E-09        5.27792E-06
               32.2445             3.22445E-09        5.33623E-06
               32.9445             3.29445E-09        5.39288E-06
               33.6445             3.36445E-09        5.44798E-06
               34.3445             3.43445E-09        5.50163E-06
               35.0445             3.50445E-09        5.55392E-06
               35.7445             3.57445E-09        5.60494E-06
               36.4445             3.64445E-09        5.65474E-06
               37.1445             3.71445E-09        5.70338E-06
               37.8445             3.78445E-09        5.75092E-06
               38.5445             3.85445E-09        5.7974E-06 
               39.2445             3.92445E-09        5.84285E-06
               39.9445             3.99445E-09        5.88732E-06
               40.6445             4.06445E-09        5.93083E-06
               41.3445             4.13445E-09        5.97342E-06
               42.0445             4.20445E-09        6.01514E-06
               42.7445             4.27445E-09        6.05602E-06
               43.4445             4.34445E-09        6.0961E-06 
               44.1445             4.41445E-09        6.13542E-06
               44.8445             4.48445E-09        6.174E-06  
               45.5445             4.55445E-09        6.21189E-06
               46.2445             4.62445E-09        6.24912E-06
               46.9445             4.69445E-09        6.2857E-06 
               47.6445             4.76445E-09        6.32166E-06
               48.3445             4.83445E-09        6.35701E-06
               49.0445             4.90445E-09        6.39179E-06
               49.7445             4.97445E-09        6.42602E-06
               50.4445             5.04445E-09        6.4597E-06 
               51.1445             5.11445E-09        6.49287E-06
               51.8445             5.18445E-09        6.52554E-06
               52.5445             5.25445E-09        6.55774E-06
               53.2445             5.32445E-09        6.58948E-06
               53.9445             5.39445E-09        6.62077E-06
               54.6445             5.46445E-09        6.65165E-06
               55.3445             5.53445E-09        6.68211E-06
               56.0445             5.60445E-09        6.71218E-06
               56.7445             5.67445E-09        6.74187E-06
               57.4445             5.74445E-09        6.7712E-06 
               58.1445             5.81445E-09        6.80017E-06
               58.8445             5.88445E-09        6.8288E-06 
               59.5445             5.95445E-09        6.8571E-06 
               60.2445             6.02445E-09        6.88508E-06
               60.9445             6.09445E-09        7.07935E-06
               61.6445             6.16445E-09        8.07328E-06
               62.3445             6.23445E-09        9.04376E-06
               63.0445             6.30445E-09       10.1395E-06 
               63.7445             6.37445E-09       11.1531E-06 
               64.4445             6.44445E-09       12.0591E-06 
               65.1445             6.51445E-09       12.8416E-06 
               65.8445             6.58445E-09       13.5177E-06 
               66.5445             6.65445E-09       14.107E-06  
               67.2445             6.72445E-09       14.6284E-06 
               67.9445             6.79445E-09       15.0936E-06 
               68.6445             6.86445E-09       15.5116E-06 
               69.3445             6.93445E-09       15.8897E-06 
               70.0445             7.00445E-09       16.2332E-06 
               70.7445             7.07445E-09       16.5489E-06 
               71.4445             7.14445E-09       16.8428E-06 
               72.1445             7.21445E-09       17.1193E-06 
               72.8445             7.28445E-09       17.3812E-06 
               73.5445             7.35445E-09       17.6303E-06 
               74.2445             7.42445E-09       17.8681E-06 
               74.9445             7.49445E-09       18.0955E-06 
               75.6445             7.56445E-09       18.3136E-06 
               76.3445             7.63445E-09       18.523E-06  
               77.0445             7.70445E-09       18.7246E-06 
               77.7445             7.77445E-09       18.919E-06  
               78.4445             7.84445E-09       19.1068E-06 
               79.1445             7.91445E-09       19.2886E-06 
               79.8445             7.98445E-09       19.4648E-06 
               80.5445             8.05445E-09       19.6357E-06 
               81.2445             8.12445E-09       19.8017E-06 
               81.9445             8.19445E-09       19.9631E-06 
               82.6445             8.26445E-09       20.1203E-06 
               83.3445             8.33445E-09       20.2735E-06 
               84.0445             8.40445E-09       20.4232E-06 
               84.7445             8.47445E-09       20.5694E-06 
               85.4445             8.54445E-09       20.7124E-06 
               86.1445             8.61445E-09       20.8524E-06 
               86.8445             8.68445E-09       20.9894E-06 
               87.5445             8.75445E-09       21.1237E-06 
               88.2445             8.82445E-09       21.2554E-06 
               88.9445             8.89445E-09       21.3843E-06 
               89.6445             8.96445E-09       21.5107E-06 
               90.3445             9.03445E-09       21.6346E-06 
               91.0445             9.10445E-09       21.7561E-06 
               91.7445             9.17445E-09       21.8754E-06 
               92.4445             9.24445E-09       21.9926E-06 
               93.1445             9.31445E-09       22.1079E-06 
               93.8445             9.38445E-09       22.2213E-06 
               94.5445             9.45445E-09       22.3328E-06 
               95.2445             9.52445E-09       22.4425E-06 
               95.9445             9.59445E-09       22.5504E-06 
               96.6445             9.66445E-09       22.6566E-06 
               97.3445             9.73445E-09       22.7611E-06 
               98.0445             9.80445E-09       22.8639E-06 
               98.7445             9.87445E-09       22.9653E-06 
               99.4445             9.94445E-09       23.0652E-06 
              100.145             10.0145E-09        23.1637E-06 
              100.845             10.0845E-09        23.2609E-06 
              101.545             10.1545E-09        23.3568E-06 
              102.245             10.2245E-09        23.4515E-06 
              102.945             10.2945E-09        23.5451E-06 
              103.645             10.3645E-09        23.6375E-06 
              104.345             10.4345E-09        23.7289E-06 
              105.045             10.5045E-09        23.8192E-06 
              105.745             10.5745E-09        23.9086E-06 
              106.445             10.6445E-09        23.9969E-06 
              107.145             10.7145E-09        24.0843E-06 
              107.845             10.7845E-09        24.1706E-06 
              108.545             10.8545E-09        24.2561E-06 
              109.245             10.9245E-09        24.3405E-06 
              109.945             10.9945E-09        24.4241E-06 
              110.645             11.0645E-09        24.5068E-06 
              111.345             11.1345E-09        24.5887E-06 
              112.045             11.2045E-09        24.6697E-06 
              112.745             11.2745E-09        24.75E-06   
              113.445             11.3445E-09        24.8296E-06 
              114.145             11.4145E-09        24.9084E-06 
              114.845             11.4845E-09        24.9866E-06 
              115.545             11.5545E-09        25.0641E-06 
              116.245             11.6245E-09        25.1409E-06 
              116.945             11.6945E-09        25.2484E-06 
              117.645             11.7645E-09        25.6646E-06 
              118.345             11.8345E-09        26.0826E-06 
              119.045             11.9045E-09        26.4549E-06 
              119.745             11.9745E-09        26.7913E-06 
              120.445             12.0445E-09        27.0948E-06 
              121.145             12.1145E-09        27.3658E-06 
              121.845             12.1845E-09        27.6203E-06 
              122.545             12.2545E-09        28.0721E-06 
              123.245             12.3245E-09        28.4993E-06 
              123.945             12.3945E-09        29.0579E-06 
              124.645             12.4645E-09        29.59E-06   
              125.345             12.5345E-09        30.069E-06  
              126.045             12.6045E-09        30.5031E-06 
              126.745             12.6745E-09        30.8983E-06 
              127.445             12.7445E-09        31.262E-06  
              128.145             12.8145E-09        31.6002E-06 
              128.845             12.8845E-09        31.9115E-06 
              129.545             12.9545E-09        32.1926E-06 
              130.245             13.0245E-09        32.4484E-06 
              130.945             13.0945E-09        32.684E-06  
              131.645             13.1645E-09        32.9037E-06 
              132.345             13.2345E-09        33.1103E-06 
              133.045             13.3045E-09        33.3059E-06 
              133.745             13.3745E-09        33.4918E-06 
              134.445             13.4445E-09        33.6693E-06 
              135.145             13.5145E-09        33.8395E-06 
              135.845             13.5845E-09        34.003E-06  
              136.545             13.6545E-09        34.1605E-06 
              137.245             13.7245E-09        34.3127E-06 
              137.945             13.7945E-09        34.4603E-06 
              138.645             13.8645E-09        34.6039E-06 
              139.345             13.9345E-09        34.744E-06  
              140.045             14.0045E-09        34.8809E-06 
              140.745             14.0745E-09        35.0149E-06 
              141.445             14.1445E-09        35.1462E-06 
              142.145             14.2145E-09        35.275E-06  
              142.845             14.2845E-09        35.4016E-06 
              143.545             14.3545E-09        35.5261E-06 
              144.245             14.4245E-09        35.6486E-06 
              144.945             14.4945E-09        35.7692E-06 
              145.645             14.5645E-09        35.8881E-06 
              146.345             14.6345E-09        36.0052E-06 
              147.045             14.7045E-09        36.1206E-06 
              147.745             14.7745E-09        36.2345E-06 
              148.445             14.8445E-09        36.3469E-06 
              149.145             14.9145E-09        36.4579E-06 
              149.845             14.9845E-09        36.5674E-06 
              150.545             15.0545E-09        36.6756E-06 
              151.245             15.1245E-09        36.7825E-06 
              151.945             15.1945E-09        36.8882E-06 
              152.645             15.2645E-09        36.9926E-06 
              153.345             15.3345E-09        37.096E-06  
              154.045             15.4045E-09        37.1983E-06 
              154.745             15.4745E-09        37.2996E-06 
              155.445             15.5445E-09        37.3999E-06 
              156.145             15.6145E-09        37.4993E-06 
              156.845             15.6845E-09        37.5978E-06 
              157.545             15.7545E-09        37.6954E-06 
              158.245             15.8245E-09        37.7922E-06 
              158.945             15.8945E-09        37.8883E-06 
              159.645             15.9645E-09        37.9835E-06 
              160.345             16.0345E-09        38.0781E-06 
              161.045             16.1045E-09        38.1719E-06 
              161.745             16.1745E-09        38.265E-06  
              162.445             16.2445E-09        38.3575E-06 
              163.145             16.3145E-09        38.4493E-06 
              163.845             16.3845E-09        38.5404E-06 
              164.545             16.4545E-09        38.6308E-06 
              165.245             16.5245E-09        38.7206E-06 
              165.945             16.5945E-09        38.8098E-06 
              166.645             16.6645E-09        38.8984E-06 
              167.345             16.7345E-09        38.9865E-06 
              168.045             16.8045E-09        39.0739E-06 
              168.745             16.8745E-09        39.1608E-06 
              169.445             16.9445E-09        39.2473E-06 
              170.145             17.0145E-09        39.3332E-06 
              170.845             17.0845E-09        39.4186E-06 
              171.545             17.1545E-09        39.5035E-06 
              172.245             17.2245E-09        39.5877E-06 
              172.945             17.2945E-09        39.6714E-06 
              173.645             17.3645E-09        39.7545E-06 
              174.345             17.4345E-09        39.8369E-06 
              175.045             17.5045E-09        39.9188E-06 
              175.745             17.5745E-09        40.0003E-06 
              176.445             17.6445E-09        40.0812E-06 
              177.145             17.7145E-09        40.1616E-06 
              177.845             17.7845E-09        40.2416E-06 
              178.545             17.8545E-09        40.3211E-06 
              179.245             17.9245E-09        40.4001E-06 
              179.945             17.9945E-09        40.4787E-06 
              180.645             18.0645E-09        40.5569E-06 
              181.345             18.1345E-09        40.6347E-06 
              182.045             18.2045E-09        40.712E-06  
              182.745             18.2745E-09        40.789E-06  
              183.445             18.3445E-09        40.8657E-06 
              184.145             18.4145E-09        40.942E-06  
              184.845             18.4845E-09        41.0178E-06 
              185.545             18.5545E-09        41.0934E-06 
              186.245             18.6245E-09        41.1686E-06 
              186.945             18.6945E-09        41.2435E-06 
              187.645             18.7645E-09        41.3179E-06 
              188.345             18.8345E-09        41.392E-06  
              189.045             18.9045E-09        41.4658E-06 
              189.745             18.9745E-09        41.5392E-06 
              190.445             19.0445E-09        41.6124E-06 
              191.145             19.1145E-09        41.6852E-06 
              191.845             19.1845E-09        41.7577E-06 
              192.545             19.2545E-09        41.8298E-06 
              193.245             19.3245E-09        41.9016E-06 
              193.945             19.3945E-09        41.973E-06  
              194.645             19.4645E-09        42.0442E-06 
              195.345             19.5345E-09        42.1151E-06 
              196.045             19.6045E-09        42.1857E-06 
              196.745             19.6745E-09        42.2559E-06 
              197.445             19.7445E-09        42.3259E-06 
              198.145             19.8145E-09        42.3956E-06 
              198.845             19.8845E-09        42.465E-06  
              199.545             19.9545E-09        42.5342E-06 
              200.245             20.0245E-09        42.6031E-06 
              200.945             20.0945E-09        42.6717E-06 
              201.645             20.1645E-09        42.7401E-06 
              202.345             20.2345E-09        42.8082E-06 
              203.045             20.3045E-09        42.876E-06  
              203.745             20.3745E-09        42.9436E-06 
              204.445             20.4445E-09        43.0109E-06 
              205.145             20.5145E-09        43.0779E-06 
              205.845             20.5845E-09        43.1447E-06 
              206.545             20.6545E-09        43.2112E-06 
              207.245             20.7245E-09        43.2775E-06 
              207.945             20.7945E-09        43.3436E-06 
              208.645             20.8645E-09        43.4095E-06 
              209.345             20.9345E-09        43.4751E-06 
              210.045             21.0045E-09        43.5405E-06 
              210.745             21.0745E-09        43.6058E-06 
              211.445             21.1445E-09        43.6708E-06 
              212.145             21.2145E-09        43.7356E-06 
              212.845             21.2845E-09        43.8003E-06 
              213.545             21.3545E-09        43.8647E-06 
              214.245             21.4245E-09        43.9291E-06 
              214.945             21.4945E-09        43.9933E-06 
              215.645             21.5645E-09        44.0574E-06 
              216.345             21.6345E-09        44.1213E-06 
              217.045             21.7045E-09        44.1849E-06 
              217.745             21.7745E-09        44.2482E-06 
              218.445             21.8445E-09        44.3113E-06 
              219.145             21.9145E-09        44.3741E-06 
              219.845             21.9845E-09        44.4366E-06 
              220.545             22.0545E-09        44.499E-06  
              221.245             22.1245E-09        44.5611E-06 
              221.945             22.1945E-09        44.623E-06  
              222.645             22.2645E-09        44.6846E-06 
              223.345             22.3345E-09        44.746E-06  
              224.045             22.4045E-09        44.8071E-06 
              224.745             22.4745E-09        44.8681E-06 
              225.445             22.5445E-09        44.9288E-06 
              226.145             22.6145E-09        44.9894E-06 
              226.845             22.6845E-09        45.0497E-06 
              227.545             22.7545E-09        45.1099E-06 
              228.245             22.8245E-09        45.1698E-06 
              228.945             22.8945E-09        45.2295E-06 
              229.645             22.9645E-09        45.2889E-06 
              230.345             23.0345E-09        45.348E-06  
              231.045             23.1045E-09        45.407E-06  
              231.745             23.1745E-09        45.4657E-06 
              232.445             23.2445E-09        45.5243E-06 
              233.145             23.3145E-09        45.5826E-06 
              233.845             23.3845E-09        45.6407E-06 
              234.545             23.4545E-09        45.6987E-06 
              235.245             23.5245E-09        45.7565E-06 
              235.945             23.5945E-09        45.8142E-06 
              236.645             23.6645E-09        45.8716E-06 
              237.345             23.7345E-09        46.1992E-06 
              238.045             23.8045E-09        46.5575E-06 
              238.745             23.8745E-09        46.8918E-06 
              239.445             23.9445E-09        47.2042E-06 
              240.145             24.0145E-09        47.4929E-06 
              240.845             24.0845E-09        47.7547E-06 
              241.545             24.1545E-09        47.99E-06   
              242.245             24.2245E-09        48.2025E-06 
              242.945             24.2945E-09        48.3964E-06 
              243.645             24.3645E-09        48.5752E-06 
              244.345             24.4345E-09        48.7412E-06 
              245.045             24.5045E-09        48.8958E-06 
              245.745             24.5745E-09        49.0397E-06 
              246.445             24.6445E-09        49.1737E-06 
              247.145             24.7145E-09        49.299E-06  
              247.845             24.7845E-09        49.417E-06  
              248.545             24.8545E-09        49.5286E-06 
              249.245             24.9245E-09        49.6349E-06 
              249.945             24.9945E-09        49.7365E-06 
              250.645             25.0645E-09        49.8341E-06 
              251.345             25.1345E-09        49.9283E-06 
              252.045             25.2045E-09        50.0196E-06 
              252.745             25.2745E-09        50.1083E-06 
              253.445             25.3445E-09        50.195E-06  
              254.145             25.4145E-09        50.3577E-06 
              254.845             25.4845E-09        50.71E-06   
              255.545             25.5545E-09        51.0528E-06 
              256.245             25.6245E-09        51.3813E-06 
              256.945             25.6945E-09        51.6947E-06 
              257.645             25.7645E-09        51.9907E-06 
              258.345             25.8345E-09        52.2655E-06 
              259.045             25.9045E-09        52.5222E-06 
              259.745             25.9745E-09        52.7627E-06 
              260.445             26.0445E-09        52.9863E-06 
              261.145             26.1145E-09        53.1941E-06 
              261.845             26.1845E-09        53.388E-06  
              262.545             26.2545E-09        53.5675E-06 
              263.245             26.3245E-09        53.7324E-06 
              263.945             26.3945E-09        53.8857E-06 
              264.645             26.4645E-09        54.0307E-06 
              265.345             26.5345E-09        54.17E-06   
              266.045             26.6045E-09        54.3033E-06 
              266.745             26.6745E-09        54.432E-06  
              267.445             26.7445E-09        54.556E-06  
              268.145             26.8145E-09        54.6754E-06 
              268.845             26.8845E-09        54.7907E-06 
              269.545             26.9545E-09        54.9025E-06 
              270.245             27.0245E-09        55.0112E-06 
              270.945             27.0945E-09        55.1172E-06 
              271.645             27.1645E-09        55.2205E-06 
              272.345             27.2345E-09        55.3214E-06 
              273.045             27.3045E-09        55.42E-06   
              273.745             27.3745E-09        55.5165E-06 
              274.445             27.4445E-09        55.6109E-06 
              275.145             27.5145E-09        55.7033E-06 
              275.845             27.5845E-09        55.7939E-06 
              276.545             27.6545E-09        55.8829E-06 
              277.245             27.7245E-09        55.9704E-06 
              277.945             27.7945E-09        56.0564E-06 
              278.645             27.8645E-09        56.1411E-06 
              279.345             27.9345E-09        56.2245E-06 
              280.045             28.0044E-09        56.3068E-06 
              280.745             28.0745E-09        56.3881E-06 
              281.445             28.1445E-09        56.4683E-06 
              282.145             28.2145E-09        56.5477E-06 
              282.845             28.2845E-09        56.6262E-06 
              283.545             28.3545E-09        56.704E-06  
              284.245             28.4245E-09        56.781E-06  
              284.945             28.4945E-09        56.8573E-06 
              285.645             28.5645E-09        56.9329E-06 
              286.345             28.6345E-09        57.0079E-06 
              287.045             28.7045E-09        57.0823E-06 
              287.745             28.7745E-09        57.1562E-06 
              288.445             28.8445E-09        57.2295E-06 
              289.145             28.9145E-09        57.3025E-06 
              289.845             28.9845E-09        57.3742E-06 
              290.545             29.0545E-09        57.4468E-06 
              291.245             29.1245E-09        57.5186E-06 
              291.945             29.1945E-09        57.5896E-06 
              292.645             29.2645E-09        57.66E-06   
              293.345             29.3345E-09        57.73E-06   
              294.045             29.4045E-09        57.7995E-06 
              294.745             29.4745E-09        57.8687E-06 
              295.445             29.5445E-09        57.9377E-06 
              296.145             29.6145E-09        58.0061E-06 
              296.845             29.6845E-09        58.074E-06  
              297.545             29.7545E-09        58.1414E-06 
              298.245             29.8245E-09        58.2084E-06 
              298.945             29.8945E-09        58.2748E-06 
              299.645             29.9645E-09        58.3408E-06 
              300.345             30.0345E-09        58.4064E-06 
              301.045             30.1045E-09        58.4717E-06 
              301.745             30.1745E-09        58.5366E-06 
              302.445             30.2445E-09        58.6012E-06 
              303.145             30.3145E-09        58.6657E-06 
              303.845             30.3845E-09        58.7298E-06 
              304.545             30.4545E-09        58.7936E-06 
              305.245             30.5245E-09        58.8571E-06 
              305.945             30.5945E-09        58.9202E-06 
              306.645             30.6645E-09        58.9831E-06 
              307.345             30.7345E-09        59.0457E-06 
              308.045             30.8045E-09        59.1079E-06 
              308.745             30.8745E-09        59.1696E-06 
              309.445             30.9445E-09        59.2313E-06 
              310.145             31.0145E-09        59.2929E-06 
              310.845             31.0845E-09        59.3544E-06 
              311.545             31.1545E-09        59.4155E-06 
              312.245             31.2245E-09        59.4765E-06 
              312.945             31.2945E-09        59.5375E-06 
              313.645             31.3645E-09        59.5986E-06 
              314.345             31.4345E-09        59.6594E-06 
              315.045             31.5045E-09        59.7199E-06 
              315.745             31.5744E-09        59.78E-06   
              316.445             31.6445E-09        59.8399E-06 
              317.145             31.7145E-09        59.8996E-06 
              317.845             31.7845E-09        59.9591E-06 
              318.545             31.8545E-09        60.0185E-06 
              319.245             31.9245E-09        60.078E-06  
              319.945             31.9945E-09        60.1372E-06 
              320.645             32.0645E-09        60.1961E-06 
              321.345             32.1345E-09        60.2549E-06 
              322.045             32.2044E-09        60.3266E-06 
              322.745             32.2745E-09        60.3754E-06 
              323.445             32.3444E-09        60.4804E-06 
              324.145             32.4145E-09        60.83E-06   
              324.845             32.4845E-09        61.2592E-06 
              325.545             32.5545E-09        61.6734E-06 
              326.245             32.6245E-09        62.069E-06  
              326.945             32.6945E-09        62.4432E-06 
              327.645             32.7645E-09        62.7912E-06 
              328.345             32.8345E-09        63.112E-06  
              329.045             32.9045E-09        63.6832E-06 
              329.745             32.9745E-09        63.8028E-06 
              330.445             33.0445E-09        63.9853E-06 
              331.145             33.1145E-09        64.1975E-06 
              331.845             33.1845E-09        64.4061E-06 
              332.545             33.2545E-09        64.6048E-06 
              333.245             33.3245E-09        64.7915E-06 
              333.945             33.3945E-09        64.9667E-06 
              334.645             33.4645E-09        65.1312E-06 
              335.345             33.5345E-09        65.2859E-06 
              336.045             33.6045E-09        65.4317E-06 
              336.745             33.6745E-09        65.5694E-06 
              337.445             33.7444E-09        65.7E-06    
              338.145             33.8145E-09        65.8248E-06 
              338.845             33.8845E-09        65.9448E-06 
              339.545             33.9545E-09        66.0604E-06 
              340.245             34.0245E-09        66.1722E-06 
              340.945             34.0945E-09        66.2804E-06 
              341.645             34.1645E-09        66.3853E-06 
              342.345             34.2345E-09        66.4874E-06 
              343.045             34.3045E-09        66.6804E-06 
              343.745             34.3745E-09        66.9587E-06 
              344.445             34.4445E-09        67.222E-06  
              345.145             34.5145E-09        67.4704E-06 
              345.845             34.5845E-09        67.7687E-06 
              346.545             34.6544E-09        68.1923E-06 
              347.245             34.7245E-09        68.6031E-06 
              347.945             34.7945E-09        68.9895E-06 
              348.645             34.8645E-09        69.3518E-06 
              349.345             34.9345E-09        69.6927E-06 
              350.045             35.0045E-09        70.0102E-06 
              350.745             35.0745E-09        70.3028E-06 
              351.445             35.1445E-09        70.5738E-06 
              352.145             35.2145E-09        70.8266E-06 
              352.845             35.2845E-09        71.0638E-06 
              353.545             35.3545E-09        71.2862E-06 
              354.245             35.4245E-09        71.4952E-06 
              354.945             35.4945E-09        71.6931E-06 
              355.645             35.5645E-09        71.8818E-06 
              356.345             35.6345E-09        72.0624E-06 
              357.045             35.7045E-09        72.2353E-06 
              357.745             35.7745E-09        72.4009E-06 
              358.445             35.8445E-09        72.5599E-06 
              359.145             35.9145E-09        72.7128E-06 
              359.845             35.9845E-09        72.8601E-06 
              360.545             36.0545E-09        73.0023E-06 
              361.245             36.1245E-09        73.1396E-06 
              361.945             36.1945E-09        73.2723E-06 
              362.645             36.2645E-09        73.4007E-06 
              363.345             36.3344E-09        73.5346E-06 
              364.045             36.4045E-09        73.6809E-06 
              364.745             36.4745E-09        73.8227E-06 
              365.445             36.5445E-09        73.9601E-06 
              366.145             36.6145E-09        74.0933E-06 
              366.845             36.6844E-09        74.2227E-06 
              367.545             36.7545E-09        74.3488E-06 
              368.245             36.8245E-09        74.4719E-06 
              368.945             36.8945E-09        74.5923E-06 
              369.645             36.9645E-09        74.7103E-06 
              370.345             37.0345E-09        74.8261E-06 
              371.045             37.1045E-09        74.9401E-06 
              371.745             37.1745E-09        75.0522E-06 
              372.445             37.2445E-09        75.1624E-06 
              373.145             37.3145E-09        75.2709E-06 
              373.845             37.3844E-09        75.378E-06  
              374.545             37.4545E-09        75.4836E-06 
              375.245             37.5245E-09        75.588E-06  
              375.945             37.5945E-09        75.6912E-06 
              376.645             37.6645E-09        75.7932E-06 
              377.345             37.7345E-09        75.8941E-06 
              378.045             37.8045E-09        75.994E-06  
              378.745             37.8745E-09        76.0929E-06 
              379.445             37.9445E-09        76.1908E-06 
              380.145             38.0145E-09        76.2878E-06 
              380.845             38.0845E-09        76.3838E-06 
              381.545             38.1545E-09        76.4789E-06 
              382.245             38.2245E-09        76.5731E-06 
              382.945             38.2945E-09        76.6663E-06 
              383.645             38.3645E-09        76.7587E-06 
              384.345             38.4345E-09        76.8503E-06 
              385.045             38.5045E-09        76.9411E-06 
              385.745             38.5745E-09        77.0312E-06 
              386.445             38.6445E-09        77.1206E-06 
              387.145             38.7145E-09        77.2092E-06 
              387.845             38.7845E-09        77.2972E-06 
              388.545             38.8545E-09        77.3846E-06 
              389.245             38.9245E-09        77.4714E-06 
              389.945             38.9945E-09        77.5578E-06 
              390.645             39.0645E-09        77.6437E-06 
              391.345             39.1344E-09        77.7291E-06 
              392.045             39.2045E-09        77.814E-06  
              392.745             39.2745E-09        77.8985E-06 
              393.445             39.3445E-09        77.9825E-06 
              394.145             39.4145E-09        78.0662E-06 
              394.845             39.4845E-09        78.322E-06  
              395.545             39.5545E-09        78.2957E-06 
              396.245             39.6245E-09        78.3426E-06 
              396.945             39.6945E-09        78.4116E-06 
              397.645             39.7645E-09        78.4874E-06 
              398.345             39.8344E-09        78.5661E-06 
              399.045             39.9045E-09        78.646E-06  
              399.745             39.9745E-09        78.7263E-06 
              400.445             40.0445E-09        78.8068E-06 
              401.145             40.1145E-09        78.8872E-06 
              401.845             40.1845E-09        78.9725E-06 
              402.545             40.2545E-09        79.0739E-06 
              403.245             40.3245E-09        79.1739E-06 
              403.945             40.3945E-09        79.2721E-06 
              404.645             40.4645E-09        79.3683E-06 
              405.345             40.5345E-09        79.4628E-06 
              406.045             40.6045E-09        79.5558E-06 
              406.745             40.6745E-09        79.6477E-06 
              407.445             40.7445E-09        79.7385E-06 
              408.145             40.8145E-09        79.8283E-06 
              408.845             40.8845E-09        79.9173E-06 
              409.545             40.9545E-09        80.0057E-06 
              410.245             41.0245E-09        79.9614E-06 
              410.945             41.0945E-09        80.1751E-06 
              411.645             41.1645E-09        80.2753E-06 
              412.345             41.2345E-09        80.3913E-06 
              413.045             41.3045E-09        80.4948E-06 
              413.745             41.3745E-09        80.5896E-06 
              414.445             41.4445E-09        80.6791E-06 
              415.145             41.5145E-09        80.7655E-06 
              415.845             41.5844E-09        80.8499E-06 
              416.545             41.6545E-09        80.933E-06  
              417.245             41.7245E-09        81.0152E-06 
              417.945             41.7945E-09        81.0967E-06 
              418.645             41.8645E-09        81.1776E-06 
              419.345             41.9344E-09        81.2581E-06 
              420.045             42.0045E-09        81.3381E-06 
              420.745             42.0745E-09        81.4178E-06 
              421.445             42.1445E-09        81.4971E-06 
              422.145             42.2145E-09        81.4401E-06 
              422.845             42.2845E-09        81.6286E-06 
              423.545             42.3545E-09        81.7214E-06 
              424.245             42.4245E-09        81.8294E-06 
              424.945             42.4945E-09        81.9248E-06 
              425.645             42.5645E-09        82.0122E-06 
              426.345             42.6345E-09        82.0949E-06 
              427.045             42.7045E-09        82.1748E-06 
              427.745             42.7745E-09        82.253E-06  
              428.445             42.8445E-09        82.3302E-06 
              429.145             42.9145E-09        82.4068E-06 
              429.845             42.9845E-09        82.483E-06  
              430.545             43.0545E-09        82.5589E-06 
              431.245             43.1245E-09        82.6346E-06 
              431.945             43.1945E-09        82.7102E-06 
              432.645             43.2645E-09        82.7858E-06 
              433.345             43.3345E-09        82.861E-06  
              434.045             43.4045E-09        82.9361E-06 
              434.745             43.4745E-09        83.0108E-06 
              435.445             43.5445E-09        83.0853E-06 
              436.145             43.6145E-09        83.1597E-06 
              436.845             43.6845E-09        83.2339E-06 
              437.545             43.7545E-09        83.308E-06  
              438.245             43.8245E-09        83.382E-06  
              438.945             43.8945E-09        83.4559E-06 
              439.645             43.9645E-09        83.5297E-06 
              440.345             44.0345E-09        83.6034E-06 
              441.045             44.1045E-09        83.6769E-06 
              441.745             44.1745E-09        83.7504E-06 
              442.445             44.2444E-09        83.8236E-06 
              443.145             44.3145E-09        83.8968E-06 
              443.845             44.3845E-09        83.9699E-06 
              444.545             44.4545E-09        84.043E-06  
              445.245             44.5245E-09        84.1159E-06 
              445.945             44.5945E-09        84.1887E-06 
              446.645             44.6645E-09        84.2613E-06 
              447.345             44.7345E-09        84.3337E-06 
              448.045             44.8045E-09        84.4061E-06 
              448.745             44.8745E-09        84.4783E-06 
              449.445             44.9445E-09        84.5504E-06 
              450.145             45.0145E-09        84.6224E-06 
              450.845             45.0845E-09        84.6943E-06 
              451.545             45.1545E-09        84.766E-06  
              452.245             45.2245E-09        84.8376E-06 
              452.945             45.2945E-09        84.9091E-06 
              453.645             45.3645E-09        84.9805E-06 
              454.345             45.4345E-09        85.0518E-06 
              455.045             45.5045E-09        85.1229E-06 
              455.745             45.5745E-09        85.194E-06  
              456.445             45.6445E-09        85.2649E-06 
              457.145             45.7145E-09        85.3357E-06 
              457.845             45.7845E-09        85.4063E-06 
              458.545             45.8545E-09        85.4769E-06 
              459.245             45.9244E-09        85.5473E-06 
              459.945             45.9945E-09        85.6177E-06 
              460.645             46.0645E-09        85.6878E-06 
              461.345             46.1345E-09        85.7577E-06 
              462.045             46.2045E-09        85.8275E-06 
              462.745             46.2745E-09        85.8971E-06 
              463.445             46.3445E-09        85.9667E-06 
              464.145             46.4145E-09        86.0361E-06 
              464.845             46.4845E-09        86.073E-06  
              465.545             46.5545E-09        86.1604E-06 
              466.245             46.6245E-09        86.2373E-06 
              466.945             46.6945E-09        86.3111E-06 
              467.645             46.7645E-09        86.3828E-06 
              468.345             46.8345E-09        86.4533E-06 
              469.045             46.9045E-09        86.5232E-06 
              469.745             46.9744E-09        86.5927E-06 
              470.445             47.0445E-09        86.6618E-06 
              471.145             47.1145E-09        86.7307E-06 
              471.845             47.1845E-09        86.7995E-06 
              472.545             47.2545E-09        86.8681E-06 
              473.245             47.3245E-09        86.9368E-06 
              473.945             47.3945E-09        87.0053E-06 
              474.645             47.4645E-09        87.0737E-06 
              475.345             47.5345E-09        87.142E-06  
              476.045             47.6045E-09        87.2102E-06 
              476.745             47.6745E-09        87.2783E-06 
              477.445             47.7445E-09        87.3463E-06 
              478.145             47.8145E-09        87.4143E-06 
              478.845             47.8845E-09        87.4822E-06 
              479.545             47.9545E-09        87.55E-06   
              480.245             48.0245E-09        87.6178E-06 
              480.945             48.0945E-09        87.6856E-06 
              481.645             48.1645E-09        87.7532E-06 
              482.345             48.2345E-09        87.8208E-06 
              483.045             48.3045E-09        87.9123E-06 
              483.745             48.3745E-09        88.1845E-06 
              484.445             48.4445E-09        88.4422E-06 
              485.145             48.5145E-09        88.6913E-06 
              485.845             48.5845E-09        88.9291E-06 
              486.545             48.6545E-09        89.1554E-06 
              487.245             48.7244E-09        89.3705E-06 
              487.945             48.7945E-09        89.5731E-06 
              488.645             48.8645E-09        89.7592E-06 
              489.345             48.9345E-09        89.9295E-06 
              490.045             49.0045E-09        90.0871E-06 
              490.745             49.0745E-09        90.2345E-06 
              491.445             49.1445E-09        90.3732E-06 
              492.145             49.2145E-09        90.5045E-06 
              492.845             49.2845E-09        90.6289E-06 
              493.545             49.3545E-09        90.7464E-06 
              494.245             49.4244E-09        90.8572E-06 
              494.945             49.4945E-09        90.9628E-06 
              495.645             49.5645E-09        91.0643E-06 
              496.345             49.6345E-09        91.1628E-06 
              497.045             49.7045E-09        91.2585E-06 
              497.745             49.7745E-09        91.3519E-06 
              498.445             49.8445E-09        91.4432E-06 
              499.145             49.9145E-09        91.5326E-06 
              499.845             49.9845E-09        91.6204E-06 
              500.545             50.0545E-09        91.7068E-06 
              501.245             50.1245E-09        91.7922E-06 
              501.945             50.1945E-09        91.8765E-06 
              502.645             50.2645E-09        91.9598E-06 
              503.345             50.3345E-09        92.0421E-06 
              504.045             50.4045E-09        92.1236E-06 
              504.745             50.4745E-09        92.2044E-06 
              505.445             50.5445E-09        92.2844E-06 
              506.145             50.6145E-09        92.3637E-06 
              506.845             50.6845E-09        92.4424E-06 
              507.545             50.7545E-09        92.5205E-06 
              508.245             50.8245E-09        92.5981E-06 
              508.945             50.8945E-09        92.6753E-06 
              509.645             50.9645E-09        92.7521E-06 
              510.345             51.0345E-09        92.8284E-06 
              511.045             51.1045E-09        92.9043E-06 
              511.745             51.1745E-09        92.9799E-06 
              512.445             51.2445E-09        93.0551E-06 
              513.145             51.3145E-09        93.13E-06   
              513.845             51.3845E-09        93.2047E-06 
              514.544             51.4545E-09        93.2791E-06 
              515.245             51.5245E-09        93.3532E-06 
              515.945             51.5945E-09        93.4271E-06 
              516.645             51.6645E-09        93.5008E-06 
              517.345             51.7345E-09        93.5742E-06 
              518.044             51.8045E-09        93.6473E-06 
              518.745             51.8745E-09        93.7202E-06 
              519.445             51.9445E-09        93.7928E-06 
              520.145             52.0145E-09        93.8652E-06 
              520.845             52.0844E-09        93.9374E-06 
              521.544             52.1545E-09        94.0095E-06 
              522.245             52.2245E-09        94.0814E-06 
              522.945             52.2945E-09        94.1531E-06 
              523.645             52.3645E-09        94.2246E-06 
              524.345             52.4345E-09        94.296E-06  
              525.044             52.5045E-09        94.3673E-06 
              525.745             52.5745E-09        94.4384E-06 
              526.445             52.6445E-09        94.5094E-06 
              527.145             52.7145E-09        94.5801E-06 
              527.845             52.7845E-09        94.6508E-06 
              528.544             52.8545E-09        94.8018E-06 
              529.245             52.9245E-09        94.9164E-06 
              529.945             52.9945E-09        95.0501E-06 
              530.645             53.0645E-09        95.1803E-06 
              531.345             53.1345E-09        95.3046E-06 
              532.044             53.2045E-09        95.423E-06  
              532.745             53.2745E-09        95.5365E-06 
              533.445             53.3445E-09        95.6456E-06 
              534.145             53.4145E-09        95.7511E-06 
              534.845             53.4845E-09        95.8537E-06 
              535.544             53.5545E-09        95.9539E-06 
              536.245             53.6245E-09        96.052E-06  
              536.945             53.6945E-09        96.1483E-06 
              537.645             53.7645E-09        96.2429E-06 
              538.345             53.8345E-09        96.3361E-06 
              539.044             53.9045E-09        96.4279E-06 
              539.745             53.9745E-09        96.527E-06  
              540.445             54.0445E-09        96.612E-06  
              541.145             54.1145E-09        96.6982E-06 
              541.845             54.1845E-09        96.7848E-06 
              542.544             54.2545E-09        96.9114E-06 
              543.245             54.3245E-09        97.0569E-06 
              543.945             54.3945E-09        97.1976E-06 
              544.645             54.4645E-09        97.333E-06  
              545.345             54.5345E-09        97.4634E-06 
              546.044             54.6045E-09        97.5894E-06 
              546.745             54.6745E-09        97.7115E-06 
              547.445             54.7445E-09        97.8303E-06 
              548.145             54.8145E-09        97.9462E-06 
              548.845             54.8845E-09        98.0593E-06 
              549.544             54.9545E-09        98.1698E-06 
              550.245             55.0245E-09        98.2781E-06 
              550.945             55.0945E-09        98.3841E-06 
              551.645             55.1645E-09        98.5377E-06 
              552.345             55.2345E-09        98.6066E-06 
              553.044             55.3045E-09        98.699E-06  
              553.745             55.3745E-09        98.7944E-06 
              554.445             55.4445E-09        98.8902E-06 
              555.145             55.5145E-09        98.9855E-06 
              555.845             55.5845E-09        99.08E-06   
              556.544             55.6545E-09        99.1737E-06 
              557.245             55.7245E-09        99.2665E-06 
              557.945             55.7945E-09        99.3584E-06 
              558.645             55.8645E-09        99.4496E-06 
              559.345             55.9345E-09        99.54E-06   
              560.044             56.0045E-09        99.6296E-06 
              560.745             56.0745E-09        99.7186E-06 
              561.445             56.1445E-09        99.807E-06  
              562.145             56.2145E-09        99.8947E-06 
              562.845             56.2845E-09        99.9819E-06 
              563.544             56.3545E-09       100.069E-06  
              564.245             56.4245E-09       100.155E-06  
              564.945             56.4945E-09       100.241E-06  
              565.645             56.5644E-09       100.326E-06  
              566.345             56.6345E-09       100.411E-06  
              567.044             56.7045E-09       100.495E-06  
              567.745             56.7745E-09       100.579E-06  
              568.445             56.8445E-09       100.663E-06  
              569.145             56.9145E-09       100.746E-06  
              569.845             56.9845E-09       100.829E-06  
              570.544             57.0545E-09       100.911E-06  
              571.245             57.1245E-09       100.993E-06  
              571.945             57.1945E-09       101.074E-06  
              572.645             57.2645E-09       101.155E-06  
              573.345             57.3345E-09       101.236E-06  
              574.044             57.4045E-09       101.316E-06  
              574.745             57.4745E-09       101.396E-06  
              575.445             57.5445E-09       101.475E-06  
              576.145             57.6145E-09       101.554E-06  
              576.845             57.6845E-09       101.633E-06  
              577.544             57.7545E-09       101.711E-06  
              578.245             57.8245E-09       101.789E-06  
              578.945             57.8945E-09       101.867E-06  
              579.645             57.9645E-09       102.041E-06  
              580.345             58.0345E-09       102.274E-06  
              581.044             58.1045E-09       102.504E-06  
              581.745             58.1745E-09       102.729E-06  
              582.445             58.2445E-09       102.946E-06  
              583.145             58.3145E-09       103.156E-06  
              583.845             58.3845E-09       103.359E-06  
              584.544             58.4545E-09       103.554E-06  
              585.245             58.5245E-09       103.742E-06  
              585.945             58.5945E-09       103.923E-06  
              586.645             58.6645E-09       104.099E-06  
              587.345             58.7345E-09       104.268E-06  
              588.044             58.8045E-09       104.431E-06  
              588.745             58.8745E-09       104.587E-06  
              589.445             58.9445E-09       104.737E-06  
              590.145             59.0145E-09       104.88E-06   
              590.845             59.0845E-09       105.018E-06  
              591.544             59.1545E-09       105.152E-06  
              592.245             59.2245E-09       105.281E-06  
              592.945             59.2945E-09       105.407E-06  
              593.645             59.3645E-09       105.529E-06  
              594.345             59.4345E-09       105.647E-06  
              595.044             59.5045E-09       105.761E-06  
              595.745             59.5745E-09       106.062E-06  
              596.445             59.6445E-09       106.44E-06   
              597.145             59.7145E-09       106.808E-06  
              597.845             59.7845E-09       107.159E-06  
              598.544             59.8545E-09       107.49E-06   
              599.245             59.9245E-09       107.802E-06  
              599.945             59.9945E-09       108.096E-06  
              600.645             60.0645E-09       108.373E-06  
              601.345             60.1345E-09       108.633E-06  
              602.044             60.2045E-09       108.877E-06  
              602.745             60.2745E-09       109.107E-06  
              603.445             60.3445E-09       109.324E-06  
              604.145             60.4145E-09       109.529E-06  
              604.845             60.4845E-09       109.723E-06  
              605.544             60.5545E-09       109.907E-06  
              606.245             60.6245E-09       110.082E-06  
              606.945             60.6945E-09       110.249E-06  
              607.645             60.7645E-09       110.41E-06   
              608.345             60.8345E-09       110.547E-06  
              609.044             60.9045E-09       110.707E-06  
              609.745             60.9745E-09       110.858E-06  
              610.445             61.0445E-09       111.003E-06  
              611.145             61.1145E-09       111.144E-06  
              611.845             61.1845E-09       111.281E-06  
              612.544             61.2545E-09       111.414E-06  
              613.245             61.3245E-09       111.544E-06  
              613.945             61.3945E-09       111.672E-06  
              614.645             61.4645E-09       111.978E-06  
              615.345             61.5345E-09       112.303E-06  
              616.044             61.6045E-09       112.62E-06   
              616.745             61.6745E-09       112.926E-06  
              617.445             61.7445E-09       113.219E-06  
              618.145             61.8145E-09       113.49E-06   
              618.845             61.8844E-09       113.739E-06  
              619.544             61.9544E-09       113.97E-06   
              620.245             62.0245E-09       114.187E-06  
              620.945             62.0945E-09       114.391E-06  
              621.645             62.1645E-09       114.583E-06  
              622.345             62.2345E-09       114.763E-06  
              623.044             62.3045E-09       114.933E-06  
              623.745             62.3745E-09       115.094E-06  
              624.445             62.4445E-09       115.291E-06  
              625.145             62.5145E-09       115.54E-06   
              625.845             62.5845E-09       115.784E-06  
              626.544             62.6544E-09       116.018E-06  
              627.245             62.7244E-09       116.241E-06  
              627.945             62.7945E-09       116.454E-06  
              628.645             62.8645E-09       116.656E-06  
              629.345             62.9345E-09       116.85E-06   
              630.044             63.0045E-09       117.036E-06  
              630.745             63.0745E-09       117.213E-06  
              631.445             63.1445E-09       117.382E-06  
              632.145             63.2145E-09       117.544E-06  
              632.845             63.2845E-09       117.7E-06    
              633.544             63.3545E-09       117.852E-06  
              634.245             63.4245E-09       117.998E-06  
              634.945             63.4944E-09       118.141E-06  
              635.645             63.5645E-09       118.279E-06  
              636.345             63.6345E-09       118.415E-06  
              637.044             63.7045E-09       118.548E-06  
              637.745             63.7745E-09       118.677E-06  
              638.445             63.8445E-09       118.803E-06  
              639.145             63.9144E-09       118.927E-06  
              639.845             63.9845E-09       119.047E-06  
              640.544             64.0545E-09       119.165E-06  
              641.245             64.1245E-09       119.281E-06  
              641.945             64.1945E-09       119.394E-06  
              642.645             64.2645E-09       119.506E-06  
              643.345             64.3345E-09       119.616E-06  
              644.044             64.4045E-09       119.725E-06  
              644.745             64.4745E-09       119.832E-06  
              645.445             64.5445E-09       119.938E-06  
              646.145             64.6145E-09       120.043E-06  
              646.845             64.6844E-09       120.147E-06  
              647.544             64.7544E-09       120.25E-06   
              648.245             64.8245E-09       120.353E-06  
              648.945             64.8945E-09       120.454E-06  
              649.645             64.9645E-09       120.555E-06  
              650.345             65.0345E-09       120.654E-06  
              651.044             65.1045E-09       120.754E-06  
              651.745             65.1745E-09       120.852E-06  
              652.445             65.2445E-09       120.95E-06   
              653.145             65.3145E-09       121.048E-06  
              653.845             65.3845E-09       121.145E-06  
              654.544             65.4544E-09       121.241E-06  
              655.245             65.5245E-09       121.337E-06  
              655.945             65.5945E-09       121.432E-06  
              656.645             65.6645E-09       121.527E-06  
              657.345             65.7345E-09       121.622E-06  
              658.044             65.8045E-09       121.716E-06  
              658.745             65.8745E-09       121.809E-06  
              659.445             65.9445E-09       121.902E-06  
              660.145             66.0145E-09       121.995E-06  
              660.845             66.0844E-09       122.088E-06  
              661.544             66.1545E-09       122.18E-06   
              662.245             66.2244E-09       122.272E-06  
              662.945             66.2945E-09       122.363E-06  
              663.645             66.3645E-09       122.455E-06  
              664.345             66.4345E-09       122.546E-06  
              665.044             66.5045E-09       122.637E-06  
              665.745             66.5745E-09       122.728E-06  
              666.445             66.6445E-09       122.819E-06  
              667.145             66.7144E-09       122.909E-06  
              667.845             66.7844E-09       123.E-06     
              668.544             66.8545E-09       123.09E-06   
              669.245             66.9245E-09       123.18E-06   
              669.945             66.9945E-09       123.27E-06   
              670.645             67.0645E-09       123.393E-06  
              671.345             67.1345E-09       123.458E-06  
              672.044             67.2045E-09       123.543E-06  
              672.745             67.2745E-09       123.63E-06   
              673.445             67.3445E-09       123.718E-06  
              674.145             67.4145E-09       123.806E-06  
              674.845             67.4844E-09       123.894E-06  
              675.544             67.5545E-09       123.982E-06  
              676.245             67.6245E-09       124.07E-06   
              676.945             67.6945E-09       124.158E-06  
              677.645             67.7645E-09       124.246E-06  
              678.345             67.8345E-09       124.334E-06  
              679.044             67.9045E-09       124.422E-06  
              679.745             67.9745E-09       124.509E-06  
              680.445             68.0444E-09       124.597E-06  
              681.145             68.1144E-09       124.684E-06  
              681.845             68.1844E-09       124.771E-06  
              682.544             68.2544E-09       124.692E-06  
              683.245             68.3245E-09       124.846E-06  
              683.945             68.3945E-09       124.927E-06  
              684.645             68.4645E-09       125.052E-06  
              685.345             68.5345E-09       125.161E-06  
              686.044             68.6045E-09       125.262E-06  
              686.745             68.6745E-09       125.358E-06  
              687.445             68.7445E-09       125.451E-06  
              688.145             68.8144E-09       125.542E-06  
              688.845             68.8845E-09       125.631E-06  
              689.544             68.9545E-09       125.72E-06   
              690.245             69.0245E-09       125.808E-06  
              690.945             69.0945E-09       125.895E-06  
              691.645             69.1645E-09       125.981E-06  
              692.345             69.2345E-09       126.068E-06  
              693.044             69.3045E-09       126.154E-06  
              693.745             69.3745E-09       126.239E-06  
              694.445             69.4445E-09       126.325E-06  
              695.145             69.5145E-09       126.41E-06   
              695.845             69.5844E-09       126.495E-06  
              696.544             69.6544E-09       126.58E-06   
              697.245             69.7245E-09       126.665E-06  
              697.945             69.7945E-09       126.75E-06   
              698.645             69.8645E-09       126.834E-06  
              699.345             69.9345E-09       126.919E-06  
              700.044             70.0045E-09       127.004E-06  
              700.745             70.0744E-09       127.088E-06  
              701.445             70.1445E-09       127.172E-06  
              702.145             70.2144E-09       127.257E-06  
              702.845             70.2845E-09       127.341E-06  
              703.544             70.3544E-09       127.425E-06  
              704.245             70.4245E-09       127.51E-06   
              704.945             70.4945E-09       127.594E-06  
              705.645             70.5645E-09       127.678E-06  
              706.345             70.6345E-09       127.763E-06  
              707.044             70.7045E-09       127.847E-06  
              707.745             70.7745E-09       127.932E-06  
              708.445             70.8445E-09       128.016E-06  
              709.145             70.9145E-09       128.1E-06    
              709.845             70.9845E-09       128.184E-06  
              710.544             71.0545E-09       128.268E-06  
              711.245             71.1245E-09       128.351E-06  
              711.945             71.1945E-09       128.435E-06  
              712.645             71.2645E-09       128.519E-06  
              713.345             71.3345E-09       128.602E-06  
              714.044             71.4045E-09       128.686E-06  
              714.745             71.4745E-09       128.77E-06   
              715.445             71.5445E-09       128.853E-06  
              716.145             71.6144E-09       128.937E-06  
              716.845             71.6844E-09       129.02E-06   
              717.544             71.7545E-09       129.103E-06  
              718.245             71.8245E-09       129.186E-06  
              718.945             71.8945E-09       129.269E-06  
              719.645             71.9645E-09       129.353E-06  
              720.345             72.0345E-09       129.436E-06  
              721.044             72.1045E-09       129.519E-06  
              721.745             72.1745E-09       129.602E-06  
              722.445             72.2445E-09       129.685E-06  
              723.145             72.3145E-09       129.768E-06  
              723.845             72.3844E-09       129.851E-06  
              724.544             72.4545E-09       129.933E-06  
              725.245             72.5245E-09       130.016E-06  
              725.945             72.5945E-09       130.099E-06  
              726.645             72.6645E-09       130.182E-06  
              727.345             72.7345E-09       130.265E-06  
              728.044             72.8045E-09       130.348E-06  
              728.745             72.8745E-09       130.43E-06   
              729.445             72.9445E-09       130.513E-06  
              730.145             73.0145E-09       130.596E-06  
              730.845             73.0844E-09       130.679E-06  
              731.544             73.1544E-09       130.761E-06  
              732.245             73.2245E-09       130.844E-06  
              732.945             73.2945E-09       130.955E-06  
              733.645             73.3645E-09       131.077E-06  
              734.345             73.4345E-09       131.197E-06  
              735.044             73.5045E-09       131.317E-06  
              735.745             73.5745E-09       131.454E-06  
              736.445             73.6445E-09       131.587E-06  
              737.145             73.7144E-09       131.716E-06  
              737.845             73.7845E-09       131.842E-06  
              738.544             73.8545E-09       131.965E-06  
              739.245             73.9245E-09       132.085E-06  
              739.945             73.9945E-09       132.202E-06  
              740.645             74.0645E-09       132.318E-06  
              741.345             74.1345E-09       132.432E-06  
              742.044             74.2045E-09       132.545E-06  
              742.745             74.2745E-09       132.655E-06  
              743.445             74.3445E-09       132.764E-06  
              744.145             74.4144E-09       132.872E-06  
              744.845             74.4845E-09       132.978E-06  
              745.544             74.5545E-09       133.083E-06  
              746.245             74.6245E-09       133.187E-06  
              746.945             74.6945E-09       133.291E-06  
              747.645             74.7645E-09       133.393E-06  
              748.345             74.8345E-09       133.494E-06  
              749.044             74.9045E-09       133.595E-06  
              749.745             74.9744E-09       133.695E-06  
              750.445             75.0445E-09       133.794E-06  
              751.145             75.1144E-09       133.893E-06  
              751.845             75.1844E-09       133.991E-06  
              752.544             75.2545E-09       134.088E-06  
              753.245             75.3245E-09       134.185E-06  
              753.945             75.3945E-09       134.281E-06  
              754.645             75.4645E-09       134.377E-06  
              755.345             75.5345E-09       134.473E-06  
              756.044             75.6045E-09       134.568E-06  
              756.745             75.6745E-09       134.663E-06  
              757.445             75.7445E-09       134.757E-06  
              758.145             75.8145E-09       134.851E-06  
              758.845             75.8845E-09       134.945E-06  
              759.544             75.9545E-09       135.039E-06  
              760.245             76.0245E-09       135.132E-06  
              760.945             76.0945E-09       135.225E-06  
              761.645             76.1645E-09       135.318E-06  
              762.345             76.2345E-09       135.423E-06  
              763.044             76.3045E-09       135.659E-06  
              763.745             76.3745E-09       135.89E-06   
              764.445             76.4445E-09       136.117E-06  
              765.145             76.5145E-09       136.342E-06  
              765.845             76.5845E-09       136.555E-06  
              766.544             76.6545E-09       136.761E-06  
              767.245             76.7245E-09       136.961E-06  
              767.945             76.7945E-09       137.155E-06  
              768.645             76.8645E-09       137.343E-06  
              769.345             76.9345E-09       137.524E-06  
              770.044             77.0044E-09       137.699E-06  
              770.745             77.0745E-09       137.868E-06  
              771.445             77.1445E-09       138.029E-06  
              772.145             77.2145E-09       138.185E-06  
              772.845             77.2845E-09       138.335E-06  
              773.544             77.3545E-09       138.48E-06   
              774.245             77.4245E-09       138.621E-06  
              774.945             77.4945E-09       138.757E-06  
              775.645             77.5645E-09       138.891E-06  
              776.345             77.6345E-09       139.022E-06  
              777.044             77.7045E-09       139.15E-06   
              777.745             77.7745E-09       139.275E-06  
              778.445             77.8445E-09       139.399E-06  
              779.145             77.9145E-09       139.521E-06  
              779.845             77.9845E-09       139.642E-06  
              780.544             78.0545E-09       139.76E-06   
              781.245             78.1245E-09       139.877E-06  
              781.945             78.1945E-09       139.993E-06  
              782.645             78.2645E-09       140.107E-06  
              783.345             78.3344E-09       140.22E-06   
              784.044             78.4045E-09       140.331E-06  
              784.745             78.4745E-09       140.441E-06  
              785.445             78.5445E-09       140.549E-06  
              786.145             78.6144E-09       140.657E-06  
              786.845             78.6845E-09       140.764E-06  
              787.544             78.7545E-09       140.718E-06  
              788.245             78.8245E-09       140.884E-06  
              788.945             78.8945E-09       140.99E-06   
              789.645             78.9645E-09       141.119E-06  
              790.345             79.0344E-09       141.241E-06  
              791.044             79.1045E-09       141.357E-06  
              791.745             79.1745E-09       141.469E-06  
              792.445             79.2445E-09       141.577E-06  
              793.145             79.3145E-09       141.683E-06  
              793.845             79.3845E-09       141.787E-06  
              794.544             79.4545E-09       141.89E-06   
              795.245             79.5245E-09       141.993E-06  
              795.945             79.5945E-09       142.094E-06  
              796.645             79.6645E-09       142.195E-06  
              797.345             79.7345E-09       142.296E-06  
              798.044             79.8045E-09       142.395E-06  
              798.745             79.8745E-09       142.495E-06  
              799.445             79.9445E-09       142.594E-06  
              800.145             80.0145E-09       142.693E-06  
              800.845             80.0845E-09       142.792E-06  
              801.544             80.1545E-09       142.89E-06   
              802.245             80.2245E-09       142.989E-06  
              802.945             80.2944E-09       143.087E-06  
              803.645             80.3644E-09       143.185E-06  
              804.345             80.4344E-09       143.282E-06  
              805.044             80.5045E-09       143.38E-06   
              805.745             80.5745E-09       143.477E-06  
              806.445             80.6444E-09       143.574E-06  
              807.145             80.7145E-09       143.671E-06  
              807.845             80.7845E-09       143.768E-06  
              808.544             80.8545E-09       143.865E-06  
              809.245             80.9245E-09       143.961E-06  
              809.945             80.9945E-09       144.058E-06  
              810.645             81.0644E-09       144.155E-06  
              811.345             81.1345E-09       144.251E-06  
              812.044             81.2045E-09       144.347E-06  
              812.745             81.2745E-09       144.444E-06  
              813.445             81.3444E-09       144.54E-06   
              814.145             81.4145E-09       144.635E-06  
              814.845             81.4845E-09       144.731E-06  
              815.544             81.5545E-09       144.827E-06  
              816.245             81.6245E-09       144.922E-06  
              816.945             81.6945E-09       145.018E-06  
              817.645             81.7645E-09       145.113E-06  
              818.345             81.8344E-09       145.208E-06  
              819.044             81.9044E-09       145.304E-06  
              819.745             81.9745E-09       145.399E-06  
              820.445             82.0444E-09       145.494E-06  
              821.145             82.1145E-09       145.589E-06  
              821.845             82.1845E-09       145.684E-06  
              822.544             82.2545E-09       145.778E-06  
              823.245             82.3245E-09       145.873E-06  
              823.945             82.3945E-09       145.968E-06  
              824.645             82.4644E-09       146.062E-06  
              825.345             82.5345E-09       146.157E-06  
              826.044             82.6044E-09       146.252E-06  
              826.745             82.6745E-09       146.346E-06  
              827.445             82.7445E-09       146.44E-06   
              828.145             82.8145E-09       146.534E-06  
              828.845             82.8845E-09       146.628E-06  
              829.544             82.9545E-09       146.722E-06  
              830.245             83.0245E-09       146.829E-06  
              830.945             83.0945E-09       147.035E-06  
              831.645             83.1645E-09       147.235E-06  
              832.345             83.2345E-09       147.426E-06  
              833.044             83.3045E-09       147.606E-06  
              833.745             83.3745E-09       147.775E-06  
              834.445             83.4445E-09       147.935E-06  
              835.145             83.5145E-09       148.087E-06  
              835.845             83.5845E-09       148.232E-06  
              836.544             83.6545E-09       148.372E-06  
              837.245             83.7245E-09       148.508E-06  
              837.945             83.7944E-09       148.64E-06   
              838.645             83.8645E-09       148.768E-06  
              839.345             83.9344E-09       148.893E-06  
              840.044             84.0045E-09       149.016E-06  
              840.745             84.0745E-09       149.136E-06  
              841.445             84.1445E-09       149.254E-06  
              842.145             84.2145E-09       149.371E-06  
              842.845             84.2845E-09       149.486E-06  
              843.544             84.3545E-09       149.601E-06  
              844.245             84.4245E-09       149.714E-06  
              844.945             84.4944E-09       149.825E-06  
              845.645             84.5645E-09       149.936E-06  
              846.345             84.6345E-09       150.046E-06  
              847.044             84.7045E-09       150.155E-06  
              847.745             84.7745E-09       150.264E-06  
              848.445             84.8445E-09       150.372E-06  
              849.145             84.9145E-09       150.479E-06  
              849.845             84.9845E-09       150.585E-06  
              850.544             85.0545E-09       150.691E-06  
              851.245             85.1245E-09       150.796E-06  
              851.945             85.1944E-09       150.901E-06  
              852.645             85.2645E-09       151.005E-06  
              853.345             85.3344E-09       151.109E-06  
              854.044             85.4045E-09       151.213E-06  
              854.745             85.4745E-09       151.316E-06  
              855.445             85.5445E-09       151.419E-06  
              856.145             85.6145E-09       151.522E-06  
              856.845             85.6845E-09       151.624E-06  
              857.544             85.7545E-09       151.726E-06  
              858.245             85.8245E-09       151.828E-06  
              858.945             85.8945E-09       151.929E-06  
              859.645             85.9644E-09       152.03E-06   
              860.345             86.0345E-09       152.131E-06  
              861.044             86.1045E-09       152.232E-06  
              861.745             86.1745E-09       152.333E-06  
              862.445             86.2445E-09       152.434E-06  
              863.145             86.3145E-09       152.534E-06  
              863.845             86.3845E-09       152.634E-06  
              864.544             86.4545E-09       152.734E-06  
              865.245             86.5245E-09       152.833E-06  
              865.945             86.5945E-09       152.933E-06  
              866.645             86.6645E-09       153.032E-06  
              867.345             86.7345E-09       153.131E-06  
              868.044             86.8045E-09       153.23E-06   
              868.745             86.8745E-09       153.329E-06  
              869.445             86.9445E-09       153.428E-06  
              870.145             87.0145E-09       153.527E-06  
              870.845             87.0845E-09       153.625E-06  
              871.544             87.1545E-09       153.723E-06  
              872.245             87.2244E-09       153.822E-06  
              872.945             87.2944E-09       153.92E-06   
              873.645             87.3644E-09       154.018E-06  
              874.345             87.4345E-09       154.116E-06  
              875.044             87.5045E-09       154.214E-06  
              875.745             87.5745E-09       154.312E-06  
              876.445             87.6445E-09       154.41E-06   
              877.145             87.7145E-09       154.511E-06  
              877.845             87.7845E-09       154.632E-06  
              878.544             87.8545E-09       154.79E-06   
              879.245             87.9245E-09       154.882E-06  
              879.945             87.9944E-09       154.995E-06  
              880.645             88.0645E-09       155.109E-06  
              881.345             88.1345E-09       155.222E-06  
              882.044             88.2045E-09       155.335E-06  
              882.745             88.2745E-09       155.446E-06  
              883.445             88.3445E-09       155.557E-06  
              884.145             88.4145E-09       155.668E-06  
              884.845             88.4845E-09       155.777E-06  
              885.544             88.5545E-09       155.886E-06  
              886.245             88.6245E-09       155.994E-06  
              886.945             88.6945E-09       156.102E-06  
              887.645             88.7645E-09       156.209E-06  
              888.345             88.8344E-09       156.316E-06  
              889.044             88.9045E-09       156.423E-06  
              889.745             88.9745E-09       156.529E-06  
              890.445             89.0445E-09       156.634E-06  
              891.145             89.1145E-09       156.74E-06   
              891.845             89.1845E-09       156.845E-06  
              892.544             89.2545E-09       156.95E-06   
              893.245             89.3245E-09       157.054E-06  
              893.945             89.3944E-09       157.159E-06  
              894.645             89.4645E-09       157.263E-06  
              895.345             89.5344E-09       157.426E-06  
              896.044             89.6045E-09       157.489E-06  
              896.745             89.6745E-09       157.233E-06  
              897.445             89.7445E-09       157.693E-06  
              898.145             89.8145E-09       158.077E-06  
              898.845             89.8845E-09       158.458E-06  
              899.544             89.9545E-09       158.811E-06  
              900.245             90.0245E-09       159.14E-06   
              900.945             90.0944E-09       159.448E-06  
              901.645             90.1645E-09       159.739E-06  
              902.345             90.2345E-09       160.016E-06  
              903.044             90.3045E-09       160.277E-06  
              903.745             90.3745E-09       160.598E-06  
              904.445             90.4445E-09       161.043E-06  
              905.145             90.5145E-09       161.477E-06  
              905.845             90.5845E-09       161.892E-06  
              906.544             90.6545E-09       162.283E-06  
              907.245             90.7245E-09       162.651E-06  
              907.945             90.7944E-09       162.999E-06  
              908.645             90.8644E-09       163.321E-06  
              909.345             90.9345E-09       163.616E-06  
              910.044             91.0045E-09       163.887E-06  
              910.745             91.0745E-09       164.137E-06  
              911.445             91.1445E-09       164.368E-06  
              912.145             91.2145E-09       164.584E-06  
              912.845             91.2845E-09       164.787E-06  
              913.544             91.3545E-09       164.981E-06  
              914.245             91.4245E-09       165.167E-06  
              914.945             91.4945E-09       165.346E-06  
              915.645             91.5644E-09       165.52E-06   
              916.345             91.6345E-09       165.689E-06  
              917.044             91.7045E-09       165.853E-06  
              917.745             91.7745E-09       166.141E-06  
              918.445             91.8445E-09       166.517E-06  
              919.145             91.9145E-09       166.888E-06  
              919.845             91.9845E-09       167.25E-06   
              920.544             92.0545E-09       167.6E-06    
              921.245             92.1245E-09       167.929E-06  
              921.945             92.1945E-09       168.239E-06  
              922.645             92.2645E-09       168.535E-06  
              923.345             92.3345E-09       168.819E-06  
              924.044             92.4045E-09       169.091E-06  
              924.745             92.4745E-09       169.352E-06  
              925.445             92.5445E-09       169.602E-06  
              926.145             92.6145E-09       169.84E-06   
              926.845             92.6845E-09       170.068E-06  
              927.544             92.7545E-09       170.288E-06  
              928.245             92.8245E-09       170.499E-06  
              928.945             92.8944E-09       170.703E-06  
              929.645             92.9645E-09       170.9E-06    
              930.345             93.0345E-09       171.091E-06  
              931.044             93.1045E-09       171.275E-06  
              931.745             93.1745E-09       171.451E-06  
              932.445             93.2445E-09       171.621E-06  
              933.145             93.3145E-09       171.785E-06  
              933.845             93.3845E-09       171.944E-06  
              934.544             93.4545E-09       172.098E-06  
              935.245             93.5245E-09       172.248E-06  
              935.945             93.5945E-09       172.395E-06  
              936.645             93.6645E-09       172.539E-06  
              937.345             93.7345E-09       172.68E-06   
              938.044             93.8045E-09       172.819E-06  
              938.745             93.8745E-09       172.955E-06  
              939.445             93.9445E-09       173.089E-06  
              940.145             94.0145E-09       173.222E-06  
              940.845             94.0845E-09       173.353E-06  
              941.544             94.1544E-09       173.482E-06  
              942.245             94.2245E-09       173.609E-06  
              942.945             94.2944E-09       173.736E-06  
              943.645             94.3645E-09       173.861E-06  
              944.345             94.4345E-09       173.985E-06  
              945.044             94.5045E-09       174.107E-06  
              945.745             94.5745E-09       174.229E-06  
              946.445             94.6445E-09       174.35E-06   
              947.145             94.7145E-09       174.47E-06   
              947.845             94.7845E-09       174.589E-06  
              948.544             94.8545E-09       174.707E-06  
              949.245             94.9245E-09       174.824E-06  
              949.945             94.9944E-09       174.941E-06  
              950.645             95.0645E-09       175.056E-06  
              951.345             95.1345E-09       175.172E-06  
              952.044             95.2045E-09       175.286E-06  
              952.745             95.2745E-09       175.4E-06    
              953.445             95.3445E-09       175.514E-06  
              954.145             95.4145E-09       175.627E-06  
              954.845             95.4845E-09       175.74E-06   
              955.544             95.5545E-09       175.852E-06  
              956.245             95.6245E-09       175.963E-06  
              956.945             95.6945E-09       176.074E-06  
              957.645             95.7645E-09       176.185E-06  
              958.345             95.8345E-09       176.296E-06  
              959.044             95.9045E-09       176.406E-06  
              959.745             95.9745E-09       176.516E-06  
              960.445             96.0445E-09       176.626E-06  
              961.145             96.1145E-09       176.735E-06  
              961.845             96.1844E-09       176.844E-06  
              962.544             96.2545E-09       176.952E-06  
              963.245             96.3244E-09       177.061E-06  
              963.945             96.3945E-09       177.169E-06  
              964.645             96.4645E-09       177.277E-06  
              965.345             96.5345E-09       177.384E-06  
              966.044             96.6045E-09       177.492E-06  
              966.745             96.6745E-09       177.599E-06  
              967.445             96.7445E-09       177.706E-06  
              968.145             96.8145E-09       177.831E-06  
              968.845             96.8845E-09       177.982E-06  
              969.544             96.9545E-09       178.132E-06  
              970.245             97.0244E-09       178.279E-06  
              970.945             97.0945E-09       178.423E-06  
              971.645             97.1645E-09       178.565E-06  
              972.345             97.2345E-09       178.704E-06  
              973.044             97.3045E-09       178.841E-06  
              973.745             97.3745E-09       178.975E-06  
              974.445             97.4445E-09       179.108E-06  
              975.145             97.5145E-09       179.24E-06   
              975.845             97.5844E-09       179.37E-06   
              976.544             97.6545E-09       179.498E-06  
              977.245             97.7244E-09       179.625E-06  
              977.945             97.7945E-09       179.75E-06   
              978.645             97.8645E-09       179.875E-06  
              979.345             97.9345E-09       180.004E-06  
              980.044             98.0045E-09       180.131E-06  
              980.745             98.0745E-09       180.257E-06  
              981.445             98.1445E-09       180.381E-06  
              982.145             98.2145E-09       180.504E-06  
              982.845             98.2845E-09       180.626E-06  
              983.544             98.3545E-09       180.746E-06  
              984.245             98.4245E-09       180.866E-06  
              984.945             98.4945E-09       181.011E-06  
              985.645             98.5645E-09       181.153E-06  
              986.345             98.6345E-09       181.295E-06  
              987.044             98.7045E-09       181.434E-06  
              987.745             98.7745E-09       181.571E-06  
              988.445             98.8445E-09       181.707E-06  
              989.145             98.9145E-09       181.841E-06  
              989.845             98.9845E-09       181.973E-06  
              990.544             99.0545E-09       182.104E-06  
              991.245             99.1245E-09       182.233E-06  
              991.945             99.1945E-09       182.361E-06  
              992.645             99.2645E-09       182.488E-06  
              993.345             99.3345E-09       182.614E-06  
              994.044             99.4045E-09       182.739E-06  
              994.745             99.4745E-09       182.863E-06  
              995.445             99.5445E-09       182.986E-06  
              996.145             99.6144E-09       183.108E-06  
              996.845             99.6845E-09       183.23E-06   
              997.544             99.7545E-09       183.35E-06   
              998.245             99.8245E-09       183.47E-06   
              998.945             99.8945E-09       183.589E-06  
              999.645             99.9645E-09       183.708E-06  
                1.00034E+03      100.E-09           182.229E-06  
                1.00104E+03      100.E-09           179.352E-06  
                1.00174E+03      100.E-09           177.072E-06  
                1.00192E+03      100.E-09           176.548E-06  
                1.00199E+03      100.E-09           176.358E-06  
                1.00201E+03       99.0243E-09        97.9175E-06 
                1.00202E+03       98.1015E-09        29.9795E-06 
                1.00202E+03       98.1015E-09        11.1941E-06 




