
                  X             Displacement          Force      

                0.                -0.                 0.         
                1.E-03           100.E-15             1.12305E-09
                2.E-03           200.E-15           705.781E-12  
                3.5E-03          350.E-15            70.4427E-12 
                5.75E-03         575.E-15             5.55354E-12
                9.125E-03        912.5E-15          545.344E-15  
               14.1875E-03         1.41875E-12       54.4662E-15 
               21.7812E-03         2.17813E-12        5.44649E-15
               33.1719E-03         3.31719E-12      544.604E-18  
               50.2578E-03         5.02578E-12       54.4593E-18 
               75.8867E-03         7.58867E-12        5.44559E-18
              114.33E-03          11.433E-12        544.533E-21  
              171.995E-03         17.1995E-12        54.4481E-21 
              258.493E-03         25.8493E-12         5.44419E-21
              388.239E-03         38.8239E-12       544.35E-24   
              582.859E-03         58.2859E-12        54.4247E-24 
              874.788E-03         87.4788E-12         5.44088E-24
                1.31268          131.268E-12        543.85E-27   
                1.96952          196.952E-12         54.3494E-27 
                2.76952          276.952E-12          5.43059E-27
                3.56952          356.952E-12        542.625E-30  
                4.36952          436.952E-12         54.219E-30  
                5.16952          516.952E-12          5.41756E-30
                5.96952          596.952E-12        541.322E-33  
                6.76952          676.952E-12         54.0888E-33 
                7.56952          756.952E-12          5.40453E-33
                8.36952          836.952E-12        540.019E-36  
                9.16952          916.952E-12         53.9585E-36 
                9.96952          996.952E-12        411.121E-09  
               10.7695             1.07695E-09        1.16265E-06
               11.5695             1.15695E-09        1.91363E-06
               12.3695             1.23695E-09        2.6245E-06 
               13.1695             1.31695E-09        3.23033E-06
               13.9695             1.39695E-09        3.67167E-06
               14.7695             1.47695E-09        4.02389E-06
               15.5695             1.55695E-09        4.34723E-06
               16.3695             1.63695E-09        4.64525E-06
               17.1695             1.71695E-09        4.91861E-06
               17.9695             1.79695E-09        5.17037E-06
               18.7695             1.87695E-09        5.4066E-06 
               19.5695             1.95695E-09        5.62991E-06
               20.3695             2.03695E-09        5.84201E-06
               21.1695             2.11695E-09        6.04449E-06
               21.9695             2.19695E-09        6.23839E-06
               22.7695             2.27695E-09        6.42432E-06
               23.5695             2.35695E-09        6.60277E-06
               24.3695             2.43695E-09        6.77411E-06
               25.1695             2.51695E-09        6.93856E-06
               25.9695             2.59695E-09        7.09604E-06
               26.7695             2.67695E-09        7.24615E-06
               27.5695             2.75695E-09        7.3886E-06 
               28.3695             2.83695E-09        7.52316E-06
               29.1695             2.91695E-09        7.65033E-06
               29.9695             2.99695E-09        7.77032E-06
               30.7695             3.07695E-09        7.88352E-06
               31.5695             3.15695E-09        7.99053E-06
               32.3695             3.23695E-09        8.09156E-06
               33.1695             3.31695E-09        8.18699E-06
               33.9695             3.39695E-09        8.2773E-06 
               34.7695             3.47695E-09        8.36221E-06
               35.5695             3.55695E-09        8.44252E-06
               36.3695             3.63695E-09        8.51857E-06
               37.1695             3.71695E-09        8.59059E-06
               37.9695             3.79695E-09        8.65897E-06
               38.7695             3.87695E-09        8.72366E-06
               39.5695             3.95695E-09        8.78556E-06
               40.3695             4.03695E-09        8.8451E-06 
               41.1695             4.11695E-09        8.90237E-06
               41.9695             4.19695E-09        8.95747E-06
               42.7695             4.27695E-09        9.01022E-06
               43.5695             4.35695E-09        9.06057E-06
               44.3695             4.43695E-09        9.10897E-06
               45.1695             4.51695E-09        9.15572E-06
               45.9695             4.59695E-09        9.20085E-06
               46.7695             4.67695E-09        9.24468E-06
               47.5695             4.75695E-09        9.28726E-06
               48.3695             4.83695E-09        9.32862E-06
               49.1695             4.91695E-09        9.36876E-06
               49.9695             4.99695E-09        9.40792E-06
               50.7695             5.07695E-09        9.44625E-06
               51.5695             5.15695E-09        9.48383E-06
               52.3695             5.23695E-09        9.5207E-06 
               53.1695             5.31695E-09        9.55689E-06
               53.9695             5.39695E-09        9.59245E-06
               54.7695             5.47695E-09        9.62733E-06
               55.5695             5.55695E-09        9.66163E-06
               56.3695             5.63695E-09        9.69518E-06
               57.1695             5.71695E-09        9.72815E-06
               57.9695             5.79695E-09        9.7606E-06 
               58.7695             5.87695E-09        9.79258E-06
               59.5695             5.95695E-09        9.82406E-06
               60.3695             6.03695E-09        9.92997E-06
               61.1695             6.11695E-09       10.495E-06  
               61.9695             6.19695E-09       11.4636E-06 
               62.7695             6.27695E-09       12.4035E-06 
               63.5695             6.35695E-09       13.3729E-06 
               64.3695             6.43695E-09       14.7022E-06 
               65.1695             6.51695E-09       16.0361E-06 
               65.9695             6.59695E-09       17.2776E-06 
               66.7695             6.67695E-09       18.4269E-06 
               67.5695             6.75695E-09       19.4853E-06 
               68.3695             6.83695E-09       20.4511E-06 
               69.1695             6.91695E-09       21.331E-06  
               69.9695             6.99695E-09       22.1379E-06 
               70.7695             7.07695E-09       22.8743E-06 
               71.5695             7.15695E-09       23.5483E-06 
               72.3695             7.23695E-09       24.17E-06   
               73.1695             7.31695E-09       24.7441E-06 
               73.9695             7.39695E-09       25.2774E-06 
               74.7695             7.47695E-09       25.7768E-06 
               75.5695             7.55695E-09       26.248E-06  
               76.3695             7.63695E-09       26.695E-06  
               77.1695             7.71695E-09       27.1195E-06 
               77.9695             7.79695E-09       27.5234E-06 
               78.7695             7.87695E-09       27.9083E-06 
               79.5695             7.95695E-09       28.2754E-06 
               80.3695             8.03695E-09       28.6254E-06 
               81.1695             8.11695E-09       28.9592E-06 
               81.9695             8.19695E-09       29.2779E-06 
               82.7695             8.27695E-09       29.5821E-06 
               83.5695             8.35695E-09       29.8723E-06 
               84.3695             8.43695E-09       30.1496E-06 
               85.1695             8.51695E-09       30.4153E-06 
               85.9695             8.59695E-09       30.6703E-06 
               86.7695             8.67695E-09       30.9156E-06 
               87.5695             8.75695E-09       31.1519E-06 
               88.3695             8.83695E-09       31.3796E-06 
               89.1695             8.91695E-09       31.599E-06  
               89.9695             8.99695E-09       31.8104E-06 
               90.7695             9.07695E-09       32.0142E-06 
               91.5695             9.15695E-09       32.2107E-06 
               92.3695             9.23695E-09       32.3999E-06 
               93.1695             9.31695E-09       32.5827E-06 
               93.9695             9.39695E-09       32.759E-06  
               94.7695             9.47695E-09       32.9297E-06 
               95.5695             9.55695E-09       33.095E-06  
               96.3695             9.63695E-09       33.2556E-06 
               97.1695             9.71695E-09       33.4117E-06 
               97.9695             9.79695E-09       33.5635E-06 
               98.7695             9.87695E-09       33.7114E-06 
               99.5695             9.95695E-09       33.8554E-06 
              100.37              10.037E-09         33.9958E-06 
              101.17              10.117E-09         34.133E-06  
              101.97              10.197E-09         34.2672E-06 
              102.77              10.277E-09         34.3985E-06 
              103.57              10.357E-09         34.5271E-06 
              104.37              10.437E-09         34.653E-06  
              105.17              10.517E-09         34.7765E-06 
              105.97              10.597E-09         34.8977E-06 
              106.77              10.677E-09         35.0167E-06 
              107.57              10.757E-09         35.1336E-06 
              108.37              10.837E-09         35.2485E-06 
              109.17              10.917E-09         35.3615E-06 
              109.97              10.997E-09         35.4724E-06 
              110.77              11.077E-09         35.5816E-06 
              111.57              11.157E-09         35.6891E-06 
              112.37              11.237E-09         35.7951E-06 
              113.17              11.317E-09         35.8994E-06 
              113.97              11.397E-09         36.0024E-06 
              114.77              11.477E-09         36.1038E-06 
              115.57              11.557E-09         36.2036E-06 
              116.37              11.637E-09         36.3021E-06 
              117.17              11.717E-09         36.3994E-06 
              117.97              11.797E-09         36.4953E-06 
              118.77              11.877E-09         36.9156E-06 
              119.57              11.957E-09         37.4771E-06 
              120.37              12.037E-09         38.0049E-06 
              121.17              12.117E-09         38.4951E-06 
              121.97              12.197E-09         38.9901E-06 
              122.77              12.277E-09         39.7867E-06 
              123.57              12.357E-09         40.6973E-06 
              124.37              12.437E-09         41.5544E-06 
              125.17              12.517E-09         42.357E-06  
              125.97              12.597E-09         43.1051E-06 
              126.77              12.677E-09         43.8002E-06 
              127.57              12.757E-09         44.4466E-06 
              128.37              12.837E-09         45.0521E-06 
              129.17              12.917E-09         45.6206E-06 
              129.97              12.997E-09         46.1519E-06 
              130.77              13.077E-09         46.6415E-06 
              131.57              13.157E-09         47.0913E-06 
              132.37              13.237E-09         47.5072E-06 
              133.17              13.317E-09         47.8943E-06 
              133.97              13.397E-09         48.2562E-06 
              134.77              13.477E-09         48.5962E-06 
              135.57              13.557E-09         48.9173E-06 
              136.37              13.637E-09         49.2213E-06 
              137.17              13.717E-09         49.5099E-06 
              137.97              13.797E-09         49.785E-06  
              138.77              13.877E-09         50.0478E-06 
              139.57              13.957E-09         50.2989E-06 
              140.37              14.037E-09         50.5389E-06 
              141.17              14.117E-09         50.7687E-06 
              141.97              14.197E-09         50.9891E-06 
              142.77              14.277E-09         51.2009E-06 
              143.57              14.357E-09         51.4049E-06 
              144.37              14.437E-09         51.6016E-06 
              145.17              14.517E-09         51.7917E-06 
              145.97              14.597E-09         51.9757E-06 
              146.77              14.677E-09         52.1547E-06 
              147.57              14.757E-09         52.329E-06  
              148.37              14.837E-09         52.4992E-06 
              149.17              14.917E-09         52.6653E-06 
              149.97              14.997E-09         52.8278E-06 
              150.77              15.077E-09         52.987E-06  
              151.57              15.157E-09         53.1431E-06 
              152.37              15.237E-09         53.2962E-06 
              153.17              15.317E-09         53.4465E-06 
              153.97              15.397E-09         53.594E-06  
              154.77              15.477E-09         53.739E-06  
              155.57              15.557E-09         53.8815E-06 
              156.37              15.637E-09         54.0216E-06 
              157.17              15.717E-09         54.1595E-06 
              157.97              15.797E-09         54.2951E-06 
              158.77              15.877E-09         54.4287E-06 
              159.57              15.957E-09         54.5604E-06 
              160.37              16.037E-09         54.6904E-06 
              161.17              16.117E-09         54.8186E-06 
              161.97              16.197E-09         54.9453E-06 
              162.77              16.277E-09         55.0704E-06 
              163.57              16.357E-09         55.194E-06  
              164.37              16.437E-09         55.3163E-06 
              165.17              16.517E-09         55.4372E-06 
              165.97              16.597E-09         55.5569E-06 
              166.77              16.677E-09         55.6754E-06 
              167.57              16.757E-09         55.7927E-06 
              168.37              16.837E-09         55.9089E-06 
              169.17              16.917E-09         56.024E-06  
              169.97              16.997E-09         56.1382E-06 
              170.77              17.077E-09         56.2511E-06 
              171.57              17.157E-09         56.3629E-06 
              172.37              17.237E-09         56.4737E-06 
              173.17              17.317E-09         56.5834E-06 
              173.97              17.397E-09         56.6918E-06 
              174.77              17.477E-09         56.7992E-06 
              175.57              17.557E-09         56.9055E-06 
              176.37              17.637E-09         57.0107E-06 
              177.17              17.717E-09         57.1149E-06 
              177.97              17.797E-09         57.218E-06  
              178.77              17.877E-09         57.3203E-06 
              179.57              17.957E-09         57.4216E-06 
              180.37              18.037E-09         57.5222E-06 
              181.17              18.117E-09         57.6221E-06 
              181.97              18.197E-09         57.7212E-06 
              182.77              18.277E-09         57.8195E-06 
              183.57              18.357E-09         57.9172E-06 
              184.37              18.437E-09         58.0143E-06 
              185.17              18.517E-09         58.1105E-06 
              185.97              18.597E-09         58.206E-06  
              186.77              18.677E-09         58.3007E-06 
              187.57              18.757E-09         58.3947E-06 
              188.37              18.837E-09         58.4881E-06 
              189.17              18.917E-09         58.5808E-06 
              189.97              18.997E-09         58.6729E-06 
              190.77              19.077E-09         58.7644E-06 
              191.57              19.157E-09         58.8553E-06 
              192.37              19.237E-09         58.9457E-06 
              193.17              19.317E-09         59.0354E-06 
              193.97              19.397E-09         59.1245E-06 
              194.77              19.477E-09         59.2129E-06 
              195.57              19.557E-09         59.3008E-06 
              196.37              19.637E-09         59.3882E-06 
              197.17              19.717E-09         59.4749E-06 
              197.97              19.797E-09         59.561E-06  
              198.77              19.877E-09         59.6465E-06 
              199.57              19.957E-09         59.7313E-06 
              200.37              20.037E-09         59.8156E-06 
              201.17              20.117E-09         59.8993E-06 
              201.97              20.197E-09         59.9826E-06 
              202.77              20.277E-09         60.0654E-06 
              203.57              20.357E-09         60.1478E-06 
              204.37              20.437E-09         60.2297E-06 
              205.17              20.517E-09         60.3112E-06 
              205.97              20.597E-09         60.3922E-06 
              206.77              20.677E-09         60.4727E-06 
              207.57              20.757E-09         60.5528E-06 
              208.37              20.837E-09         60.6326E-06 
              209.17              20.917E-09         60.7119E-06 
              209.97              20.997E-09         60.791E-06  
              210.77              21.077E-09         60.8696E-06 
              211.57              21.157E-09         60.948E-06  
              212.37              21.237E-09         61.026E-06  
              213.17              21.317E-09         61.1037E-06 
              213.97              21.397E-09         61.1811E-06 
              214.77              21.477E-09         61.2581E-06 
              215.57              21.557E-09         61.3347E-06 
              216.37              21.637E-09         61.411E-06  
              217.17              21.717E-09         61.487E-06  
              217.97              21.797E-09         61.5627E-06 
              218.77              21.877E-09         61.6382E-06 
              219.57              21.957E-09         61.7135E-06 
              220.37              22.037E-09         61.7885E-06 
              221.17              22.117E-09         61.8632E-06 
              221.97              22.197E-09         61.9376E-06 
              222.77              22.277E-09         62.0116E-06 
              223.57              22.357E-09         62.0852E-06 
              224.37              22.437E-09         62.1585E-06 
              225.17              22.517E-09         62.2313E-06 
              225.97              22.597E-09         62.3038E-06 
              226.77              22.677E-09         62.3759E-06 
              227.57              22.757E-09         62.4478E-06 
              228.37              22.837E-09         62.5194E-06 
              229.17              22.917E-09         62.5908E-06 
              229.97              22.997E-09         62.6851E-06 
              230.77              23.077E-09         63.1322E-06 
              231.57              23.157E-09         63.5912E-06 
              232.37              23.237E-09         64.03E-06   
              233.17              23.317E-09         64.4512E-06 
              233.97              23.397E-09         64.8534E-06 
              234.77              23.477E-09         65.2349E-06 
              235.57              23.557E-09         65.592E-06  
              236.37              23.637E-09         65.9202E-06 
              237.17              23.717E-09         66.2165E-06 
              237.97              23.797E-09         66.4838E-06 
              238.77              23.877E-09         66.7287E-06 
              239.57              23.957E-09         66.9558E-06 
              240.37              24.037E-09         67.1677E-06 
              241.17              24.117E-09         67.3658E-06 
              241.97              24.197E-09         67.5518E-06 
              242.77              24.277E-09         67.7278E-06 
              243.57              24.357E-09         67.8957E-06 
              244.37              24.437E-09         68.0566E-06 
              245.17              24.517E-09         68.2111E-06 
              245.97              24.597E-09         68.4426E-06 
              246.77              24.677E-09         68.9075E-06 
              247.57              24.757E-09         69.3735E-06 
              248.37              24.837E-09         69.8184E-06 
              249.17              24.917E-09         70.2426E-06 
              249.97              24.997E-09         70.6437E-06 
              250.77              25.077E-09         71.0149E-06 
              251.57              25.157E-09         71.3553E-06 
              252.37              25.237E-09         71.6702E-06 
              253.17              25.317E-09         71.9629E-06 
              253.97              25.397E-09         72.2345E-06 
              254.77              25.477E-09         72.4877E-06 
              255.57              25.557E-09         72.7254E-06 
              256.37              25.637E-09         72.9498E-06 
              257.17              25.717E-09         73.1622E-06 
              257.97              25.797E-09         73.364E-06  
              258.77              25.877E-09         73.556E-06  
              259.57              25.957E-09         73.738E-06  
              260.37              26.037E-09         73.9102E-06 
              261.17              26.117E-09         74.0738E-06 
              261.97              26.197E-09         74.23E-06   
              262.77              26.277E-09         74.3797E-06 
              263.57              26.357E-09         74.5241E-06 
              264.37              26.437E-09         74.6638E-06 
              265.17              26.517E-09         74.7996E-06 
              265.97              26.597E-09         74.9319E-06 
              266.77              26.677E-09         75.061E-06  
              267.57              26.757E-09         75.1871E-06 
              268.37              26.837E-09         75.3105E-06 
              269.17              26.917E-09         75.5512E-06 
              269.97              26.997E-09         75.7967E-06 
              270.77              27.077E-09         76.0318E-06 
              271.57              27.1569E-09        76.2575E-06 
              272.37              27.237E-09         76.4744E-06 
              273.17              27.317E-09         76.6834E-06 
              273.97              27.397E-09         76.8853E-06 
              274.77              27.477E-09         77.0811E-06 
              275.57              27.557E-09         77.2715E-06 
              276.37              27.637E-09         77.4567E-06 
              277.17              27.717E-09         77.6373E-06 
              277.97              27.797E-09         77.8133E-06 
              278.77              27.877E-09         77.984E-06  
              279.57              27.957E-09         78.1494E-06 
              280.37              28.037E-09         78.3103E-06 
              281.17              28.117E-09         78.4671E-06 
              281.97              28.197E-09         78.6203E-06 
              282.77              28.277E-09         78.7691E-06 
              283.57              28.357E-09         78.9136E-06 
              284.37              28.437E-09         79.054E-06  
              285.17              28.517E-09         79.1908E-06 
              285.97              28.597E-09         79.3247E-06 
              286.77              28.677E-09         79.4559E-06 
              287.57              28.757E-09         79.5849E-06 
              288.37              28.837E-09         79.7112E-06 
              289.17              28.917E-09         79.8354E-06 
              289.97              28.997E-09         79.9573E-06 
              290.77              29.077E-09         80.0769E-06 
              291.57              29.157E-09         80.1945E-06 
              292.37              29.237E-09         80.3101E-06 
              293.17              29.317E-09         80.4238E-06 
              293.97              29.397E-09         80.5358E-06 
              294.77              29.477E-09         80.6462E-06 
              295.57              29.557E-09         80.7928E-06 
              296.37              29.637E-09         81.0036E-06 
              297.17              29.717E-09         81.204E-06  
              297.97              29.797E-09         81.3953E-06 
              298.77              29.877E-09         81.5781E-06 
              299.57              29.957E-09         81.7539E-06 
              300.37              30.037E-09         81.923E-06  
              301.17              30.117E-09         82.0864E-06 
              301.97              30.197E-09         82.2453E-06 
              302.77              30.277E-09         82.3993E-06 
              303.57              30.357E-09         82.5489E-06 
              304.37              30.437E-09         82.6945E-06 
              305.17              30.517E-09         82.8356E-06 
              305.97              30.597E-09         82.9726E-06 
              306.77              30.677E-09         83.106E-06  
              307.57              30.757E-09         83.236E-06  
              308.37              30.837E-09         83.3627E-06 
              309.17              30.917E-09         83.4863E-06 
              309.97              30.997E-09         83.6069E-06 
              310.77              31.077E-09         83.725E-06  
              311.57              31.157E-09         83.8407E-06 
              312.37              31.237E-09         83.9543E-06 
              313.17              31.317E-09         84.0659E-06 
              313.97              31.397E-09         84.1759E-06 
              314.77              31.477E-09         84.2845E-06 
              315.57              31.557E-09         84.4633E-06 
              316.37              31.637E-09         84.7542E-06 
              317.17              31.7169E-09        85.0455E-06 
              317.97              31.797E-09         85.5122E-06 
              318.77              31.877E-09         86.044E-06  
              319.57              31.957E-09         86.5604E-06 
              320.37              32.037E-09         87.0565E-06 
              321.17              32.117E-09         87.5309E-06 
              321.97              32.197E-09         87.9826E-06 
              322.77              32.277E-09         88.4064E-06 
              323.57              32.357E-09         88.7972E-06 
              324.37              32.437E-09         89.155E-06  
              325.17              32.517E-09         89.4817E-06 
              325.97              32.597E-09         89.7805E-06 
              326.77              32.677E-09         90.0565E-06 
              327.57              32.757E-09         90.3145E-06 
              328.37              32.837E-09         90.5572E-06 
              329.17              32.917E-09         90.9997E-06 
              329.97              32.997E-09         91.4961E-06 
              330.77              33.077E-09         91.9799E-06 
              331.57              33.157E-09         92.4435E-06 
              332.37              33.237E-09         92.8853E-06 
              333.17              33.317E-09         93.3068E-06 
              333.97              33.397E-09         93.7072E-06 
              334.77              33.477E-09         94.0837E-06 
              335.57              33.557E-09         94.4358E-06 
              336.37              33.637E-09         94.7654E-06 
              337.17              33.717E-09         95.0735E-06 
              337.97              33.797E-09         95.3602E-06 
              338.77              33.877E-09         95.6285E-06 
              339.57              33.957E-09         95.8807E-06 
              340.37              34.037E-09         96.1177E-06 
              341.17              34.117E-09         96.341E-06  
              341.97              34.197E-09         96.5698E-06 
              342.77              34.277E-09         96.9442E-06 
              343.57              34.357E-09         97.302E-06  
              344.37              34.437E-09         97.6379E-06 
              345.17              34.517E-09         97.953E-06  
              345.97              34.597E-09         98.2493E-06 
              346.77              34.677E-09         98.529E-06  
              347.57              34.757E-09         98.7944E-06 
              348.37              34.837E-09         99.0475E-06 
              349.17              34.917E-09         99.2898E-06 
              349.97              34.997E-09         99.5222E-06 
              350.77              35.077E-09         99.7456E-06 
              351.57              35.157E-09         99.9609E-06 
              352.37              35.237E-09        100.169E-06  
              353.17              35.317E-09        100.37E-06   
              353.97              35.397E-09        100.566E-06  
              354.77              35.4769E-09       100.755E-06  
              355.57              35.557E-09        100.94E-06   
              356.37              35.637E-09        101.12E-06   
              357.17              35.717E-09        101.296E-06  
              357.97              35.797E-09        101.468E-06  
              358.77              35.877E-09        101.636E-06  
              359.57              35.957E-09        101.801E-06  
              360.37              36.037E-09        101.963E-06  
              361.17              36.117E-09        102.121E-06  
              361.97              36.1969E-09       102.276E-06  
              362.77              36.277E-09        102.429E-06  
              363.57              36.357E-09        102.578E-06  
              364.37              36.437E-09        102.725E-06  
              365.17              36.5169E-09       102.869E-06  
              365.97              36.597E-09        103.01E-06   
              366.77              36.677E-09        103.148E-06  
              367.57              36.757E-09        103.284E-06  
              368.37              36.837E-09        103.417E-06  
              369.17              36.917E-09        103.549E-06  
              369.97              36.997E-09        103.678E-06  
              370.77              37.077E-09        103.806E-06  
              371.57              37.157E-09        103.932E-06  
              372.37              37.2369E-09       104.057E-06  
              373.17              37.317E-09        104.18E-06   
              373.97              37.397E-09        104.302E-06  
              374.77              37.477E-09        104.423E-06  
              375.57              37.5569E-09       104.543E-06  
              376.37              37.637E-09        104.662E-06  
              377.17              37.717E-09        104.779E-06  
              377.97              37.797E-09        104.896E-06  
              378.77              37.877E-09        105.011E-06  
              379.57              37.957E-09        105.126E-06  
              380.37              38.037E-09        105.24E-06   
              381.17              38.117E-09        105.354E-06  
              381.97              38.197E-09        105.466E-06  
              382.77              38.277E-09        105.582E-06  
              383.57              38.357E-09        105.692E-06  
              384.37              38.437E-09        105.802E-06  
              385.17              38.517E-09        105.913E-06  
              385.97              38.597E-09        106.023E-06  
              386.77              38.677E-09        106.132E-06  
              387.57              38.757E-09        106.241E-06  
              388.37              38.837E-09        106.35E-06   
              389.17              38.917E-09        106.458E-06  
              389.97              38.997E-09        106.566E-06  
              390.77              39.077E-09        106.673E-06  
              391.57              39.157E-09        106.78E-06   
              392.37              39.2369E-09       106.886E-06  
              393.17              39.317E-09        106.992E-06  
              393.97              39.397E-09        107.098E-06  
              394.77              39.477E-09        107.204E-06  
              395.57              39.5569E-09       107.309E-06  
              396.37              39.637E-09        107.414E-06  
              397.17              39.717E-09        107.518E-06  
              397.97              39.797E-09        107.622E-06  
              398.77              39.877E-09        107.727E-06  
              399.57              39.957E-09        107.831E-06  
              400.37              40.037E-09        107.935E-06  
              401.17              40.117E-09        108.039E-06  
              401.97              40.197E-09        108.143E-06  
              402.77              40.277E-09        108.246E-06  
              403.57              40.357E-09        108.35E-06   
              404.37              40.437E-09        108.453E-06  
              405.17              40.517E-09        108.556E-06  
              405.97              40.597E-09        108.659E-06  
              406.77              40.677E-09        108.763E-06  
              407.57              40.757E-09        108.866E-06  
              408.37              40.837E-09        108.968E-06  
              409.17              40.917E-09        109.071E-06  
              409.97              40.9969E-09       109.174E-06  
              410.77              41.077E-09        109.276E-06  
              411.57              41.157E-09        109.378E-06  
              412.37              41.237E-09        109.481E-06  
              413.17              41.317E-09        109.583E-06  
              413.97              41.397E-09        109.685E-06  
              414.77              41.477E-09        109.788E-06  
              415.57              41.557E-09        109.89E-06   
              416.37              41.637E-09        109.992E-06  
              417.17              41.717E-09        110.094E-06  
              417.97              41.797E-09        110.196E-06  
              418.77              41.877E-09        110.298E-06  
              419.57              41.957E-09        110.399E-06  
              420.37              42.0369E-09       110.501E-06  
              421.17              42.117E-09        110.574E-06  
              421.97              42.197E-09        110.696E-06  
              422.77              42.277E-09        110.804E-06  
              423.57              42.3569E-09       110.909E-06  
              424.37              42.437E-09        111.012E-06  
              425.17              42.517E-09        111.113E-06  
              425.97              42.597E-09        111.214E-06  
              426.77              42.677E-09        111.314E-06  
              427.57              42.757E-09        111.477E-06  
              428.37              42.837E-09        111.534E-06  
              429.17              42.917E-09        111.622E-06  
              429.97              42.997E-09        111.717E-06  
              430.77              43.077E-09        111.814E-06  
              431.57              43.157E-09        111.912E-06  
              432.37              43.237E-09        112.01E-06   
              433.17              43.317E-09        112.108E-06  
              433.97              43.3969E-09       112.206E-06  
              434.77              43.477E-09        112.305E-06  
              435.57              43.557E-09        112.403E-06  
              436.37              43.637E-09        112.501E-06  
              437.17              43.717E-09        112.6E-06    
              437.97              43.797E-09        112.699E-06  
              438.77              43.877E-09        112.798E-06  
              439.57              43.957E-09        112.897E-06  
              440.37              44.0369E-09       112.996E-06  
              441.17              44.117E-09        113.095E-06  
              441.97              44.197E-09        113.194E-06  
              442.77              44.277E-09        113.294E-06  
              443.57              44.357E-09        113.393E-06  
              444.37              44.437E-09        113.492E-06  
              445.17              44.517E-09        113.591E-06  
              445.97              44.597E-09        113.69E-06   
              446.77              44.677E-09        113.79E-06   
              447.57              44.757E-09        113.762E-06  
              448.37              44.837E-09        113.973E-06  
              449.17              44.917E-09        114.075E-06  
              449.97              44.997E-09        114.194E-06  
              450.77              45.077E-09        114.306E-06  
              451.57              45.157E-09        114.413E-06  
              452.37              45.237E-09        114.518E-06  
              453.17              45.317E-09        114.62E-06   
              453.97              45.3969E-09       114.721E-06  
              454.77              45.477E-09        114.822E-06  
              455.57              45.557E-09        114.922E-06  
              456.37              45.637E-09        115.022E-06  
              457.17              45.717E-09        115.122E-06  
              457.97              45.797E-09        115.222E-06  
              458.77              45.877E-09        115.321E-06  
              459.57              45.957E-09        115.42E-06   
              460.37              46.037E-09        115.52E-06   
              461.17              46.117E-09        115.619E-06  
              461.97              46.197E-09        115.718E-06  
              462.77              46.277E-09        115.817E-06  
              463.57              46.357E-09        115.915E-06  
              464.37              46.437E-09        116.014E-06  
              465.17              46.517E-09        116.113E-06  
              465.97              46.597E-09        116.212E-06  
              466.77              46.677E-09        116.311E-06  
              467.57              46.757E-09        116.41E-06   
              468.37              46.8369E-09       116.509E-06  
              469.17              46.917E-09        116.608E-06  
              469.97              46.997E-09        116.707E-06  
              470.77              47.077E-09        116.806E-06  
              471.57              47.157E-09        116.905E-06  
              472.37              47.237E-09        117.005E-06  
              473.17              47.317E-09        117.104E-06  
              473.97              47.397E-09        117.203E-06  
              474.77              47.477E-09        117.302E-06  
              475.57              47.557E-09        117.401E-06  
              476.37              47.637E-09        117.5E-06    
              477.17              47.717E-09        117.599E-06  
              477.97              47.797E-09        117.698E-06  
              478.77              47.8769E-09       117.797E-06  
              479.57              47.957E-09        117.897E-06  
              480.37              48.037E-09        117.996E-06  
              481.17              48.117E-09        118.095E-06  
              481.97              48.197E-09        118.194E-06  
              482.77              48.277E-09        118.294E-06  
              483.57              48.357E-09        118.393E-06  
              484.37              48.437E-09        118.493E-06  
              485.17              48.517E-09        118.592E-06  
              485.97              48.597E-09        118.692E-06  
              486.77              48.677E-09        118.792E-06  
              487.57              48.757E-09        118.892E-06  
              488.37              48.8369E-09       118.992E-06  
              489.17              48.917E-09        119.092E-06  
              489.97              48.997E-09        119.192E-06  
              490.77              49.077E-09        119.293E-06  
              491.57              49.157E-09        119.393E-06  
              492.37              49.2369E-09       119.493E-06  
              493.17              49.317E-09        119.815E-06  
              493.97              49.397E-09        120.187E-06  
              494.77              49.477E-09        120.549E-06  
              495.57              49.557E-09        120.893E-06  
              496.37              49.637E-09        121.218E-06  
              497.17              49.717E-09        121.525E-06  
              497.97              49.797E-09        121.815E-06  
              498.77              49.8769E-09       122.09E-06   
              499.57              49.957E-09        122.344E-06  
              500.37              50.037E-09        122.582E-06  
              501.17              50.117E-09        122.805E-06  
              501.97              50.197E-09        123.017E-06  
              502.77              50.277E-09        123.219E-06  
              503.57              50.357E-09        123.413E-06  
              504.37              50.437E-09        123.6E-06    
              505.17              50.517E-09        123.781E-06  
              505.97              50.597E-09        123.956E-06  
              506.77              50.677E-09        124.125E-06  
              507.57              50.757E-09        124.29E-06   
              508.37              50.837E-09        124.449E-06  
              509.17              50.917E-09        124.605E-06  
              509.97              50.997E-09        124.757E-06  
              510.77              51.077E-09        124.905E-06  
              511.57              51.157E-09        125.05E-06   
              512.37              51.2369E-09       125.193E-06  
              513.169             51.317E-09        125.334E-06  
              513.97              51.397E-09        125.472E-06  
              514.77              51.477E-09        125.609E-06  
              515.57              51.557E-09        125.744E-06  
              516.37              51.6369E-09       125.877E-06  
              517.169             51.717E-09        126.008E-06  
              517.97              51.797E-09        126.138E-06  
              518.77              51.877E-09        126.267E-06  
              519.57              51.957E-09        126.395E-06  
              520.37              52.037E-09        126.522E-06  
              521.169             52.117E-09        126.647E-06  
              521.97              52.197E-09        126.772E-06  
              522.77              52.277E-09        126.895E-06  
              523.57              52.357E-09        127.018E-06  
              524.37              52.437E-09        127.139E-06  
              525.169             52.517E-09        127.26E-06   
              525.97              52.597E-09        127.379E-06  
              526.77              52.6769E-09       127.498E-06  
              527.57              52.757E-09        127.617E-06  
              528.37              52.837E-09        127.734E-06  
              529.169             52.917E-09        127.852E-06  
              529.97              52.997E-09        127.968E-06  
              530.77              53.077E-09        128.084E-06  
              531.57              53.157E-09        128.2E-06    
              532.37              53.237E-09        128.315E-06  
              533.169             53.317E-09        128.43E-06   
              533.97              53.397E-09        128.544E-06  
              534.77              53.477E-09        128.658E-06  
              535.57              53.557E-09        128.772E-06  
              536.37              53.637E-09        128.886E-06  
              537.169             53.717E-09        128.999E-06  
              537.97              53.797E-09        129.284E-06  
              538.77              53.877E-09        129.571E-06  
              539.57              53.957E-09        129.844E-06  
              540.37              54.037E-09        130.105E-06  
              541.169             54.117E-09        130.353E-06  
              541.97              54.197E-09        130.588E-06  
              542.77              54.277E-09        130.812E-06  
              543.57              54.357E-09        131.025E-06  
              544.37              54.437E-09        131.229E-06  
              545.169             54.517E-09        131.426E-06  
              545.97              54.597E-09        131.615E-06  
              546.77              54.6769E-09       131.799E-06  
              547.57              54.757E-09        131.977E-06  
              548.37              54.837E-09        132.15E-06   
              549.169             54.917E-09        132.32E-06   
              549.97              54.997E-09        132.486E-06  
              550.77              55.077E-09        132.649E-06  
              551.57              55.157E-09        132.81E-06   
              552.37              55.237E-09        132.968E-06  
              553.169             55.317E-09        133.123E-06  
              553.97              55.397E-09        133.277E-06  
              554.77              55.477E-09        133.428E-06  
              555.57              55.557E-09        133.578E-06  
              556.37              55.637E-09        133.726E-06  
              557.169             55.7169E-09       133.872E-06  
              557.97              55.797E-09        134.016E-06  
              558.77              55.877E-09        134.159E-06  
              559.57              55.957E-09        134.301E-06  
              560.37              56.037E-09        134.442E-06  
              561.169             56.117E-09        134.581E-06  
              561.97              56.197E-09        134.72E-06   
              562.77              56.277E-09        134.857E-06  
              563.57              56.357E-09        134.994E-06  
              564.37              56.437E-09        135.131E-06  
              565.169             56.517E-09        135.266E-06  
              565.97              56.597E-09        135.402E-06  
              566.77              56.677E-09        135.536E-06  
              567.57              56.757E-09        135.671E-06  
              568.37              56.837E-09        135.824E-06  
              569.169             56.917E-09        135.988E-06  
              569.97              56.997E-09        136.148E-06  
              570.77              57.077E-09        136.304E-06  
              571.57              57.157E-09        136.457E-06  
              572.37              57.237E-09        136.606E-06  
              573.169             57.317E-09        136.754E-06  
              573.97              57.397E-09        136.899E-06  
              574.77              57.477E-09        137.302E-06  
              575.57              57.557E-09        137.716E-06  
              576.37              57.637E-09        138.117E-06  
              577.169             57.717E-09        138.501E-06  
              577.97              57.797E-09        138.865E-06  
              578.77              57.877E-09        139.212E-06  
              579.57              57.957E-09        139.543E-06  
              580.37              58.037E-09        139.858E-06  
              581.169             58.117E-09        140.353E-06  
              581.97              58.197E-09        140.951E-06  
              582.77              58.277E-09        141.526E-06  
              583.57              58.357E-09        142.083E-06  
              584.37              58.437E-09        142.612E-06  
              585.169             58.517E-09        143.11E-06   
              585.97              58.597E-09        143.574E-06  
              586.77              58.677E-09        144.008E-06  
              587.57              58.757E-09        144.421E-06  
              588.37              58.837E-09        144.84E-06   
              589.169             58.917E-09        145.141E-06  
              589.97              58.997E-09        145.544E-06  
              590.77              59.077E-09        145.904E-06  
              591.57              59.157E-09        146.235E-06  
              592.37              59.237E-09        146.546E-06  
              593.169             59.317E-09        146.84E-06   
              593.97              59.397E-09        147.121E-06  
              594.77              59.477E-09        147.39E-06   
              595.57              59.557E-09        147.649E-06  
              596.37              59.637E-09        147.899E-06  
              597.169             59.7169E-09       148.141E-06  
              597.97              59.797E-09        148.377E-06  
              598.77              59.877E-09        148.606E-06  
              599.57              59.957E-09        148.956E-06  
              600.37              60.037E-09        149.087E-06  
              601.169             60.117E-09        149.285E-06  
              601.97              60.197E-09        149.488E-06  
              602.77              60.277E-09        149.691E-06  
              603.57              60.357E-09        149.891E-06  
              604.37              60.437E-09        150.088E-06  
              605.169             60.517E-09        150.282E-06  
              605.97              60.597E-09        150.473E-06  
              606.77              60.677E-09        150.662E-06  
              607.57              60.757E-09        150.847E-06  
              608.37              60.837E-09        151.031E-06  
              609.169             60.917E-09        151.212E-06  
              609.97              60.997E-09        151.391E-06  
              610.77              61.077E-09        151.568E-06  
              611.57              61.157E-09        151.742E-06  
              612.37              61.237E-09        151.915E-06  
              613.169             61.317E-09        152.085E-06  
              613.97              61.397E-09        152.254E-06  
              614.77              61.477E-09        152.421E-06  
              615.57              61.5569E-09       152.587E-06  
              616.37              61.637E-09        152.751E-06  
              617.169             61.717E-09        152.998E-06  
              617.97              61.797E-09        153.24E-06   
              618.77              61.877E-09        153.475E-06  
              619.57              61.957E-09        153.701E-06  
              620.37              62.037E-09        153.92E-06   
              621.169             62.117E-09        154.133E-06  
              621.97              62.197E-09        154.34E-06   
              622.77              62.277E-09        154.543E-06  
              623.57              62.3569E-09       154.742E-06  
              624.37              62.437E-09        154.937E-06  
              625.169             62.517E-09        155.129E-06  
              625.97              62.597E-09        155.317E-06  
              626.77              62.677E-09        155.503E-06  
              627.57              62.757E-09        155.687E-06  
              628.37              62.837E-09        155.868E-06  
              629.169             62.917E-09        156.048E-06  
              629.97              62.997E-09        156.225E-06  
              630.77              63.077E-09        156.401E-06  
              631.57              63.157E-09        156.574E-06  
              632.37              63.237E-09        156.747E-06  
              633.169             63.317E-09        156.917E-06  
              633.97              63.397E-09        157.086E-06  
              634.77              63.477E-09        157.253E-06  
              635.57              63.557E-09        157.418E-06  
              636.37              63.637E-09        157.582E-06  
              637.169             63.7169E-09       157.743E-06  
              637.97              63.797E-09        157.904E-06  
              638.77              63.877E-09        158.062E-06  
              639.57              63.957E-09        158.22E-06   
              640.37              64.037E-09        158.376E-06  
              641.169             64.117E-09        158.531E-06  
              641.97              64.197E-09        158.685E-06  
              642.77              64.2769E-09       158.837E-06  
              643.57              64.357E-09        158.988E-06  
              644.37              64.437E-09        159.138E-06  
              645.169             64.517E-09        159.286E-06  
              645.97              64.597E-09        159.433E-06  
              646.77              64.677E-09        159.58E-06   
              647.57              64.757E-09        159.724E-06  
              648.37              64.837E-09        159.868E-06  
              649.169             64.917E-09        160.011E-06  
              649.97              64.9969E-09       160.154E-06  
              650.77              65.077E-09        160.295E-06  
              651.57              65.157E-09        160.436E-06  
              652.37              65.237E-09        160.577E-06  
              653.169             65.317E-09        160.717E-06  
              653.97              65.397E-09        160.856E-06  
              654.77              65.477E-09        160.995E-06  
              655.57              65.557E-09        161.134E-06  
              656.37              65.637E-09        161.272E-06  
              657.169             65.7169E-09       161.409E-06  
              657.97              65.797E-09        161.546E-06  
              658.77              65.877E-09        161.683E-06  
              659.57              65.957E-09        161.819E-06  
              660.37              66.037E-09        161.956E-06  
              661.169             66.117E-09        162.091E-06  
              661.97              66.197E-09        162.227E-06  
              662.77              66.277E-09        162.363E-06  
              663.57              66.3569E-09       162.498E-06  
              664.37              66.437E-09        162.634E-06  
              665.169             66.517E-09        162.769E-06  
              665.97              66.597E-09        162.904E-06  
              666.77              66.677E-09        163.039E-06  
              667.57              66.757E-09        163.173E-06  
              668.37              66.837E-09        163.306E-06  
              669.169             66.9169E-09       163.44E-06   
              669.97              66.997E-09        163.573E-06  
              670.77              67.077E-09        163.707E-06  
              671.57              67.157E-09        163.84E-06   
              672.37              67.237E-09        163.973E-06  
              673.169             67.317E-09        164.106E-06  
              673.97              67.397E-09        164.24E-06   
              674.77              67.477E-09        164.373E-06  
              675.57              67.557E-09        164.506E-06  
              676.37              67.637E-09        164.671E-06  
              677.169             67.7169E-09       164.841E-06  
              677.97              67.797E-09        165.008E-06  
              678.77              67.877E-09        165.173E-06  
              679.57              67.957E-09        165.336E-06  
              680.37              68.037E-09        165.496E-06  
              681.169             68.117E-09        165.655E-06  
              681.97              68.197E-09        165.812E-06  
              682.77              68.277E-09        165.968E-06  
              683.57              68.357E-09        166.122E-06  
              684.37              68.437E-09        166.275E-06  
              685.169             68.5169E-09       166.428E-06  
              685.97              68.597E-09        166.584E-06  
              686.77              68.677E-09        166.77E-06   
              687.57              68.757E-09        166.956E-06  
              688.37              68.837E-09        167.139E-06  
              689.169             68.917E-09        167.32E-06   
              689.97              68.9969E-09       167.498E-06  
              690.77              69.077E-09        167.674E-06  
              691.57              69.157E-09        167.847E-06  
              692.37              69.2369E-09       168.019E-06  
              693.169             69.317E-09        168.188E-06  
              693.97              69.397E-09        168.356E-06  
              694.77              69.477E-09        168.522E-06  
              695.57              69.557E-09        168.686E-06  
              696.37              69.637E-09        168.849E-06  
              697.169             69.7169E-09       169.011E-06  
              697.97              69.797E-09        169.173E-06  
              698.77              69.877E-09        169.332E-06  
              699.57              69.957E-09        169.491E-06  
              700.37              70.037E-09        169.649E-06  
              701.169             70.117E-09        169.806E-06  
              701.97              70.197E-09        169.962E-06  
              702.77              70.277E-09        170.118E-06  
              703.57              70.3569E-09       170.273E-06  
              704.37              70.437E-09        170.427E-06  
              705.169             70.517E-09        170.581E-06  
              705.97              70.5969E-09       170.735E-06  
              706.77              70.677E-09        170.888E-06  
              707.57              70.757E-09        171.041E-06  
              708.37              70.837E-09        171.194E-06  
              709.169             70.917E-09        171.346E-06  
              709.97              70.997E-09        171.498E-06  
              710.77              71.077E-09        171.65E-06   
              711.57              71.157E-09        171.801E-06  
              712.37              71.237E-09        171.952E-06  
              713.169             71.317E-09        172.103E-06  
              713.97              71.397E-09        172.253E-06  
              714.77              71.477E-09        172.402E-06  
              715.57              71.557E-09        172.626E-06  
              716.37              71.637E-09        172.727E-06  
              717.169             71.717E-09        172.863E-06  
              717.97              71.797E-09        173.006E-06  
              718.77              71.877E-09        173.151E-06  
              719.57              71.9569E-09       173.297E-06  
              720.37              72.037E-09        173.443E-06  
              721.169             72.117E-09        173.59E-06   
              721.97              72.197E-09        173.736E-06  
              722.77              72.277E-09        173.883E-06  
              723.57              72.357E-09        174.029E-06  
              724.37              72.437E-09        174.174E-06  
              725.169             72.517E-09        174.32E-06   
              725.97              72.597E-09        174.465E-06  
              726.77              72.677E-09        174.61E-06   
              727.57              72.757E-09        174.755E-06  
              728.37              72.837E-09        174.899E-06  
              729.169             72.917E-09        175.043E-06  
              729.97              72.9969E-09       175.187E-06  
              730.77              73.077E-09        175.331E-06  
              731.57              73.157E-09        175.475E-06  
              732.37              73.2369E-09       175.618E-06  
              733.169             73.317E-09        175.761E-06  
              733.97              73.397E-09        175.904E-06  
              734.77              73.477E-09        176.047E-06  
              735.57              73.557E-09        176.19E-06   
              736.37              73.637E-09        176.341E-06  
              737.169             73.717E-09        176.477E-06  
              737.97              73.797E-09        176.618E-06  
              738.77              73.877E-09        176.76E-06   
              739.57              73.957E-09        176.902E-06  
              740.37              74.037E-09        177.044E-06  
              741.169             74.117E-09        177.186E-06  
              741.97              74.197E-09        177.328E-06  
              742.77              74.277E-09        177.47E-06   
              743.57              74.357E-09        177.613E-06  
              744.37              74.437E-09        177.756E-06  
              745.169             74.517E-09        177.898E-06  
              745.97              74.5969E-09       178.041E-06  
              746.77              74.677E-09        178.184E-06  
              747.57              74.757E-09        178.326E-06  
              748.37              74.837E-09        178.469E-06  
              749.169             74.917E-09        178.612E-06  
              749.97              74.997E-09        178.755E-06  
              750.77              75.077E-09        178.981E-06  
              751.57              75.157E-09        179.232E-06  
              752.37              75.237E-09        179.479E-06  
              753.169             75.3169E-09       179.718E-06  
              753.97              75.397E-09        179.95E-06   
              754.77              75.477E-09        180.176E-06  
              755.57              75.557E-09        180.396E-06  
              756.37              75.637E-09        180.611E-06  
              757.169             75.717E-09        180.822E-06  
              757.97              75.797E-09        181.028E-06  
              758.77              75.877E-09        181.231E-06  
              759.57              75.957E-09        181.429E-06  
              760.37              76.0369E-09       181.625E-06  
              761.169             76.117E-09        181.817E-06  
              761.97              76.197E-09        182.007E-06  
              762.77              76.277E-09        182.194E-06  
              763.57              76.357E-09        182.379E-06  
              764.37              76.437E-09        182.562E-06  
              765.169             76.517E-09        182.741E-06  
              765.97              76.597E-09        182.918E-06  
              766.77              76.6769E-09       183.093E-06  
              767.57              76.757E-09        183.266E-06  
              768.37              76.837E-09        183.437E-06  
              769.169             76.917E-09        183.607E-06  
              769.97              76.997E-09        183.775E-06  
              770.77              77.077E-09        183.943E-06  
              771.57              77.157E-09        184.109E-06  
              772.37              77.237E-09        184.275E-06  
              773.169             77.317E-09        184.44E-06   
              773.97              77.3969E-09       184.604E-06  
              774.77              77.477E-09        184.767E-06  
              775.57              77.557E-09        184.93E-06   
              776.37              77.637E-09        185.092E-06  
              777.169             77.717E-09        185.253E-06  
              777.97              77.797E-09        185.414E-06  
              778.77              77.877E-09        185.575E-06  
              779.57              77.957E-09        185.734E-06  
              780.37              78.0369E-09       185.893E-06  
              781.169             78.117E-09        186.052E-06  
              781.97              78.197E-09        186.21E-06   
              782.77              78.277E-09        186.367E-06  
              783.57              78.357E-09        186.523E-06  
              784.37              78.437E-09        186.68E-06   
              785.169             78.517E-09        186.835E-06  
              785.97              78.5969E-09       186.991E-06  
              786.77              78.677E-09        187.147E-06  
              787.57              78.757E-09        187.263E-06  
              788.37              78.837E-09        187.435E-06  
              789.169             78.917E-09        187.597E-06  
              789.97              78.997E-09        187.756E-06  
              790.77              79.077E-09        187.913E-06  
              791.57              79.157E-09        188.07E-06   
              792.37              79.237E-09        188.226E-06  
              793.169             79.3169E-09       188.381E-06  
              793.97              79.397E-09        188.536E-06  
              794.77              79.477E-09        188.691E-06  
              795.57              79.557E-09        188.846E-06  
              796.37              79.637E-09        189.001E-06  
              797.169             79.717E-09        189.156E-06  
              797.97              79.797E-09        189.31E-06   
              798.77              79.877E-09        189.465E-06  
              799.57              79.957E-09        189.62E-06   
              800.37              80.037E-09        189.774E-06  
              801.169             80.117E-09        189.929E-06  
              801.97              80.197E-09        190.083E-06  
              802.77              80.277E-09        190.238E-06  
              803.57              80.357E-09        190.392E-06  
              804.37              80.437E-09        190.547E-06  
              805.169             80.517E-09        190.702E-06  
              805.97              80.597E-09        190.857E-06  
              806.77              80.6769E-09       191.011E-06  
              807.57              80.757E-09        191.166E-06  
              808.37              80.837E-09        191.321E-06  
              809.169             80.917E-09        191.476E-06  
              809.97              80.997E-09        191.631E-06  
              810.77              81.077E-09        191.786E-06  
              811.57              81.157E-09        191.941E-06  
              812.37              81.237E-09        192.096E-06  
              813.169             81.317E-09        192.252E-06  
              813.97              81.3969E-09       192.407E-06  
              814.77              81.477E-09        192.563E-06  
              815.57              81.557E-09        192.72E-06   
              816.37              81.637E-09        192.876E-06  
              817.169             81.717E-09        193.041E-06  
              817.97              81.797E-09        193.208E-06  
              818.77              81.877E-09        193.389E-06  
              819.57              81.957E-09        193.569E-06  
              820.37              82.0369E-09       193.748E-06  
              821.169             82.117E-09        193.925E-06  
              821.97              82.197E-09        194.1E-06    
              822.77              82.277E-09        194.273E-06  
              823.57              82.357E-09        194.446E-06  
              824.37              82.437E-09        194.617E-06  
              825.169             82.517E-09        194.787E-06  
              825.97              82.597E-09        194.956E-06  
              826.77              82.677E-09        195.125E-06  
              827.57              82.757E-09        195.293E-06  
              828.37              82.837E-09        195.461E-06  
              829.169             82.917E-09        195.628E-06  
              829.97              82.997E-09        195.794E-06  
              830.77              83.077E-09        195.96E-06   
              831.57              83.157E-09        196.126E-06  
              832.37              83.237E-09        196.292E-06  
              833.169             83.317E-09        196.457E-06  
              833.97              83.397E-09        196.622E-06  
              834.77              83.477E-09        196.787E-06  
              835.57              83.557E-09        196.952E-06  
              836.37              83.637E-09        197.116E-06  
              837.169             83.717E-09        197.281E-06  
              837.97              83.797E-09        197.445E-06  
              838.77              83.877E-09        197.61E-06   
              839.57              83.957E-09        197.774E-06  
              840.37              84.037E-09        197.938E-06  
              841.169             84.117E-09        198.103E-06  
              841.97              84.197E-09        198.267E-06  
              842.77              84.277E-09        198.431E-06  
              843.57              84.357E-09        198.596E-06  
              844.37              84.437E-09        198.76E-06   
              845.169             84.517E-09        198.925E-06  
              845.97              84.597E-09        199.09E-06   
              846.77              84.6769E-09       199.254E-06  
              847.57              84.757E-09        199.419E-06  
              848.37              84.837E-09        199.616E-06  
              849.169             84.9169E-09       199.841E-06  
              849.97              84.997E-09        200.065E-06  
              850.77              85.077E-09        200.285E-06  
              851.57              85.157E-09        200.502E-06  
              852.37              85.237E-09        200.715E-06  
              853.169             85.317E-09        200.924E-06  
              853.97              85.3969E-09       201.131E-06  
              854.77              85.477E-09        201.334E-06  
              855.57              85.557E-09        201.534E-06  
              856.37              85.637E-09        201.732E-06  
              857.169             85.717E-09        201.928E-06  
              857.97              85.797E-09        202.122E-06  
              858.77              85.877E-09        202.314E-06  
              859.57              85.957E-09        202.504E-06  
              860.37              86.037E-09        202.692E-06  
              861.169             86.117E-09        202.879E-06  
              861.97              86.197E-09        203.064E-06  
              862.77              86.2769E-09       203.249E-06  
              863.57              86.357E-09        203.432E-06  
              864.37              86.437E-09        203.62E-06   
              865.169             86.517E-09        203.914E-06  
              865.97              86.597E-09        204.259E-06  
              866.77              86.677E-09        204.439E-06  
              867.57              86.757E-09        204.869E-06  
              867.62              86.762E-09        205.311E-06  
              867.657             86.7657E-09       204.986E-06  
              867.713             86.7713E-09       205.117E-06  
              867.798             86.7798E-09       205.063E-06  
              867.861             86.7861E-09       205.28E-06   
              867.908             86.7908E-09       205.162E-06  
              867.917             86.7917E-09       205.302E-06  
              867.924             86.7924E-09       205.24E-06   
              867.926             86.7926E-09       205.289E-06  
              867.928             86.7928E-09       205.296E-06  
              867.929             86.7929E-09       205.271E-06  
              867.929             86.7929E-09       205.27E-06   
              867.929             86.7929E-09       205.239E-06  
              867.929             86.7929E-09       205.264E-06  
              867.929             86.7929E-09       205.227E-06  
              867.929             86.7929E-09       205.234E-06  
              867.929             86.7929E-09       205.21E-06   
              867.929             86.7929E-09       205.252E-06  
              867.929             86.7929E-09       205.201E-06  
              867.929             86.7929E-09       205.263E-06  
              867.929             86.7929E-09       205.192E-06  
              867.929             86.7929E-09       205.244E-06  
              867.929             86.7929E-09       205.09E-06   




