
                  X             Displacement          Force      

                0.                -0.                 0.         
                1.E-03           100.E-15             1.08566E-09
                2.E-03           200.E-15           679.41E-12   
                3.5E-03          350.E-15            67.6342E-12 
                5.75E-03         575.E-15             5.33598E-12
                9.125E-03        912.5E-15          524.07E-15   
               14.1875E-03         1.41875E-12       52.3466E-15 
               21.7812E-03         2.17813E-12        5.23341E-15
               33.1719E-03         3.31719E-12      523.388E-18  
               50.2578E-03         5.02578E-12       52.3371E-18 
               75.8867E-03         7.58867E-12        5.23344E-18
              114.33E-03          11.433E-12        523.285E-21  
              171.995E-03         17.1995E-12        52.3247E-21 
              258.493E-03         25.8493E-12         5.23194E-21
              388.239E-03         38.8239E-12       523.123E-24  
              582.859E-03         58.2859E-12        52.302E-24  
              874.788E-03         87.4788E-12         5.22867E-24
                1.31268          131.268E-12        522.639E-27  
                1.96952          196.952E-12         52.2296E-27 
                2.86952          286.952E-12          5.21827E-27
                3.76952          376.952E-12        521.357E-30  
                4.66952          466.952E-12         52.0888E-30 
                5.56952          556.952E-12          5.20418E-30
                6.46952          646.952E-12        519.949E-33  
                7.36952          736.952E-12         51.948E-33  
                8.26952          826.952E-12          5.19011E-33
                9.16952          916.952E-12        518.541E-36  
               10.0695             1.00695E-09      487.811E-09  
               10.9695             1.09695E-09        1.3032E-06 
               11.8695             1.18695E-09        1.93299E-06
               11.982              1.1982E-09         1.99141E-06
               12.1508             1.21508E-09        2.04307E-06
               12.4039             1.24039E-09        2.13092E-06
               12.7836             1.27836E-09        2.26696E-06
               13.3531             1.33531E-09        2.46255E-06
               14.2074             1.42074E-09        2.71505E-06
               15.1074             1.51074E-09        2.95251E-06
               16.0074             1.60074E-09        3.17763E-06
               16.9074             1.69074E-09        3.39331E-06
               17.8074             1.78074E-09        3.59926E-06
               18.7074             1.87074E-09        3.79718E-06
               19.6074             1.96074E-09        3.98758E-06
               20.5074             2.05074E-09        4.17012E-06
               21.4074             2.14074E-09        4.34309E-06
               22.3074             2.23074E-09        4.50571E-06
               23.2074             2.32074E-09        4.65853E-06
               24.1074             2.41074E-09        4.80244E-06
               25.0074             2.50074E-09        4.93804E-06
               25.9074             2.59074E-09        5.06585E-06
               26.8074             2.68074E-09        5.18628E-06
               27.7074             2.77074E-09        5.29988E-06
               28.6074             2.86074E-09        5.40727E-06
               29.5074             2.95074E-09        5.50921E-06
               30.4074             3.04074E-09        5.60634E-06
               31.3074             3.13074E-09        5.69923E-06
               32.2074             3.22074E-09        5.78827E-06
               33.1074             3.31074E-09        5.87378E-06
               34.0074             3.40074E-09        5.95605E-06
               34.9074             3.49074E-09        6.03535E-06
               35.8074             3.58074E-09        6.11193E-06
               36.7074             3.67074E-09        6.18599E-06
               37.6074             3.76074E-09        6.25773E-06
               38.5074             3.85074E-09        6.32731E-06
               39.4074             3.94074E-09        6.39486E-06
               40.3074             4.03074E-09        6.46049E-06
               41.2074             4.12074E-09        6.52427E-06
               42.1074             4.21074E-09        6.58614E-06
               43.0074             4.30074E-09        6.64622E-06
               43.9074             4.39074E-09        6.70465E-06
               44.8074             4.48074E-09        6.76148E-06
               45.7074             4.57074E-09        6.81678E-06
               46.6074             4.66074E-09        6.8706E-06 
               47.5074             4.75074E-09        6.92293E-06
               48.4074             4.84074E-09        6.97384E-06
               49.3074             4.93074E-09        7.02356E-06
               50.2074             5.02074E-09        7.07216E-06
               51.1074             5.11074E-09        7.11952E-06
               52.0074             5.20074E-09        7.16568E-06
               52.9074             5.29074E-09        7.21081E-06
               53.8074             5.38074E-09        7.25506E-06
               54.7074             5.47074E-09        7.2985E-06 
               55.6074             5.56074E-09        7.34115E-06
               56.5074             5.65074E-09        7.38301E-06
               57.4074             5.74074E-09        7.42415E-06
               58.3074             5.83074E-09        7.46449E-06
               59.2074             5.92074E-09        7.5041E-06 
               60.1074             6.01074E-09        7.543E-06  
               61.0074             6.10074E-09        8.27016E-06
               61.9074             6.19074E-09        9.89296E-06
               62.8074             6.28074E-09       11.3495E-06 
               63.7074             6.37074E-09       12.6772E-06 
               64.6074             6.46074E-09       13.8591E-06 
               65.5074             6.55074E-09       14.8979E-06 
               66.4074             6.64074E-09       15.7849E-06 
               67.3074             6.73074E-09       16.5418E-06 
               68.2074             6.82074E-09       17.2036E-06 
               69.1074             6.91074E-09       17.7891E-06 
               70.0074             7.00074E-09       18.3127E-06 
               70.9074             7.09074E-09       18.7882E-06 
               71.8074             7.18074E-09       19.2264E-06 
               72.7074             7.27074E-09       19.6338E-06 
               73.6074             7.36074E-09       20.0149E-06 
               74.5074             7.45074E-09       20.374E-06  
               75.4074             7.54074E-09       20.7146E-06 
               76.3074             7.63074E-09       21.0387E-06 
               77.2074             7.72074E-09       21.3477E-06 
               78.1074             7.81074E-09       21.643E-06  
               79.0074             7.90074E-09       21.926E-06  
               79.9074             7.99074E-09       22.1978E-06 
               80.8074             8.08074E-09       22.4592E-06 
               81.7074             8.17074E-09       22.7112E-06 
               82.6074             8.26074E-09       22.9544E-06 
               83.5074             8.35074E-09       23.1894E-06 
               84.4074             8.44074E-09       23.4169E-06 
               85.3074             8.53074E-09       23.6373E-06 
               86.2074             8.62074E-09       23.8512E-06 
               87.1074             8.71074E-09       24.059E-06  
               88.0074             8.80074E-09       24.2611E-06 
               88.9074             8.89074E-09       24.4579E-06 
               89.8074             8.98074E-09       24.6493E-06 
               90.7074             9.07074E-09       24.8359E-06 
               91.6074             9.16074E-09       25.0177E-06 
               92.5074             9.25074E-09       25.1952E-06 
               93.4074             9.34074E-09       25.3685E-06 
               94.3074             9.43074E-09       25.538E-06  
               95.2074             9.52074E-09       25.7037E-06 
               96.1074             9.61074E-09       25.8658E-06 
               97.0074             9.70074E-09       26.0245E-06 
               97.9074             9.79074E-09       26.1801E-06 
               98.8074             9.88074E-09       26.3327E-06 
               99.7074             9.97074E-09       26.4823E-06 
              100.607             10.0607E-09        26.629E-06  
              101.507             10.1507E-09        26.7727E-06 
              102.407             10.2407E-09        26.9136E-06 
              103.307             10.3307E-09        27.052E-06  
              104.207             10.4207E-09        27.188E-06  
              105.107             10.5107E-09        27.3216E-06 
              106.007             10.6007E-09        27.4528E-06 
              106.907             10.6907E-09        27.5819E-06 
              107.807             10.7807E-09        27.7088E-06 
              108.707             10.8707E-09        27.8337E-06 
              109.607             10.9607E-09        27.9564E-06 
              110.507             11.0507E-09        28.0771E-06 
              111.407             11.1407E-09        28.1958E-06 
              112.307             11.2307E-09        28.3127E-06 
              113.207             11.3207E-09        28.428E-06  
              114.107             11.4107E-09        28.5417E-06 
              115.007             11.5007E-09        28.6539E-06 
              115.907             11.5907E-09        28.7645E-06 
              116.807             11.6807E-09        28.8736E-06 
              117.707             11.7707E-09        29.1845E-06 
              118.607             11.8607E-09        29.704E-06  
              119.507             11.9507E-09        30.2975E-06 
              120.407             12.0407E-09        30.8911E-06 
              121.307             12.1307E-09        31.9083E-06 
              122.207             12.2207E-09        32.8325E-06 
              123.107             12.3107E-09        33.6589E-06 
              124.007             12.4007E-09        34.3798E-06 
              124.907             12.4907E-09        35.0124E-06 
              125.807             12.5807E-09        35.5732E-06 
              126.707             12.6707E-09        36.0763E-06 
              127.607             12.7607E-09        36.5326E-06 
              128.507             12.8507E-09        36.9491E-06 
              129.407             12.9407E-09        37.3297E-06 
              130.307             13.0307E-09        37.6791E-06 
              131.207             13.1207E-09        38.0025E-06 
              132.107             13.2107E-09        38.304E-06  
              133.007             13.3007E-09        38.5865E-06 
              133.907             13.3907E-09        38.8531E-06 
              134.807             13.4807E-09        39.1061E-06 
              135.707             13.5707E-09        39.3467E-06 
              136.607             13.6607E-09        39.5761E-06 
              137.507             13.7507E-09        39.7957E-06 
              138.407             13.8407E-09        40.0068E-06 
              139.307             13.9307E-09        40.2111E-06 
              140.207             14.0207E-09        40.4096E-06 
              141.107             14.1107E-09        40.6031E-06 
              142.007             14.2007E-09        40.7921E-06 
              142.907             14.2907E-09        40.9769E-06 
              143.807             14.3807E-09        41.158E-06  
              144.707             14.4707E-09        41.3354E-06 
              145.607             14.5607E-09        41.5096E-06 
              146.507             14.6507E-09        41.6805E-06 
              147.407             14.7407E-09        41.8482E-06 
              148.307             14.8307E-09        42.0127E-06 
              149.207             14.9207E-09        42.1741E-06 
              150.107             15.0107E-09        42.3324E-06 
              151.007             15.1007E-09        42.488E-06  
              151.907             15.1907E-09        42.641E-06  
              152.807             15.2807E-09        42.7915E-06 
              153.707             15.3707E-09        42.9399E-06 
              154.607             15.4607E-09        43.0861E-06 
              155.507             15.5507E-09        43.2303E-06 
              156.407             15.6407E-09        43.3726E-06 
              157.307             15.7307E-09        43.5129E-06 
              158.207             15.8207E-09        43.6514E-06 
              159.107             15.9107E-09        43.7882E-06 
              160.007             16.0007E-09        43.9233E-06 
              160.907             16.0907E-09        44.0568E-06 
              161.807             16.1807E-09        44.1887E-06 
              162.707             16.2707E-09        44.3191E-06 
              163.607             16.3607E-09        44.4481E-06 
              164.507             16.4507E-09        44.5756E-06 
              165.407             16.5407E-09        44.7019E-06 
              166.307             16.6307E-09        44.8268E-06 
              167.207             16.7207E-09        44.9505E-06 
              168.107             16.8107E-09        45.0731E-06 
              169.007             16.9007E-09        45.1945E-06 
              169.907             16.9907E-09        45.3147E-06 
              170.807             17.0807E-09        45.4338E-06 
              171.707             17.1707E-09        45.5518E-06 
              172.607             17.2607E-09        45.6687E-06 
              173.507             17.3507E-09        45.7846E-06 
              174.407             17.4407E-09        45.8995E-06 
              175.307             17.5307E-09        46.0134E-06 
              176.207             17.6207E-09        46.1263E-06 
              177.107             17.7107E-09        46.2382E-06 
              178.007             17.8007E-09        46.3492E-06 
              178.907             17.8907E-09        46.4593E-06 
              179.807             17.9807E-09        46.5684E-06 
              180.707             18.0707E-09        46.6766E-06 
              181.607             18.1607E-09        46.784E-06  
              182.507             18.2507E-09        46.8906E-06 
              183.407             18.3407E-09        46.9964E-06 
              184.307             18.4307E-09        47.1014E-06 
              185.207             18.5207E-09        47.2056E-06 
              186.107             18.6107E-09        47.3091E-06 
              187.007             18.7007E-09        47.412E-06  
              187.907             18.7907E-09        47.5142E-06 
              188.807             18.8807E-09        47.6157E-06 
              189.707             18.9707E-09        47.7166E-06 
              190.607             19.0607E-09        47.8168E-06 
              191.507             19.1507E-09        47.9165E-06 
              192.407             19.2407E-09        48.0155E-06 
              193.307             19.3307E-09        48.1141E-06 
              194.207             19.4207E-09        48.2121E-06 
              195.107             19.5107E-09        48.3095E-06 
              196.007             19.6007E-09        48.4065E-06 
              196.907             19.6907E-09        48.503E-06  
              197.807             19.7807E-09        48.599E-06  
              198.707             19.8707E-09        48.6946E-06 
              199.607             19.9607E-09        48.7897E-06 
              200.507             20.0507E-09        48.8844E-06 
              201.407             20.1407E-09        48.9786E-06 
              202.307             20.2307E-09        49.0724E-06 
              203.207             20.3207E-09        49.1658E-06 
              204.107             20.4107E-09        49.2589E-06 
              205.007             20.5007E-09        49.3516E-06 
              205.907             20.5907E-09        49.444E-06  
              206.807             20.6807E-09        49.5359E-06 
              207.707             20.7707E-09        49.6274E-06 
              208.607             20.8607E-09        49.7186E-06 
              209.507             20.9507E-09        49.8094E-06 
              210.407             21.0407E-09        49.8998E-06 
              211.307             21.1307E-09        49.9898E-06 
              212.207             21.2207E-09        50.0794E-06 
              213.107             21.3107E-09        50.1686E-06 
              214.007             21.4007E-09        50.2577E-06 
              214.907             21.4907E-09        50.3464E-06 
              215.807             21.5807E-09        50.4347E-06 
              216.707             21.6707E-09        50.5228E-06 
              217.607             21.7607E-09        50.6107E-06 
              218.507             21.8507E-09        50.6983E-06 
              219.407             21.9407E-09        50.7855E-06 
              220.307             22.0307E-09        50.8724E-06 
              221.207             22.1207E-09        50.959E-06  
              222.107             22.2107E-09        51.0453E-06 
              223.007             22.3007E-09        51.1314E-06 
              223.907             22.3907E-09        51.2171E-06 
              224.807             22.4807E-09        51.3027E-06 
              225.707             22.5707E-09        51.3882E-06 
              226.607             22.6607E-09        51.4734E-06 
              227.507             22.7507E-09        51.5586E-06 
              228.407             22.8407E-09        51.6436E-06 
              229.307             22.9307E-09        51.7283E-06 
              230.207             23.0207E-09        51.8129E-06 
              231.107             23.1107E-09        51.8973E-06 
              232.007             23.2007E-09        51.9814E-06 
              232.907             23.2907E-09        52.0653E-06 
              233.807             23.3807E-09        52.1491E-06 
              234.707             23.4707E-09        52.2327E-06 
              235.607             23.5607E-09        52.3161E-06 
              236.507             23.6507E-09        52.3993E-06 
              237.407             23.7407E-09        52.4825E-06 
              238.307             23.8307E-09        52.5656E-06 
              239.207             23.9207E-09        52.6486E-06 
              240.107             24.0107E-09        53.042E-06  
              241.007             24.1007E-09        53.4794E-06 
              241.907             24.1907E-09        53.8967E-06 
              242.807             24.2807E-09        54.2897E-06 
              243.707             24.3707E-09        54.6521E-06 
              244.607             24.4607E-09        54.983E-06  
              245.507             24.5507E-09        55.2859E-06 
              246.407             24.6407E-09        55.5641E-06 
              247.307             24.7307E-09        56.0448E-06 
              248.207             24.8207E-09        56.6483E-06 
              249.107             24.9107E-09        57.219E-06  
              250.007             25.0007E-09        57.7588E-06 
              250.907             25.0907E-09        58.2583E-06 
              251.807             25.1807E-09        58.717E-06  
              252.707             25.2707E-09        59.1383E-06 
              253.607             25.3607E-09        59.5149E-06 
              254.507             25.4507E-09        59.8518E-06 
              255.407             25.5407E-09        60.1577E-06 
              256.307             25.6307E-09        60.4415E-06 
              257.207             25.7207E-09        60.7053E-06 
              258.107             25.8107E-09        60.9489E-06 
              259.007             25.9007E-09        61.1734E-06 
              259.907             25.9907E-09        61.381E-06  
              260.807             26.0807E-09        61.574E-06  
              261.707             26.1707E-09        61.7548E-06 
              262.607             26.2607E-09        61.9257E-06 
              263.507             26.3507E-09        62.0886E-06 
              264.407             26.4407E-09        62.2448E-06 
              265.307             26.5307E-09        62.3953E-06 
              266.207             26.6207E-09        62.5406E-06 
              267.107             26.7107E-09        62.6811E-06 
              268.007             26.8007E-09        62.8171E-06 
              268.907             26.8907E-09        62.9492E-06 
              269.807             26.9807E-09        63.0781E-06 
              270.707             27.0707E-09        63.204E-06  
              271.607             27.1607E-09        63.3273E-06 
              272.507             27.2507E-09        63.4483E-06 
              273.407             27.3407E-09        63.5672E-06 
              274.307             27.4307E-09        63.6841E-06 
              275.207             27.5207E-09        63.7993E-06 
              276.107             27.6107E-09        63.9131E-06 
              277.007             27.7007E-09        64.0252E-06 
              277.907             27.7907E-09        64.136E-06  
              278.807             27.8807E-09        64.2455E-06 
              279.707             27.9707E-09        64.3526E-06 
              280.607             28.0607E-09        64.4609E-06 
              281.507             28.1507E-09        64.5675E-06 
              282.407             28.2407E-09        64.6728E-06 
              283.307             28.3307E-09        64.7768E-06 
              284.207             28.4207E-09        64.8799E-06 
              285.107             28.5107E-09        64.9824E-06 
              286.007             28.6007E-09        65.0843E-06 
              286.907             28.6907E-09        65.1854E-06 
              287.807             28.7807E-09        65.3704E-06 
              288.707             28.8707E-09        65.5924E-06 
              289.607             28.9607E-09        65.8053E-06 
              290.507             29.0507E-09        66.0172E-06 
              291.407             29.1407E-09        66.3275E-06 
              292.307             29.2307E-09        66.622E-06  
              293.207             29.3207E-09        66.8963E-06 
              294.107             29.4107E-09        67.1511E-06 
              295.007             29.5007E-09        67.3891E-06 
              295.907             29.5907E-09        67.6133E-06 
              296.807             29.6807E-09        67.8261E-06 
              297.707             29.7707E-09        68.0288E-06 
              298.607             29.8607E-09        68.2225E-06 
              299.507             29.9507E-09        68.408E-06  
              300.407             30.0407E-09        68.5858E-06 
              301.307             30.1307E-09        68.7563E-06 
              302.207             30.2207E-09        68.9195E-06 
              303.107             30.3107E-09        69.0759E-06 
              304.007             30.4007E-09        69.2264E-06 
              304.907             30.4907E-09        69.372E-06  
              305.807             30.5807E-09        69.5139E-06 
              306.707             30.6707E-09        69.653E-06  
              307.607             30.7607E-09        69.7891E-06 
              308.507             30.8507E-09        69.9222E-06 
              309.407             30.9407E-09        70.0563E-06 
              310.307             31.0307E-09        70.1812E-06 
              311.207             31.1207E-09        70.3063E-06 
              312.107             31.2107E-09        70.4298E-06 
              313.007             31.3007E-09        70.5512E-06 
              313.907             31.3907E-09        70.6706E-06 
              314.807             31.4807E-09        70.7881E-06 
              315.707             31.5707E-09        70.9038E-06 
              316.607             31.6607E-09        71.0178E-06 
              317.507             31.7507E-09        71.1305E-06 
              318.407             31.8407E-09        71.2415E-06 
              319.307             31.9307E-09        71.3514E-06 
              320.207             32.0207E-09        71.4603E-06 
              321.107             32.1107E-09        71.5687E-06 
              322.007             32.2007E-09        71.7687E-06 
              322.907             32.2907E-09        72.1397E-06 
              323.807             32.3807E-09        72.8459E-06 
              324.707             32.4707E-09        72.981E-06  
              325.607             32.5607E-09        73.202E-06  
              326.507             32.6507E-09        73.4601E-06 
              327.407             32.7407E-09        73.7072E-06 
              328.307             32.8307E-09        73.9395E-06 
              329.207             32.9207E-09        74.1587E-06 
              330.107             33.0107E-09        74.4072E-06 
              331.007             33.1007E-09        74.8186E-06 
              331.907             33.1907E-09        75.3507E-06 
              332.807             33.2807E-09        75.9072E-06 
              333.707             33.3707E-09        76.4305E-06 
              334.607             33.4607E-09        76.9206E-06 
              335.507             33.5507E-09        77.3757E-06 
              336.407             33.6407E-09        77.7947E-06 
              337.307             33.7307E-09        78.1823E-06 
              338.207             33.8207E-09        78.649E-06  
              339.107             33.9107E-09        79.2625E-06 
              340.007             34.0007E-09        79.8562E-06 
              340.907             34.0907E-09        80.4161E-06 
              341.807             34.1807E-09        80.9338E-06 
              342.707             34.2707E-09        81.4072E-06 
              343.607             34.3607E-09        81.8411E-06 
              344.507             34.4507E-09        82.2405E-06 
              345.407             34.5407E-09        82.6101E-06 
              346.307             34.6307E-09        82.9548E-06 
              347.207             34.7207E-09        83.2778E-06 
              348.107             34.8107E-09        83.5819E-06 
              349.007             34.9007E-09        83.8685E-06 
              349.907             34.9907E-09        84.1381E-06 
              350.807             35.0807E-09        84.3914E-06 
              351.707             35.1707E-09        84.6305E-06 
              352.607             35.2607E-09        84.8577E-06 
              353.507             35.3507E-09        85.0749E-06 
              354.407             35.4407E-09        85.2831E-06 
              355.307             35.5307E-09        85.4837E-06 
              356.207             35.6207E-09        85.6775E-06 
              357.107             35.7107E-09        85.8653E-06 
              358.007             35.8007E-09        86.0477E-06 
              358.907             35.8907E-09        86.2251E-06 
              359.807             35.9807E-09        86.3979E-06 
              360.707             36.0707E-09        86.5662E-06 
              361.607             36.1607E-09        86.7302E-06 
              362.507             36.2507E-09        86.8904E-06 
              363.407             36.3407E-09        87.0469E-06 
              364.307             36.4307E-09        87.2001E-06 
              365.207             36.5207E-09        87.3501E-06 
              366.107             36.6107E-09        87.4974E-06 
              367.007             36.7007E-09        87.6422E-06 
              367.907             36.7907E-09        87.7847E-06 
              368.807             36.8807E-09        87.9252E-06 
              369.707             36.9707E-09        88.0638E-06 
              370.607             37.0607E-09        88.2005E-06 
              371.507             37.1507E-09        88.3355E-06 
              372.407             37.2407E-09        88.4692E-06 
              373.307             37.3307E-09        88.6013E-06 
              374.207             37.4207E-09        88.7321E-06 
              375.107             37.5107E-09        88.8617E-06 
              376.007             37.6007E-09        88.9901E-06 
              376.907             37.6907E-09        89.1172E-06 
              377.807             37.7807E-09        89.2432E-06 
              378.707             37.8707E-09        89.368E-06  
              379.607             37.9607E-09        89.4918E-06 
              380.507             38.0507E-09        89.6147E-06 
              381.407             38.1407E-09        89.7366E-06 
              382.307             38.2307E-09        89.8576E-06 
              383.207             38.3207E-09        89.9781E-06 
              384.107             38.4107E-09        90.098E-06  
              385.007             38.5007E-09        90.2175E-06 
              385.907             38.5907E-09        90.3365E-06 
              386.807             38.6807E-09        90.455E-06  
              387.707             38.7707E-09        90.573E-06  
              388.607             38.8607E-09        90.6906E-06 
              389.507             38.9507E-09        90.8078E-06 
              390.407             39.0407E-09        90.9246E-06 
              391.307             39.1307E-09        91.0411E-06 
              392.207             39.2207E-09        91.1574E-06 
              393.107             39.3107E-09        91.2735E-06 
              394.007             39.4007E-09        91.6092E-06 
              394.907             39.4907E-09        91.5889E-06 
              395.807             39.5807E-09        91.653E-06  
              396.707             39.6707E-09        91.7508E-06 
              397.607             39.7607E-09        91.8578E-06 
              398.507             39.8507E-09        91.9686E-06 
              399.407             39.9407E-09        92.0808E-06 
              400.307             40.0307E-09        92.1937E-06 
              401.207             40.1207E-09        92.3069E-06 
              402.107             40.2107E-09        92.4203E-06 
              403.007             40.3007E-09        92.5335E-06 
              403.907             40.3907E-09        92.6462E-06 
              404.807             40.4807E-09        92.7584E-06 
              405.707             40.5707E-09        92.8701E-06 
              406.607             40.6607E-09        92.9818E-06 
              407.507             40.7507E-09        93.0931E-06 
              408.407             40.8407E-09        93.2041E-06 
              409.307             40.9307E-09        93.3149E-06 
              410.207             41.0207E-09        93.4255E-06 
              411.107             41.1107E-09        93.5362E-06 
              412.007             41.2007E-09        93.6468E-06 
              412.907             41.2907E-09        93.757E-06  
              413.807             41.3807E-09        93.867E-06  
              414.707             41.4707E-09        93.9768E-06 
              415.607             41.5607E-09        94.0865E-06 
              416.507             41.6507E-09        94.1961E-06 
              417.407             41.7407E-09        94.3056E-06 
              418.307             41.8307E-09        94.4149E-06 
              419.207             41.9207E-09        94.5242E-06 
              420.107             42.0107E-09        94.6333E-06 
              421.007             42.1007E-09        94.7425E-06 
              421.907             42.1907E-09        94.8515E-06 
              422.807             42.2807E-09        94.9605E-06 
              423.707             42.3707E-09        95.0695E-06 
              424.607             42.4607E-09        95.1783E-06 
              425.507             42.5507E-09        95.2871E-06 
              426.407             42.6407E-09        95.3959E-06 
              427.307             42.7307E-09        95.5048E-06 
              428.207             42.8207E-09        95.6135E-06 
              429.107             42.9107E-09        95.7222E-06 
              430.007             43.0007E-09        95.8309E-06 
              430.907             43.0907E-09        95.9393E-06 
              431.807             43.1807E-09        96.0475E-06 
              432.707             43.2707E-09        96.1556E-06 
              433.607             43.3607E-09        96.1459E-06 
              434.507             43.4507E-09        96.01E-06   
              435.407             43.5407E-09        96.299E-06  
              436.307             43.6307E-09        96.4819E-06 
              437.207             43.7207E-09        96.65E-06   
              438.107             43.8107E-09        96.7997E-06 
              439.007             43.9007E-09        96.9362E-06 
              439.907             43.9907E-09        97.061E-06  
              440.807             44.0807E-09        97.1778E-06 
              441.707             44.1707E-09        97.2904E-06 
              442.607             44.2607E-09        97.4005E-06 
              443.507             44.3507E-09        97.509E-06  
              444.407             44.4407E-09        97.6163E-06 
              445.307             44.5307E-09        97.723E-06  
              446.207             44.6207E-09        97.8291E-06 
              447.107             44.7107E-09        97.9348E-06 
              448.007             44.8007E-09        98.0402E-06 
              448.907             44.8907E-09        98.1454E-06 
              449.807             44.9807E-09        98.2503E-06 
              450.707             45.0707E-09        98.3551E-06 
              451.607             45.1607E-09        98.4597E-06 
              452.507             45.2507E-09        98.5643E-06 
              453.407             45.3407E-09        98.6687E-06 
              454.307             45.4307E-09        98.773E-06  
              455.207             45.5207E-09        98.8771E-06 
              456.107             45.6107E-09        98.9811E-06 
              457.007             45.7007E-09        99.085E-06  
              457.907             45.7907E-09        99.1886E-06 
              458.807             45.8807E-09        99.292E-06  
              459.707             45.9707E-09        99.3953E-06 
              460.607             46.0607E-09        99.4985E-06 
              461.507             46.1507E-09        99.6017E-06 
              462.407             46.2407E-09        99.7047E-06 
              463.307             46.3307E-09        99.7799E-06 
              464.207             46.4207E-09        99.8993E-06 
              465.107             46.5107E-09       100.009E-06  
              466.007             46.6007E-09       100.115E-06  
              466.907             46.6907E-09       100.22E-06   
              467.807             46.7807E-09       100.323E-06  
              468.707             46.8707E-09       100.426E-06  
              469.607             46.9607E-09       100.529E-06  
              470.507             47.0507E-09       100.631E-06  
              471.407             47.1407E-09       100.733E-06  
              472.307             47.2307E-09       100.835E-06  
              473.207             47.3207E-09       100.936E-06  
              474.107             47.4107E-09       101.038E-06  
              475.007             47.5007E-09       101.139E-06  
              475.907             47.5907E-09       101.241E-06  
              476.807             47.6807E-09       101.342E-06  
              477.707             47.7707E-09       101.443E-06  
              478.607             47.8607E-09       101.544E-06  
              479.507             47.9507E-09       101.644E-06  
              480.407             48.0407E-09       101.745E-06  
              481.307             48.1307E-09       101.845E-06  
              482.207             48.2207E-09       101.946E-06  
              483.107             48.3107E-09       102.046E-06  
              484.007             48.4007E-09       102.147E-06  
              484.907             48.4907E-09       102.247E-06  
              485.807             48.5807E-09       102.348E-06  
              486.707             48.6707E-09       102.448E-06  
              487.607             48.7607E-09       102.549E-06  
              488.507             48.8507E-09       102.649E-06  
              489.407             48.9407E-09       102.749E-06  
              490.307             49.0307E-09       102.849E-06  
              491.207             49.1207E-09       102.949E-06  
              492.107             49.2107E-09       103.048E-06  
              493.007             49.3007E-09       103.273E-06  
              493.907             49.3907E-09       103.704E-06  
              494.807             49.4807E-09       104.137E-06  
              495.707             49.5707E-09       104.553E-06  
              496.607             49.6607E-09       104.944E-06  
              497.507             49.7507E-09       105.298E-06  
              498.407             49.8407E-09       105.622E-06  
              499.307             49.9307E-09       105.918E-06  
              500.207             50.0207E-09       106.183E-06  
              501.107             50.1107E-09       106.423E-06  
              502.007             50.2007E-09       106.646E-06  
              502.907             50.2907E-09       106.857E-06  
              503.807             50.3807E-09       107.057E-06  
              504.707             50.4707E-09       107.245E-06  
              505.607             50.5607E-09       107.423E-06  
              506.507             50.6507E-09       107.591E-06  
              507.407             50.7407E-09       107.752E-06  
              508.307             50.8307E-09       107.906E-06  
              509.207             50.9207E-09       108.054E-06  
              510.107             51.0107E-09       108.196E-06  
              511.007             51.1007E-09       108.334E-06  
              511.907             51.1907E-09       108.467E-06  
              512.807             51.2807E-09       108.597E-06  
              513.707             51.3707E-09       108.724E-06  
              514.607             51.4607E-09       108.849E-06  
              515.507             51.5507E-09       108.971E-06  
              516.407             51.6407E-09       109.092E-06  
              517.307             51.7307E-09       109.21E-06   
              518.207             51.8207E-09       109.328E-06  
              519.107             51.9107E-09       109.444E-06  
              520.007             52.0007E-09       109.559E-06  
              520.907             52.0907E-09       109.673E-06  
              521.807             52.1807E-09       109.785E-06  
              522.707             52.2707E-09       109.897E-06  
              523.607             52.3607E-09       110.008E-06  
              524.507             52.4507E-09       110.119E-06  
              525.407             52.5407E-09       110.229E-06  
              526.307             52.6307E-09       110.338E-06  
              527.207             52.7207E-09       110.447E-06  
              528.107             52.8107E-09       110.555E-06  
              529.007             52.9007E-09       110.663E-06  
              529.907             52.9907E-09       110.77E-06   
              530.807             53.0807E-09       110.877E-06  
              531.707             53.1707E-09       110.983E-06  
              532.607             53.2607E-09       111.089E-06  
              533.507             53.3507E-09       111.195E-06  
              534.407             53.4407E-09       111.3E-06    
              535.307             53.5307E-09       111.404E-06  
              536.207             53.6207E-09       111.509E-06  
              537.107             53.7107E-09       111.613E-06  
              538.007             53.8007E-09       111.717E-06  
              538.907             53.8907E-09       111.82E-06   
              539.807             53.9807E-09       111.923E-06  
              540.707             54.0707E-09       112.026E-06  
              541.607             54.1607E-09       112.129E-06  
              542.507             54.2507E-09       112.231E-06  
              543.407             54.3407E-09       112.334E-06  
              544.307             54.4307E-09       112.436E-06  
              545.207             54.5207E-09       112.609E-06  
              546.107             54.6107E-09       112.659E-06  
              547.007             54.7007E-09       112.749E-06  
              547.907             54.7907E-09       112.847E-06  
              548.807             54.8807E-09       112.946E-06  
              549.707             54.9707E-09       113.047E-06  
              550.607             55.0607E-09       113.148E-06  
              551.507             55.1507E-09       113.248E-06  
              552.407             55.2407E-09       113.349E-06  
              553.307             55.3307E-09       113.45E-06   
              554.207             55.4207E-09       113.551E-06  
              555.107             55.5107E-09       113.652E-06  
              556.007             55.6007E-09       113.752E-06  
              556.907             55.6907E-09       113.853E-06  
              557.807             55.7807E-09       113.954E-06  
              558.707             55.8707E-09       114.054E-06  
              559.607             55.9607E-09       114.155E-06  
              560.507             56.0507E-09       114.255E-06  
              561.407             56.1407E-09       114.356E-06  
              562.307             56.2307E-09       114.456E-06  
              563.207             56.3207E-09       114.556E-06  
              564.107             56.4107E-09       114.656E-06  
              565.007             56.5007E-09       114.756E-06  
              565.907             56.5907E-09       114.856E-06  
              566.807             56.6807E-09       114.956E-06  
              567.707             56.7707E-09       115.056E-06  
              568.607             56.8607E-09       115.206E-06  
              569.507             56.9507E-09       115.271E-06  
              570.407             57.0407E-09       115.362E-06  
              571.307             57.1307E-09       115.458E-06  
              572.207             57.2207E-09       115.556E-06  
              573.107             57.3107E-09       115.655E-06  
              574.007             57.4007E-09       115.754E-06  
              574.907             57.4907E-09       115.853E-06  
              575.807             57.5807E-09       115.952E-06  
              576.707             57.6707E-09       116.052E-06  
              577.607             57.7607E-09       116.151E-06  
              578.507             57.8507E-09       116.25E-06   
              579.407             57.9407E-09       116.349E-06  
              580.307             58.0307E-09       116.449E-06  
              581.207             58.1207E-09       116.548E-06  
              582.107             58.2107E-09       116.648E-06  
              583.007             58.3007E-09       117.11E-06   
              583.907             58.3907E-09       117.592E-06  
              584.807             58.4807E-09       118.044E-06  
              585.707             58.5707E-09       118.468E-06  
              586.607             58.6607E-09       118.864E-06  
              587.507             58.7507E-09       119.219E-06  
              588.407             58.8407E-09       119.536E-06  
              589.307             58.9307E-09       119.824E-06  
              590.207             59.0207E-09       120.092E-06  
              591.107             59.1107E-09       120.343E-06  
              592.007             59.2007E-09       120.579E-06  
              592.907             59.2907E-09       120.914E-06  
              593.807             59.3807E-09       121.328E-06  
              594.707             59.4707E-09       121.722E-06  
              595.607             59.5607E-09       122.09E-06   
              596.507             59.6507E-09       122.456E-06  
              597.407             59.7407E-09       122.811E-06  
              598.307             59.8307E-09       123.139E-06  
              599.207             59.9207E-09       123.441E-06  
              600.107             60.0107E-09       123.745E-06  
              601.007             60.1007E-09       124.289E-06  
              601.907             60.1907E-09       124.897E-06  
              602.807             60.2807E-09       125.518E-06  
              603.707             60.3707E-09       126.103E-06  
              604.607             60.4607E-09       126.639E-06  
              605.507             60.5507E-09       127.131E-06  
              606.407             60.6407E-09       127.579E-06  
              607.307             60.7307E-09       127.99E-06   
              608.207             60.8207E-09       128.369E-06  
              609.107             60.9107E-09       128.722E-06  
              610.007             61.0007E-09       129.053E-06  
              610.907             61.0907E-09       129.365E-06  
              611.807             61.1807E-09       129.662E-06  
              612.707             61.2707E-09       129.944E-06  
              613.607             61.3607E-09       130.213E-06  
              614.507             61.4508E-09       130.468E-06  
              615.407             61.5407E-09       130.712E-06  
              616.307             61.6308E-09       130.945E-06  
              617.207             61.7207E-09       131.169E-06  
              618.107             61.8107E-09       131.364E-06  
              619.007             61.9007E-09       131.586E-06  
              619.907             61.9907E-09       131.794E-06  
              620.807             62.0807E-09       132.023E-06  
              621.707             62.1707E-09       132.246E-06  
              622.607             62.2607E-09       132.46E-06   
              623.507             62.3507E-09       132.666E-06  
              624.407             62.4407E-09       132.866E-06  
              625.307             62.5307E-09       133.059E-06  
              626.207             62.6207E-09       133.248E-06  
              627.107             62.7107E-09       133.432E-06  
              628.007             62.8008E-09       133.613E-06  
              628.907             62.8908E-09       133.789E-06  
              629.807             62.9807E-09       133.962E-06  
              630.707             63.0707E-09       134.133E-06  
              631.607             63.1607E-09       134.3E-06    
              632.507             63.2507E-09       134.464E-06  
              633.407             63.3407E-09       134.626E-06  
              634.307             63.4307E-09       134.786E-06  
              635.207             63.5207E-09       134.943E-06  
              636.107             63.6107E-09       135.098E-06  
              637.007             63.7008E-09       135.251E-06  
              637.907             63.7907E-09       135.402E-06  
              638.807             63.8807E-09       135.552E-06  
              639.707             63.9707E-09       135.701E-06  
              640.607             64.0607E-09       135.849E-06  
              641.507             64.1507E-09       135.995E-06  
              642.407             64.2407E-09       136.14E-06   
              643.307             64.3307E-09       136.285E-06  
              644.207             64.4207E-09       136.428E-06  
              645.107             64.5107E-09       136.571E-06  
              646.007             64.6007E-09       136.713E-06  
              646.907             64.6908E-09       136.854E-06  
              647.807             64.7807E-09       136.993E-06  
              648.707             64.8708E-09       137.133E-06  
              649.607             64.9607E-09       137.271E-06  
              650.507             65.0508E-09       137.409E-06  
              651.407             65.1407E-09       137.562E-06  
              652.307             65.2307E-09       137.719E-06  
              653.207             65.3207E-09       137.874E-06  
              654.107             65.4107E-09       138.027E-06  
              655.007             65.5007E-09       138.177E-06  
              655.907             65.5907E-09       138.325E-06  
              656.807             65.6807E-09       138.375E-06  
              657.707             65.7708E-09       138.605E-06  
              658.607             65.8607E-09       138.752E-06  
              659.507             65.9507E-09       138.91E-06   
              660.407             66.0407E-09       139.06E-06   
              661.307             66.1307E-09       139.204E-06  
              662.207             66.2207E-09       139.345E-06  
              663.107             66.3107E-09       139.483E-06  
              664.007             66.4007E-09       139.621E-06  
              664.907             66.4907E-09       139.758E-06  
              665.807             66.5807E-09       139.894E-06  
              666.707             66.6707E-09       140.03E-06   
              667.607             66.7607E-09       140.165E-06  
              668.507             66.8507E-09       140.3E-06    
              669.407             66.9408E-09       140.434E-06  
              670.307             67.0307E-09       140.568E-06  
              671.207             67.1207E-09       140.701E-06  
              672.107             67.2107E-09       140.834E-06  
              673.007             67.3007E-09       140.967E-06  
              673.907             67.3907E-09       141.099E-06  
              674.807             67.4807E-09       141.231E-06  
              675.707             67.5707E-09       141.362E-06  
              676.607             67.6607E-09       141.493E-06  
              677.507             67.7508E-09       141.624E-06  
              678.407             67.8407E-09       141.754E-06  
              679.307             67.9307E-09       141.884E-06  
              680.207             68.0207E-09       142.014E-06  
              681.107             68.1107E-09       142.144E-06  
              682.007             68.2007E-09       142.274E-06  
              682.907             68.2907E-09       142.404E-06  
              683.807             68.3808E-09       142.533E-06  
              684.707             68.4707E-09       142.662E-06  
              685.607             68.5607E-09       142.79E-06   
              686.507             68.6507E-09       142.919E-06  
              687.407             68.7407E-09       143.047E-06  
              688.307             68.8307E-09       143.176E-06  
              689.207             68.9208E-09       143.304E-06  
              690.107             69.0107E-09       143.432E-06  
              691.007             69.1008E-09       143.56E-06   
              691.907             69.1908E-09       143.696E-06  
              692.807             69.2807E-09       143.839E-06  
              693.707             69.3707E-09       143.98E-06   
              694.607             69.4607E-09       144.117E-06  
              695.507             69.5507E-09       144.253E-06  
              696.407             69.6407E-09       144.388E-06  
              697.307             69.7308E-09       144.522E-06  
              698.207             69.8208E-09       144.654E-06  
              699.107             69.9107E-09       144.786E-06  
              700.007             70.0007E-09       144.917E-06  
              700.907             70.0907E-09       145.048E-06  
              701.807             70.1807E-09       145.178E-06  
              702.707             70.2707E-09       145.308E-06  
              703.607             70.3607E-09       145.438E-06  
              704.507             70.4507E-09       145.567E-06  
              705.407             70.5407E-09       145.696E-06  
              706.307             70.6307E-09       145.865E-06  
              707.207             70.7207E-09       145.965E-06  
              708.107             70.8107E-09       146.088E-06  
              709.007             70.9007E-09       146.214E-06  
              709.907             70.9907E-09       146.341E-06  
              710.807             71.0807E-09       146.469E-06  
              711.707             71.1707E-09       146.597E-06  
              712.607             71.2607E-09       146.725E-06  
              713.507             71.3507E-09       146.852E-06  
              714.407             71.4407E-09       146.98E-06   
              715.307             71.5307E-09       147.107E-06  
              716.207             71.6207E-09       147.235E-06  
              717.107             71.7107E-09       147.362E-06  
              718.007             71.8008E-09       147.49E-06   
              718.907             71.8907E-09       147.617E-06  
              719.807             71.9807E-09       147.744E-06  
              720.707             72.0707E-09       147.872E-06  
              721.607             72.1607E-09       147.999E-06  
              722.507             72.2507E-09       148.126E-06  
              723.407             72.3408E-09       148.073E-06  
              724.307             72.4307E-09       148.274E-06  
              725.207             72.5207E-09       148.4E-06    
              726.107             72.6107E-09       148.557E-06  
              727.007             72.7007E-09       148.703E-06  
              727.907             72.7907E-09       148.841E-06  
              728.807             72.8807E-09       148.975E-06  
              729.707             72.9707E-09       149.107E-06  
              730.607             73.0608E-09       149.236E-06  
              731.507             73.1507E-09       149.365E-06  
              732.407             73.2408E-09       149.493E-06  
              733.307             73.3307E-09       149.621E-06  
              734.207             73.4207E-09       149.748E-06  
              735.107             73.5107E-09       149.876E-06  
              736.007             73.6007E-09       150.003E-06  
              736.907             73.6907E-09       150.13E-06   
              737.807             73.7808E-09       150.257E-06  
              738.707             73.8708E-09       150.383E-06  
              739.607             73.9608E-09       150.51E-06   
              740.507             74.0507E-09       150.637E-06  
              741.407             74.1407E-09       150.764E-06  
              742.307             74.2307E-09       150.89E-06   
              743.207             74.3207E-09       151.017E-06  
              744.107             74.4107E-09       151.144E-06  
              745.007             74.5007E-09       151.272E-06  
              745.907             74.5907E-09       151.399E-06  
              746.807             74.6807E-09       151.507E-06  
              747.707             74.7707E-09       151.621E-06  
              748.607             74.8607E-09       151.765E-06  
              749.507             74.9507E-09       151.898E-06  
              750.407             75.0407E-09       152.029E-06  
              751.307             75.1307E-09       152.159E-06  
              752.207             75.2207E-09       152.288E-06  
              753.107             75.3107E-09       152.417E-06  
              754.007             75.4007E-09       152.546E-06  
              754.907             75.4907E-09       152.674E-06  
              755.807             75.5807E-09       152.803E-06  
              756.707             75.6707E-09       152.932E-06  
              757.607             75.7607E-09       153.06E-06   
              758.507             75.8508E-09       153.189E-06  
              759.407             75.9408E-09       153.317E-06  
              760.307             76.0308E-09       153.446E-06  
              761.207             76.1207E-09       153.574E-06  
              762.107             76.2107E-09       153.703E-06  
              763.007             76.3007E-09       153.831E-06  
              763.907             76.3907E-09       153.96E-06   
              764.807             76.4807E-09       154.089E-06  
              765.707             76.5707E-09       154.217E-06  
              766.607             76.6607E-09       154.346E-06  
              767.507             76.7508E-09       154.475E-06  
              768.407             76.8407E-09       154.604E-06  
              769.307             76.9307E-09       154.733E-06  
              770.207             77.0207E-09       154.861E-06  
              771.107             77.1108E-09       154.991E-06  
              772.007             77.2007E-09       155.12E-06   
              772.907             77.2907E-09       155.249E-06  
              773.807             77.3807E-09       155.409E-06  
              774.707             77.4707E-09       155.571E-06  
              775.607             77.5607E-09       155.731E-06  
              776.507             77.6507E-09       155.888E-06  
              777.407             77.7407E-09       156.042E-06  
              778.307             77.8308E-09       156.195E-06  
              779.207             77.9208E-09       156.487E-06  
              780.107             78.0107E-09       156.834E-06  
              781.007             78.1007E-09       157.172E-06  
              781.907             78.1907E-09       157.499E-06  
              782.807             78.2807E-09       157.812E-06  
              783.707             78.3707E-09       158.106E-06  
              784.607             78.4607E-09       158.383E-06  
              785.507             78.5508E-09       158.647E-06  
              786.407             78.6407E-09       158.899E-06  
              787.307             78.7307E-09       159.137E-06  
              788.207             78.8207E-09       159.362E-06  
              789.107             78.9107E-09       159.598E-06  
              790.007             79.0007E-09       159.992E-06  
              790.907             79.0907E-09       160.381E-06  
              791.807             79.1807E-09       160.755E-06  
              792.707             79.2708E-09       161.111E-06  
              793.607             79.3607E-09       161.451E-06  
              794.507             79.4508E-09       161.773E-06  
              795.407             79.5407E-09       162.077E-06  
              796.307             79.6307E-09       162.366E-06  
              797.207             79.7207E-09       162.641E-06  
              798.107             79.8107E-09       162.904E-06  
              799.007             79.9007E-09       163.158E-06  
              799.907             79.9908E-09       163.404E-06  
              800.807             80.0807E-09       163.642E-06  
              801.707             80.1708E-09       163.874E-06  
              802.607             80.2607E-09       164.1E-06    
              803.507             80.3507E-09       164.321E-06  
              804.407             80.4407E-09       164.538E-06  
              805.307             80.5307E-09       164.751E-06  
              806.207             80.6207E-09       164.959E-06  
              807.107             80.7107E-09       165.164E-06  
              808.007             80.8008E-09       165.366E-06  
              808.907             80.8907E-09       165.565E-06  
              809.807             80.9807E-09       165.761E-06  
              810.707             81.0707E-09       165.955E-06  
              811.607             81.1607E-09       166.146E-06  
              812.507             81.2507E-09       166.335E-06  
              813.407             81.3407E-09       166.521E-06  
              814.307             81.4307E-09       166.706E-06  
              815.207             81.5207E-09       166.889E-06  
              816.107             81.6107E-09       167.069E-06  
              817.007             81.7007E-09       167.248E-06  
              817.907             81.7907E-09       167.425E-06  
              818.807             81.8807E-09       167.6E-06    
              819.707             81.9707E-09       167.773E-06  
              820.607             82.0607E-09       167.945E-06  
              821.507             82.1507E-09       168.115E-06  
              822.407             82.2407E-09       168.284E-06  
              823.307             82.3307E-09       168.452E-06  
              824.207             82.4207E-09       168.618E-06  
              825.107             82.5107E-09       168.784E-06  
              826.007             82.6007E-09       168.949E-06  
              826.907             82.6907E-09       169.113E-06  
              827.807             82.7807E-09       169.276E-06  
              828.707             82.8708E-09       169.438E-06  
              829.607             82.9607E-09       169.6E-06    
              830.507             83.0507E-09       169.762E-06  
              831.407             83.1407E-09       169.923E-06  
              832.307             83.2307E-09       170.083E-06  
              833.207             83.3207E-09       170.243E-06  
              834.107             83.4107E-09       170.402E-06  
              835.007             83.5007E-09       170.561E-06  
              835.907             83.5907E-09       170.719E-06  
              836.807             83.6807E-09       170.876E-06  
              837.707             83.7707E-09       171.034E-06  
              838.607             83.8607E-09       171.19E-06   
              839.507             83.9508E-09       171.347E-06  
              840.407             84.0408E-09       171.503E-06  
              841.307             84.1308E-09       171.659E-06  
              842.207             84.2207E-09       171.814E-06  
              843.107             84.3107E-09       171.969E-06  
              844.007             84.4007E-09       172.124E-06  
              844.907             84.4907E-09       172.279E-06  
              845.807             84.5807E-09       172.192E-06  
              846.257             84.6257E-09       172.213E-06  
              846.932             84.6932E-09       172.514E-06  
              847.382             84.7383E-09       172.538E-06  
              848.057             84.8057E-09       172.691E-06  
              848.957             84.8957E-09       172.863E-06  
              849.857             84.9857E-09       173.033E-06  
              850.757             85.0758E-09       173.203E-06  
              851.657             85.1657E-09       173.368E-06  
              852.557             85.2558E-09       173.53E-06   
              853.457             85.3457E-09       173.688E-06  
              854.357             85.4357E-09       173.844E-06  
              855.257             85.5257E-09       173.999E-06  
              856.157             85.6157E-09       174.153E-06  
              857.057             85.7057E-09       174.307E-06  
              857.957             85.7958E-09       174.459E-06  
              858.857             85.8857E-09       174.611E-06  
              859.757             85.9758E-09       174.763E-06  
              860.657             86.0657E-09       174.915E-06  
              861.557             86.1557E-09       175.066E-06  
              862.457             86.2457E-09       175.217E-06  
              863.357             86.3357E-09       175.367E-06  
              864.257             86.4257E-09       175.517E-06  
              865.157             86.5157E-09       175.667E-06  
              866.057             86.6057E-09       175.817E-06  
              866.957             86.6957E-09       175.966E-06  
              867.857             86.7857E-09       176.115E-06  
              868.757             86.8757E-09       176.265E-06  
              869.657             86.9657E-09       176.414E-06  
              870.557             87.0557E-09       176.563E-06  
              871.457             87.1457E-09       176.712E-06  
              872.357             87.2357E-09       176.861E-06  
              873.257             87.3257E-09       177.01E-06   
              874.157             87.4157E-09       177.159E-06  
              875.057             87.5057E-09       177.307E-06  
              875.957             87.5957E-09       177.455E-06  
              876.857             87.6857E-09       177.604E-06  
              877.757             87.7757E-09       177.751E-06  
              878.657             87.8658E-09       178.136E-06  
              879.557             87.9557E-09       178.546E-06  
              880.457             88.0458E-09       178.952E-06  
              881.357             88.1357E-09       179.344E-06  
              882.257             88.2257E-09       179.708E-06  
              883.157             88.3157E-09       180.035E-06  
              884.057             88.4058E-09       180.335E-06  
              884.957             88.4957E-09       180.617E-06  
              885.857             88.5857E-09       180.885E-06  
              886.757             88.6757E-09       181.142E-06  
              887.657             88.7657E-09       181.389E-06  
              888.557             88.8557E-09       181.629E-06  
              889.457             88.9457E-09       181.863E-06  
              890.357             89.0357E-09       182.089E-06  
              891.257             89.1258E-09       182.31E-06   
              892.157             89.2158E-09       182.524E-06  
              893.057             89.3057E-09       182.732E-06  
              893.957             89.3957E-09       182.934E-06  
              894.857             89.4857E-09       183.131E-06  
              895.757             89.5757E-09       183.594E-06  
              896.657             89.6657E-09       184.083E-06  
              897.557             89.7557E-09       184.566E-06  
              898.457             89.8458E-09       185.026E-06  
              899.357             89.9358E-09       185.458E-06  
              900.257             90.0257E-09       185.857E-06  
              901.157             90.1157E-09       186.213E-06  
              902.057             90.2057E-09       186.537E-06  
              902.957             90.2957E-09       186.841E-06  
              903.857             90.3857E-09       187.129E-06  
              904.757             90.4757E-09       187.405E-06  
              905.657             90.5658E-09       187.671E-06  
              906.557             90.6557E-09       187.928E-06  
              907.457             90.7458E-09       188.178E-06  
              908.357             90.8357E-09       188.423E-06  
              909.257             90.9257E-09       188.662E-06  
              910.157             91.0157E-09       188.895E-06  
              911.057             91.1058E-09       189.122E-06  
              911.957             91.1957E-09       189.344E-06  
              912.857             91.2858E-09       189.56E-06   
              913.757             91.3757E-09       189.772E-06  
              914.657             91.4658E-09       189.98E-06   
              915.557             91.5557E-09       190.185E-06  
              916.457             91.6457E-09       190.387E-06  
              917.357             91.7357E-09       190.587E-06  
              918.257             91.8258E-09       190.786E-06  
              919.157             91.9157E-09       190.982E-06  
              920.057             92.0058E-09       191.262E-06  
              920.957             92.0957E-09       191.845E-06  
              921.857             92.1858E-09       192.463E-06  
              922.757             92.2757E-09       193.116E-06  
              923.657             92.3657E-09       193.746E-06  
              924.557             92.4557E-09       194.334E-06  
              925.457             92.5457E-09       194.868E-06  
              926.357             92.6357E-09       195.351E-06  
              927.257             92.7257E-09       195.794E-06  
              928.157             92.8158E-09       196.205E-06  
              929.057             92.9057E-09       196.592E-06  
              929.957             92.9957E-09       196.958E-06  
              930.857             93.0857E-09       197.305E-06  
              931.757             93.1757E-09       197.634E-06  
              932.657             93.2657E-09       197.946E-06  
              933.557             93.3557E-09       198.242E-06  
              934.457             93.4457E-09       198.525E-06  
              935.357             93.5357E-09       198.804E-06  
              936.257             93.6257E-09       199.066E-06  
              937.157             93.7157E-09       199.321E-06  
              938.057             93.8057E-09       199.57E-06   
              938.957             93.8958E-09       199.812E-06  
              939.857             93.9857E-09       200.048E-06  
              940.757             94.0757E-09       200.28E-06   
              941.657             94.1657E-09       200.507E-06  
              942.557             94.2557E-09       200.73E-06   
              943.457             94.3457E-09       200.95E-06   
              944.357             94.4357E-09       201.165E-06  
              945.257             94.5257E-09       201.378E-06  
              946.157             94.6157E-09       201.587E-06  
              947.057             94.7057E-09       201.792E-06  
              947.957             94.7957E-09       201.995E-06  
              948.857             94.8857E-09       202.194E-06  
              949.757             94.9757E-09       202.39E-06   
              950.657             95.0657E-09       202.588E-06  
              951.557             95.1557E-09       202.783E-06  
              952.457             95.2458E-09       202.974E-06  
              953.357             95.3358E-09       203.162E-06  
              954.257             95.4258E-09       203.347E-06  
              955.157             95.5157E-09       203.531E-06  
              956.057             95.6057E-09       203.712E-06  
              956.957             95.6957E-09       203.893E-06  
              957.857             95.7857E-09       204.072E-06  
              958.757             95.8757E-09       204.25E-06   
              959.657             95.9658E-09       204.426E-06  
              960.557             96.0558E-09       204.601E-06  
              961.457             96.1458E-09       204.776E-06  
              962.357             96.2357E-09       204.949E-06  
              963.257             96.3257E-09       205.122E-06  
              964.157             96.4157E-09       205.294E-06  
              965.057             96.5057E-09       205.465E-06  
              965.957             96.5957E-09       205.635E-06  
              966.857             96.6857E-09       205.804E-06  
              967.757             96.7757E-09       205.973E-06  
              968.657             96.8658E-09       206.142E-06  
              969.557             96.9558E-09       206.309E-06  
              970.457             97.0457E-09       206.477E-06  
              971.357             97.1357E-09       206.643E-06  
              972.257             97.2257E-09       206.809E-06  
              973.157             97.3158E-09       206.975E-06  
              974.057             97.4057E-09       207.14E-06   
              974.957             97.4958E-09       207.305E-06  
              975.857             97.5857E-09       207.469E-06  
              976.757             97.6758E-09       207.634E-06  
              977.657             97.7657E-09       207.798E-06  
              978.557             97.8557E-09       207.962E-06  
              979.457             97.9457E-09       208.125E-06  
              980.357             98.0358E-09       208.289E-06  
              981.257             98.1257E-09       208.452E-06  
              982.157             98.2158E-09       208.615E-06  
              983.057             98.3057E-09       208.777E-06  
              983.957             98.3957E-09       208.94E-06   
              984.857             98.4857E-09       209.102E-06  
              985.757             98.5757E-09       209.264E-06  
              986.657             98.6657E-09       209.426E-06  
              987.557             98.7557E-09       209.588E-06  
              988.457             98.8457E-09       209.749E-06  
              989.357             98.9358E-09       209.91E-06   
              990.257             99.0257E-09       210.071E-06  
              991.157             99.1157E-09       210.232E-06  
              992.057             99.2057E-09       210.392E-06  
              992.957             99.2958E-09       210.552E-06  
              993.857             99.3857E-09       210.713E-06  
              994.757             99.4757E-09       210.874E-06  
              995.657             99.5657E-09       211.034E-06  
              996.557             99.6557E-09       211.195E-06  
              997.457             99.7457E-09       211.355E-06  
              998.357             99.8357E-09       211.521E-06  
              999.257             99.9257E-09       211.694E-06  
                1.00016E+03      100.E-09           211.166E-06  
                1.00106E+03      100.E-09           207.456E-06  
                1.00196E+03      100.E-09           204.363E-06  
                1.00201E+03       98.6337E-09        91.2869E-06 
                1.00202E+03       98.37E-09          69.9967E-06 
                1.00202E+03       97.9745E-09        40.8158E-06 
                1.00202E+03       97.8262E-09        29.7898E-06 
                1.00202E+03       97.6037E-09        14.57E-06   
                1.00203E+03       97.4369E-09         5.91669E-06
                1.00203E+03       97.3117E-09         1.63835E-06
                1.00203E+03       97.124E-09          0.         
                1.00203E+03       96.8425E-09         0.         
                1.00204E+03       96.4201E-09         0.         
                1.00204E+03       95.7866E-09         0.         
                1.00205E+03       94.8363E-09         0.         
                1.00207E+03       93.4109E-09         0.         
                1.00209E+03       91.2727E-09         0.         
                1.00212E+03       88.0655E-09         0.         
                1.00217E+03       83.2546E-09         0.         
                1.00224E+03       76.0383E-09         0.         
                1.00235E+03       65.2139E-09         0.         
                1.00251E+03       48.9773E-09         0.         
                1.00275E+03       24.6224E-09         0.         
                1.003E+03         -0.                 0.         




