
                  X             Displacement          Force      

                0.                -0.                 0.         
                1.E-03           100.E-15             1.12305E-09
                2.E-03           200.E-15           705.781E-12  
                3.5E-03          350.E-15            70.4427E-12 
                5.75E-03         575.E-15             5.55354E-12
                9.125E-03        912.5E-15          545.344E-15  
               14.1875E-03         1.41875E-12       54.4662E-15 
               21.7812E-03         2.17813E-12        5.44649E-15
               33.1719E-03         3.31719E-12      544.604E-18  
               50.2578E-03         5.02578E-12       54.4593E-18 
               75.8867E-03         7.58867E-12        5.44559E-18
              114.33E-03          11.433E-12        544.533E-21  
              171.995E-03         17.1995E-12        54.4481E-21 
              258.493E-03         25.8493E-12         5.44419E-21
              388.239E-03         38.8239E-12       544.35E-24   
              582.859E-03         58.2859E-12        54.4247E-24 
              874.788E-03         87.4788E-12         5.44088E-24
                1.31268          131.268E-12        543.85E-27   
                1.96952          196.952E-12         54.3494E-27 
                2.76952          276.952E-12          5.43059E-27
                3.56952          356.952E-12        542.625E-30  
                4.36952          436.952E-12         54.219E-30  
                5.16952          516.952E-12          5.41756E-30
                5.96952          596.952E-12        541.322E-33  
                6.76952          676.952E-12         54.0888E-33 
                7.56952          756.952E-12          5.40453E-33
                8.36952          836.952E-12        540.019E-36  
                9.16952          916.952E-12         53.9585E-36 
                9.96952          996.952E-12        411.121E-09  
               10.7695             1.07695E-09        1.16265E-06
               11.5695             1.15695E-09        1.91364E-06
               12.3695             1.23695E-09        2.66397E-06
               13.1695             1.31695E-09        3.3949E-06 
               13.9695             1.39695E-09        4.05526E-06
               14.7695             1.47695E-09        4.62261E-06
               15.5695             1.55695E-09        5.04255E-06
               16.3695             1.63695E-09        5.3523E-06 
               17.1695             1.71695E-09        5.61565E-06
               17.9695             1.79695E-09        5.85727E-06
               18.7695             1.87695E-09        6.07811E-06
               19.5695             1.95695E-09        6.27595E-06
               20.3695             2.03695E-09        6.45133E-06
               21.1695             2.11695E-09        6.609E-06  
               21.9695             2.19695E-09        6.75281E-06
               22.7695             2.27695E-09        6.88587E-06
               23.5695             2.35695E-09        7.01106E-06
               24.3695             2.43695E-09        7.13051E-06
               25.1695             2.51695E-09        7.24574E-06
               25.9695             2.59695E-09        7.35777E-06
               26.7695             2.67695E-09        7.46699E-06
               27.5695             2.75695E-09        7.57351E-06
               28.3695             2.83695E-09        7.67737E-06
               29.1695             2.91695E-09        7.77871E-06
               29.9695             2.99695E-09        7.87775E-06
               30.7695             3.07695E-09        7.97461E-06
               31.5695             3.15695E-09        8.06931E-06
               32.3695             3.23695E-09        8.16182E-06
               33.1695             3.31695E-09        8.25205E-06
               33.9695             3.39695E-09        8.33991E-06
               34.7695             3.47695E-09        8.42522E-06
               35.5695             3.55695E-09        8.50786E-06
               36.3695             3.63695E-09        8.58776E-06
               37.1695             3.71695E-09        8.66502E-06
               37.9695             3.79695E-09        8.73963E-06
               38.7695             3.87695E-09        8.81158E-06
               39.5695             3.95695E-09        8.88073E-06
               40.3695             4.03695E-09        8.94696E-06
               41.1695             4.11695E-09        9.01021E-06
               41.9695             4.19695E-09        9.07052E-06
               42.7695             4.27695E-09        9.12805E-06
               43.5695             4.35695E-09        9.18301E-06
               44.3695             4.43695E-09        9.23563E-06
               45.1695             4.51695E-09        9.28612E-06
               45.9695             4.59695E-09        9.33468E-06
               46.7695             4.67695E-09        9.38144E-06
               47.5695             4.75695E-09        9.42652E-06
               48.3695             4.83695E-09        9.47E-06   
               49.1695             4.91695E-09        9.51195E-06
               49.9695             4.99695E-09        9.55245E-06
               50.7695             5.07695E-09        9.59159E-06
               51.5695             5.15695E-09        9.6295E-06 
               52.3695             5.23695E-09        9.66629E-06
               53.1695             5.31695E-09        9.70206E-06
               53.9695             5.39695E-09        9.73688E-06
               54.7695             5.47695E-09        9.77083E-06
               55.5695             5.55695E-09        9.80395E-06
               56.3695             5.63695E-09        9.83623E-06
               57.1695             5.71695E-09        9.8677E-06 
               57.9695             5.79695E-09        9.89841E-06
               58.7695             5.87695E-09        9.92839E-06
               59.5695             5.95695E-09        9.95766E-06
               60.3695             6.03695E-09       10.1282E-06 
               61.1695             6.11695E-09       10.8378E-06 
               61.9695             6.19695E-09       11.8241E-06 
               62.7695             6.27695E-09       12.8291E-06 
               63.5695             6.35695E-09       14.2615E-06 
               64.3695             6.43695E-09       15.7142E-06 
               65.1695             6.51695E-09       17.1066E-06 
               65.9695             6.59695E-09       18.4236E-06 
               66.7695             6.67695E-09       19.656E-06  
               67.5695             6.75695E-09       20.8008E-06 
               68.3695             6.83695E-09       21.8526E-06 
               69.1695             6.91695E-09       22.811E-06  
               69.9695             6.99695E-09       23.6813E-06 
               70.7695             7.07695E-09       24.4731E-06 
               71.5695             7.15695E-09       25.1878E-06 
               72.3695             7.23695E-09       25.8297E-06 
               73.1695             7.31695E-09       26.4124E-06 
               73.9695             7.39695E-09       26.9476E-06 
               74.7695             7.47695E-09       27.4422E-06 
               75.5695             7.55695E-09       27.9003E-06 
               76.3695             7.63695E-09       28.3251E-06 
               77.1695             7.71695E-09       28.7212E-06 
               77.9695             7.79695E-09       29.0928E-06 
               78.7695             7.87695E-09       29.4431E-06 
               79.5695             7.95695E-09       29.7744E-06 
               80.3695             8.03695E-09       30.0882E-06 
               81.1695             8.11695E-09       30.386E-06  
               81.9695             8.19695E-09       30.6687E-06 
               82.7695             8.27695E-09       30.9371E-06 
               83.5695             8.35695E-09       31.1922E-06 
               84.3695             8.43695E-09       31.4354E-06 
               85.1695             8.51695E-09       31.6677E-06 
               85.9695             8.59695E-09       31.8904E-06 
               86.7695             8.67695E-09       32.104E-06  
               87.5695             8.75695E-09       32.3092E-06 
               88.3695             8.83695E-09       32.5063E-06 
               89.1695             8.91695E-09       32.6958E-06 
               89.9695             8.99695E-09       32.878E-06  
               90.7695             9.07695E-09       33.0535E-06 
               91.5695             9.15695E-09       33.2225E-06 
               92.3695             9.23695E-09       33.3856E-06 
               93.1695             9.31695E-09       33.5433E-06 
               93.9695             9.39695E-09       33.696E-06  
               94.7695             9.47695E-09       33.8441E-06 
               95.5695             9.55695E-09       33.9879E-06 
               96.3695             9.63695E-09       34.1277E-06 
               97.1695             9.71695E-09       34.2638E-06 
               97.9695             9.79695E-09       34.3964E-06 
               98.7695             9.87695E-09       34.5257E-06 
               99.5695             9.95695E-09       34.6519E-06 
              100.37              10.037E-09         34.7751E-06 
              101.17              10.117E-09         34.8955E-06 
              101.97              10.197E-09         35.0131E-06 
              102.77              10.277E-09         35.1282E-06 
              103.57              10.357E-09         35.2408E-06 
              104.37              10.437E-09         35.351E-06  
              105.17              10.517E-09         35.4589E-06 
              105.97              10.597E-09         35.5646E-06 
              106.77              10.677E-09         35.6681E-06 
              107.57              10.757E-09         35.7697E-06 
              108.37              10.837E-09         35.8692E-06 
              109.17              10.917E-09         35.967E-06  
              109.97              10.997E-09         36.0629E-06 
              110.77              11.077E-09         36.157E-06  
              111.57              11.157E-09         36.2495E-06 
              112.37              11.237E-09         36.3403E-06 
              113.17              11.317E-09         36.5704E-06 
              113.97              11.397E-09         36.871E-06  
              114.77              11.477E-09         37.1631E-06 
              115.57              11.557E-09         37.7395E-06 
              116.37              11.637E-09         38.299E-06  
              117.17              11.717E-09         38.8227E-06 
              117.97              11.797E-09         39.3052E-06 
              118.77              11.877E-09         39.795E-06  
              119.57              11.957E-09         40.4884E-06 
              120.37              12.037E-09         41.4239E-06 
              121.17              12.117E-09         42.303E-06  
              121.97              12.197E-09         43.123E-06  
              122.77              12.277E-09         43.8866E-06 
              123.57              12.357E-09         44.5984E-06 
              124.37              12.437E-09         45.2588E-06 
              125.17              12.517E-09         45.8717E-06 
              125.97              12.597E-09         46.4401E-06 
              126.77              12.677E-09         46.9611E-06 
              127.57              12.757E-09         47.4339E-06 
              128.37              12.837E-09         47.8656E-06 
              129.17              12.917E-09         48.2638E-06 
              129.97              12.997E-09         48.6318E-06 
              130.77              13.077E-09         48.973E-06  
              131.57              13.157E-09         49.2914E-06 
              132.37              13.237E-09         49.5894E-06 
              133.17              13.317E-09         49.8692E-06 
              133.97              13.397E-09         50.1328E-06 
              134.77              13.477E-09         50.3821E-06 
              135.57              13.557E-09         50.6184E-06 
              136.37              13.637E-09         50.8429E-06 
              137.17              13.717E-09         51.0571E-06 
              137.97              13.797E-09         51.2617E-06 
              138.77              13.877E-09         51.4575E-06 
              139.57              13.957E-09         51.6451E-06 
              140.37              14.037E-09         51.8257E-06 
              141.17              14.117E-09         52.0003E-06 
              141.97              14.197E-09         52.1696E-06 
              142.77              14.277E-09         52.3343E-06 
              143.57              14.357E-09         52.4948E-06 
              144.37              14.437E-09         52.6515E-06 
              145.17              14.517E-09         52.8046E-06 
              145.97              14.597E-09         52.9543E-06 
              146.77              14.677E-09         53.1008E-06 
              147.57              14.757E-09         53.2445E-06 
              148.37              14.837E-09         53.3853E-06 
              149.17              14.917E-09         53.5234E-06 
              149.97              14.997E-09         53.6589E-06 
              150.77              15.077E-09         53.7919E-06 
              151.57              15.157E-09         53.9226E-06 
              152.37              15.237E-09         54.051E-06  
              153.17              15.317E-09         54.177E-06  
              153.97              15.397E-09         54.3009E-06 
              154.77              15.477E-09         54.4229E-06 
              155.57              15.557E-09         54.5429E-06 
              156.37              15.637E-09         54.6611E-06 
              157.17              15.717E-09         54.7776E-06 
              157.97              15.797E-09         54.8924E-06 
              158.77              15.877E-09         55.0058E-06 
              159.57              15.957E-09         55.1176E-06 
              160.37              16.037E-09         55.2281E-06 
              161.17              16.117E-09         55.3372E-06 
              161.97              16.197E-09         55.445E-06  
              162.77              16.277E-09         55.5516E-06 
              163.57              16.357E-09         55.6571E-06 
              164.37              16.437E-09         55.7613E-06 
              165.17              16.517E-09         55.8643E-06 
              165.97              16.597E-09         55.9663E-06 
              166.77              16.677E-09         56.0672E-06 
              167.57              16.757E-09         56.167E-06  
              168.37              16.837E-09         56.2656E-06 
              169.17              16.917E-09         56.3632E-06 
              169.97              16.997E-09         56.4598E-06 
              170.77              17.077E-09         56.5554E-06 
              171.57              17.157E-09         56.6504E-06 
              172.37              17.237E-09         56.7445E-06 
              173.17              17.317E-09         56.8379E-06 
              173.97              17.397E-09         56.9306E-06 
              174.77              17.477E-09         57.0224E-06 
              175.57              17.557E-09         57.1134E-06 
              176.37              17.637E-09         57.2039E-06 
              177.17              17.717E-09         57.2937E-06 
              177.97              17.797E-09         57.3828E-06 
              178.77              17.877E-09         57.4712E-06 
              179.57              17.957E-09         57.559E-06  
              180.37              18.037E-09         57.6462E-06 
              181.17              18.117E-09         57.7328E-06 
              181.97              18.197E-09         57.8191E-06 
              182.77              18.277E-09         57.9047E-06 
              183.57              18.357E-09         57.9896E-06 
              184.37              18.437E-09         58.074E-06  
              185.17              18.517E-09         58.158E-06  
              185.97              18.597E-09         58.2413E-06 
              186.77              18.677E-09         58.324E-06  
              187.57              18.757E-09         58.4061E-06 
              188.37              18.837E-09         58.4876E-06 
              189.17              18.917E-09         58.5685E-06 
              189.97              18.997E-09         58.6489E-06 
              190.77              19.077E-09         58.7289E-06 
              191.57              19.157E-09         58.8083E-06 
              192.37              19.237E-09         58.8872E-06 
              193.17              19.317E-09         58.9657E-06 
              193.97              19.397E-09         59.0436E-06 
              194.77              19.477E-09         59.1211E-06 
              195.57              19.557E-09         59.1982E-06 
              196.37              19.637E-09         59.2749E-06 
              197.17              19.717E-09         59.3511E-06 
              197.97              19.797E-09         59.427E-06  
              198.77              19.877E-09         59.5025E-06 
              199.57              19.957E-09         59.5775E-06 
              200.37              20.037E-09         59.6523E-06 
              201.17              20.117E-09         59.7267E-06 
              201.97              20.197E-09         59.8008E-06 
              202.77              20.277E-09         59.8745E-06 
              203.57              20.357E-09         59.948E-06  
              204.37              20.437E-09         60.0213E-06 
              205.17              20.517E-09         60.0943E-06 
              205.97              20.597E-09         60.167E-06  
              206.77              20.677E-09         60.2394E-06 
              207.57              20.757E-09         60.3118E-06 
              208.37              20.837E-09         60.384E-06  
              209.17              20.917E-09         60.4559E-06 
              209.97              20.997E-09         60.5277E-06 
              210.77              21.077E-09         60.5992E-06 
              211.57              21.157E-09         60.6705E-06 
              212.37              21.237E-09         60.7414E-06 
              213.17              21.317E-09         60.8121E-06 
              213.97              21.397E-09         60.8825E-06 
              214.77              21.477E-09         60.9526E-06 
              215.57              21.557E-09         61.0226E-06 
              216.37              21.637E-09         61.0923E-06 
              217.17              21.717E-09         61.1618E-06 
              217.97              21.797E-09         61.2312E-06 
              218.77              21.877E-09         61.3003E-06 
              219.57              21.957E-09         61.3692E-06 
              220.37              22.037E-09         61.4382E-06 
              221.17              22.117E-09         61.5073E-06 
              221.97              22.197E-09         61.657E-06  
              222.77              22.277E-09         62.1197E-06 
              223.57              22.357E-09         62.5913E-06 
              224.37              22.437E-09         63.0396E-06 
              225.17              22.517E-09         63.4686E-06 
              225.97              22.597E-09         63.8778E-06 
              226.77              22.677E-09         64.2666E-06 
              227.57              22.757E-09         64.6316E-06 
              228.37              22.837E-09         64.9668E-06 
              229.17              22.917E-09         65.2671E-06 
              229.97              22.997E-09         65.5343E-06 
              230.77              23.077E-09         65.7759E-06 
              231.57              23.157E-09         65.9969E-06 
              232.37              23.237E-09         66.2006E-06 
              233.17              23.317E-09         66.3901E-06 
              233.97              23.397E-09         66.5678E-06 
              234.77              23.477E-09         66.7359E-06 
              235.57              23.557E-09         66.8959E-06 
              236.37              23.637E-09         67.0485E-06 
              237.17              23.717E-09         67.3413E-06 
              237.97              23.797E-09         67.8166E-06 
              238.77              23.877E-09         68.2881E-06 
              239.57              23.957E-09         68.7398E-06 
              240.37              24.037E-09         69.1678E-06 
              241.17              24.117E-09         69.5634E-06 
              241.97              24.197E-09         69.9246E-06 
              242.77              24.277E-09         70.2579E-06 
              243.57              24.357E-09         70.5668E-06 
              244.37              24.437E-09         70.8515E-06 
              245.17              24.517E-09         71.1135E-06 
              245.97              24.597E-09         71.3558E-06 
              246.77              24.677E-09         71.5812E-06 
              247.57              24.757E-09         71.9293E-06 
              248.37              24.837E-09         72.2661E-06 
              249.17              24.917E-09         72.5837E-06 
              249.97              24.997E-09         72.8837E-06 
              250.77              25.077E-09         73.1665E-06 
              251.57              25.157E-09         73.4329E-06 
              252.37              25.237E-09         73.6847E-06 
              253.17              25.317E-09         73.9236E-06 
              253.97              25.397E-09         74.1515E-06 
              254.77              25.477E-09         74.3696E-06 
              255.57              25.557E-09         74.5788E-06 
              256.37              25.637E-09         74.7796E-06 
              257.17              25.717E-09         74.9721E-06 
              257.97              25.797E-09         75.1567E-06 
              258.77              25.877E-09         75.3343E-06 
              259.57              25.957E-09         75.5052E-06 
              260.37              26.037E-09         75.6701E-06 
              261.17              26.117E-09         75.829E-06  
              261.97              26.197E-09         75.9827E-06 
              262.77              26.277E-09         76.1329E-06 
              263.57              26.357E-09         76.2807E-06 
              264.37              26.437E-09         76.4253E-06 
              265.17              26.517E-09         76.5665E-06 
              265.97              26.597E-09         76.7044E-06 
              266.77              26.677E-09         76.8392E-06 
              267.57              26.757E-09         76.9709E-06 
              268.37              26.837E-09         77.0995E-06 
              269.17              26.917E-09         77.2252E-06 
              269.97              26.997E-09         77.3482E-06 
              270.77              27.077E-09         77.4691E-06 
              271.57              27.1569E-09        77.5878E-06 
              272.37              27.237E-09         77.7047E-06 
              273.17              27.317E-09         77.8197E-06 
              273.97              27.397E-09         77.9331E-06 
              274.77              27.477E-09         78.0447E-06 
              275.57              27.557E-09         78.1549E-06 
              276.37              27.637E-09         78.2638E-06 
              277.17              27.717E-09         78.3713E-06 
              277.97              27.797E-09         78.4774E-06 
              278.77              27.877E-09         78.5821E-06 
              279.57              27.957E-09         78.6855E-06 
              280.37              28.037E-09         78.7879E-06 
              281.17              28.117E-09         78.8898E-06 
              281.97              28.197E-09         78.9921E-06 
              282.77              28.277E-09         79.0935E-06 
              283.57              28.357E-09         79.1939E-06 
              284.37              28.437E-09         79.293E-06  
              285.17              28.517E-09         79.4231E-06 
              285.97              28.597E-09         79.6038E-06 
              286.77              28.677E-09         79.7774E-06 
              287.57              28.757E-09         79.9441E-06 
              288.37              28.837E-09         80.104E-06  
              289.17              28.917E-09         80.2579E-06 
              289.97              28.997E-09         80.4065E-06 
              290.77              29.077E-09         80.5504E-06 
              291.57              29.157E-09         80.6903E-06 
              292.37              29.237E-09         80.8263E-06 
              293.17              29.317E-09         80.9586E-06 
              293.97              29.397E-09         81.0874E-06 
              294.77              29.477E-09         81.2132E-06 
              295.57              29.557E-09         81.3362E-06 
              296.37              29.637E-09         81.4566E-06 
              297.17              29.717E-09         81.5747E-06 
              297.97              29.797E-09         81.6906E-06 
              298.77              29.877E-09         81.8046E-06 
              299.57              29.957E-09         81.9166E-06 
              300.37              30.037E-09         82.0267E-06 
              301.17              30.117E-09         82.1353E-06 
              301.97              30.197E-09         82.3556E-06 
              302.77              30.277E-09         82.6459E-06 
              303.57              30.357E-09         82.9326E-06 
              304.37              30.437E-09         83.2118E-06 
              305.17              30.517E-09         83.4822E-06 
              305.97              30.597E-09         83.7436E-06 
              306.77              30.677E-09         83.9963E-06 
              307.57              30.757E-09         84.24E-06   
              308.37              30.837E-09         84.4733E-06 
              309.17              30.917E-09         84.9305E-06 
              309.97              30.997E-09         85.4021E-06 
              310.77              31.077E-09         85.848E-06  
              311.57              31.157E-09         86.2678E-06 
              312.37              31.237E-09         86.6631E-06 
              313.17              31.317E-09         87.0357E-06 
              313.97              31.397E-09         87.3859E-06 
              314.77              31.477E-09         87.7127E-06 
              315.57              31.557E-09         88.0146E-06 
              316.37              31.637E-09         88.2921E-06 
              317.17              31.7169E-09        88.6419E-06 
              317.97              31.797E-09         89.1553E-06 
              318.77              31.877E-09         89.6616E-06 
              319.57              31.957E-09         90.1467E-06 
              320.37              32.037E-09         90.6058E-06 
              321.17              32.117E-09         91.041E-06  
              321.97              32.197E-09         91.4542E-06 
              322.77              32.277E-09         91.8424E-06 
              323.57              32.357E-09         92.203E-06  
              324.37              32.437E-09         92.5376E-06 
              325.17              32.517E-09         92.8496E-06 
              325.97              32.597E-09         93.1398E-06 
              326.77              32.677E-09         93.4099E-06 
              327.57              32.757E-09         93.663E-06  
              328.37              32.837E-09         93.9001E-06 
              329.17              32.917E-09         94.122E-06  
              329.97              32.997E-09         94.4815E-06 
              330.77              33.077E-09         94.8461E-06 
              331.57              33.157E-09         95.1878E-06 
              332.37              33.237E-09         95.5073E-06 
              333.17              33.317E-09         95.8063E-06 
              333.97              33.397E-09         96.0873E-06 
              334.77              33.477E-09         96.3522E-06 
              335.57              33.557E-09         96.6031E-06 
              336.37              33.637E-09         96.8417E-06 
              337.17              33.717E-09         97.069E-06  
              337.97              33.797E-09         97.2864E-06 
              338.77              33.877E-09         97.4948E-06 
              339.57              33.957E-09         97.6952E-06 
              340.37              34.037E-09         97.8883E-06 
              341.17              34.117E-09         98.075E-06  
              341.97              34.197E-09         98.256E-06  
              342.77              34.277E-09         98.4319E-06 
              343.57              34.357E-09         98.6034E-06 
              344.37              34.437E-09         98.7706E-06 
              345.17              34.517E-09         98.9338E-06 
              345.97              34.597E-09         99.0934E-06 
              346.77              34.677E-09         99.2495E-06 
              347.57              34.757E-09         99.4044E-06 
              348.37              34.837E-09         99.5529E-06 
              349.17              34.917E-09         99.6995E-06 
              349.97              34.997E-09         99.8436E-06 
              350.77              35.077E-09         99.9851E-06 
              351.57              35.157E-09        100.124E-06  
              352.37              35.237E-09        100.261E-06  
              353.17              35.317E-09        100.395E-06  
              353.97              35.397E-09        100.528E-06  
              354.77              35.4769E-09       100.658E-06  
              355.57              35.557E-09        100.787E-06  
              356.37              35.637E-09        100.914E-06  
              357.17              35.717E-09        101.04E-06   
              357.97              35.797E-09        101.163E-06  
              358.77              35.877E-09        101.286E-06  
              359.57              35.957E-09        101.407E-06  
              360.37              36.037E-09        101.527E-06  
              361.17              36.117E-09        101.646E-06  
              361.97              36.1969E-09       101.748E-06  
              362.77              36.277E-09        101.878E-06  
              363.57              36.357E-09        102.008E-06  
              364.37              36.437E-09        102.122E-06  
              365.17              36.5169E-09       102.235E-06  
              365.97              36.597E-09        102.348E-06  
              366.77              36.677E-09        102.46E-06   
              367.57              36.757E-09        102.571E-06  
              368.37              36.837E-09        102.681E-06  
              369.17              36.917E-09        102.791E-06  
              369.97              36.997E-09        102.9E-06    
              370.77              37.077E-09        103.008E-06  
              371.57              37.157E-09        103.116E-06  
              372.37              37.2369E-09       103.222E-06  
              373.17              37.317E-09        103.329E-06  
              373.97              37.397E-09        103.434E-06  
              374.77              37.477E-09        103.534E-06  
              375.57              37.5569E-09       103.643E-06  
              376.37              37.637E-09        103.749E-06  
              377.17              37.717E-09        103.855E-06  
              377.97              37.797E-09        103.959E-06  
              378.77              37.877E-09        104.063E-06  
              379.57              37.957E-09        104.167E-06  
              380.37              38.037E-09        104.27E-06   
              381.17              38.117E-09        104.373E-06  
              381.97              38.197E-09        104.476E-06  
              382.77              38.277E-09        104.579E-06  
              383.57              38.357E-09        104.681E-06  
              384.37              38.437E-09        104.783E-06  
              385.17              38.517E-09        104.886E-06  
              385.97              38.597E-09        104.988E-06  
              386.77              38.677E-09        105.09E-06   
              387.57              38.757E-09        105.191E-06  
              388.37              38.837E-09        105.293E-06  
              389.17              38.917E-09        105.394E-06  
              389.97              38.997E-09        105.495E-06  
              390.77              39.077E-09        105.597E-06  
              391.57              39.157E-09        105.699E-06  
              392.37              39.2369E-09       105.886E-06  
              393.17              39.317E-09        105.929E-06  
              393.97              39.397E-09        106.016E-06  
              394.77              39.477E-09        106.111E-06  
              395.57              39.5569E-09       106.209E-06  
              396.37              39.637E-09        106.308E-06  
              397.17              39.717E-09        106.408E-06  
              397.97              39.797E-09        106.509E-06  
              398.77              39.877E-09        106.609E-06  
              399.57              39.957E-09        106.71E-06   
              400.37              40.037E-09        106.811E-06  
              401.17              40.117E-09        106.912E-06  
              401.97              40.197E-09        107.013E-06  
              402.77              40.277E-09        107.115E-06  
              403.57              40.357E-09        107.217E-06  
              404.37              40.437E-09        107.318E-06  
              405.17              40.517E-09        107.421E-06  
              405.97              40.597E-09        107.523E-06  
              406.77              40.677E-09        107.624E-06  
              407.57              40.757E-09        107.726E-06  
              408.37              40.837E-09        107.828E-06  
              409.17              40.917E-09        107.93E-06   
              409.97              40.9969E-09       108.032E-06  
              410.77              41.077E-09        108.134E-06  
              411.57              41.157E-09        108.236E-06  
              412.37              41.237E-09        108.338E-06  
              413.17              41.317E-09        108.44E-06   
              413.97              41.397E-09        108.542E-06  
              414.77              41.477E-09        108.643E-06  
              415.57              41.557E-09        108.745E-06  
              416.37              41.637E-09        108.726E-06  
              417.17              41.717E-09        108.953E-06  
              417.97              41.797E-09        109.052E-06  
              418.77              41.877E-09        109.173E-06  
              419.57              41.957E-09        109.288E-06  
              420.37              42.0369E-09       109.398E-06  
              421.17              42.117E-09        109.505E-06  
              421.97              42.197E-09        109.61E-06   
              422.77              42.277E-09        109.714E-06  
              423.57              42.3569E-09       109.817E-06  
              424.37              42.437E-09        109.919E-06  
              425.17              42.517E-09        110.022E-06  
              425.97              42.597E-09        110.124E-06  
              426.77              42.677E-09        110.225E-06  
              427.57              42.757E-09        110.327E-06  
              428.37              42.837E-09        110.429E-06  
              429.17              42.917E-09        110.53E-06   
              429.97              42.997E-09        110.632E-06  
              430.77              43.077E-09        110.734E-06  
              431.57              43.157E-09        110.837E-06  
              432.37              43.237E-09        110.939E-06  
              433.17              43.317E-09        111.041E-06  
              433.97              43.3969E-09       111.143E-06  
              434.77              43.477E-09        111.246E-06  
              435.57              43.557E-09        111.349E-06  
              436.37              43.637E-09        111.452E-06  
              437.17              43.717E-09        111.554E-06  
              437.97              43.797E-09        111.657E-06  
              438.77              43.877E-09        111.759E-06  
              439.57              43.957E-09        111.861E-06  
              440.37              44.0369E-09       111.964E-06  
              441.17              44.117E-09        112.066E-06  
              441.97              44.197E-09        112.169E-06  
              442.77              44.277E-09        112.271E-06  
              443.57              44.357E-09        112.372E-06  
              444.37              44.437E-09        112.474E-06  
              445.17              44.517E-09        112.576E-06  
              445.97              44.597E-09        112.678E-06  
              446.77              44.677E-09        112.779E-06  
              447.57              44.757E-09        112.881E-06  
              448.37              44.837E-09        112.983E-06  
              449.17              44.917E-09        113.084E-06  
              449.97              44.997E-09        113.186E-06  
              450.77              45.077E-09        113.287E-06  
              451.57              45.157E-09        113.389E-06  
              452.37              45.237E-09        113.49E-06   
              453.17              45.317E-09        113.592E-06  
              453.97              45.3969E-09       113.693E-06  
              454.77              45.477E-09        113.794E-06  
              455.57              45.557E-09        113.895E-06  
              456.37              45.637E-09        113.995E-06  
              457.17              45.717E-09        114.096E-06  
              457.97              45.797E-09        114.197E-06  
              458.77              45.877E-09        114.298E-06  
              459.57              45.957E-09        114.398E-06  
              460.37              46.037E-09        114.499E-06  
              461.17              46.117E-09        114.6E-06    
              461.97              46.197E-09        114.7E-06    
              462.77              46.277E-09        114.801E-06  
              463.57              46.357E-09        114.901E-06  
              464.37              46.437E-09        115.002E-06  
              465.17              46.517E-09        115.102E-06  
              465.97              46.597E-09        115.202E-06  
              466.77              46.677E-09        115.302E-06  
              467.57              46.757E-09        115.402E-06  
              468.37              46.8369E-09       115.502E-06  
              469.17              46.917E-09        115.602E-06  
              469.97              46.997E-09        115.702E-06  
              470.77              47.077E-09        115.802E-06  
              471.57              47.157E-09        115.902E-06  
              472.37              47.237E-09        116.002E-06  
              473.17              47.317E-09        116.102E-06  
              473.97              47.397E-09        116.202E-06  
              474.77              47.477E-09        116.302E-06  
              475.57              47.557E-09        116.402E-06  
              476.37              47.637E-09        116.502E-06  
              477.17              47.717E-09        116.602E-06  
              477.97              47.797E-09        116.702E-06  
              478.77              47.8769E-09       116.803E-06  
              479.57              47.957E-09        116.903E-06  
              480.37              48.037E-09        117.003E-06  
              481.17              48.117E-09        117.103E-06  
              481.97              48.197E-09        117.203E-06  
              482.77              48.277E-09        117.304E-06  
              483.57              48.357E-09        117.618E-06  
              484.37              48.437E-09        117.987E-06  
              485.17              48.517E-09        118.347E-06  
              485.97              48.597E-09        118.691E-06  
              486.77              48.677E-09        119.016E-06  
              487.57              48.757E-09        119.324E-06  
              488.37              48.8369E-09       119.614E-06  
              489.17              48.917E-09        119.884E-06  
              489.97              48.997E-09        120.133E-06  
              490.77              49.077E-09        120.366E-06  
              491.57              49.157E-09        120.585E-06  
              492.37              49.2369E-09       120.794E-06  
              493.17              49.317E-09        120.994E-06  
              493.97              49.397E-09        121.187E-06  
              494.77              49.477E-09        121.374E-06  
              495.57              49.557E-09        121.556E-06  
              496.37              49.637E-09        121.732E-06  
              497.17              49.717E-09        121.904E-06  
              497.97              49.797E-09        122.072E-06  
              498.77              49.8769E-09       122.235E-06  
              499.57              49.957E-09        122.395E-06  
              500.37              50.037E-09        122.55E-06   
              501.17              50.117E-09        122.702E-06  
              501.97              50.197E-09        122.85E-06   
              502.77              50.277E-09        122.995E-06  
              503.57              50.357E-09        123.138E-06  
              504.37              50.437E-09        123.278E-06  
              505.17              50.517E-09        123.417E-06  
              505.97              50.597E-09        123.554E-06  
              506.77              50.677E-09        123.69E-06   
              507.57              50.757E-09        123.824E-06  
              508.37              50.837E-09        123.957E-06  
              509.17              50.917E-09        124.088E-06  
              509.97              50.997E-09        124.218E-06  
              510.77              51.077E-09        124.346E-06  
              511.57              51.157E-09        124.474E-06  
              512.37              51.2369E-09       124.6E-06    
              513.169             51.317E-09        124.725E-06  
              513.97              51.397E-09        124.85E-06   
              514.77              51.477E-09        124.974E-06  
              515.57              51.557E-09        125.098E-06  
              516.37              51.6369E-09       125.221E-06  
              517.169             51.717E-09        125.344E-06  
              517.97              51.797E-09        125.466E-06  
              518.77              51.877E-09        125.588E-06  
              519.57              51.957E-09        125.709E-06  
              520.37              52.037E-09        125.83E-06   
              521.169             52.117E-09        125.95E-06   
              521.97              52.197E-09        126.07E-06   
              522.77              52.277E-09        126.19E-06   
              523.57              52.357E-09        126.31E-06   
              524.37              52.437E-09        126.429E-06  
              525.169             52.517E-09        126.548E-06  
              525.97              52.597E-09        126.667E-06  
              526.77              52.6769E-09       126.786E-06  
              527.57              52.757E-09        126.905E-06  
              528.37              52.837E-09        127.023E-06  
              529.169             52.917E-09        127.256E-06  
              529.97              52.997E-09        127.512E-06  
              530.77              53.077E-09        127.757E-06  
              531.57              53.157E-09        127.99E-06   
              532.37              53.237E-09        128.212E-06  
              533.169             53.317E-09        128.423E-06  
              533.97              53.397E-09        128.563E-06  
              534.77              53.477E-09        128.804E-06  
              535.57              53.557E-09        129.E-06     
              536.37              53.637E-09        129.189E-06  
              537.169             53.717E-09        129.37E-06   
              537.97              53.797E-09        129.544E-06  
              538.77              53.877E-09        129.712E-06  
              539.57              53.957E-09        129.876E-06  
              540.37              54.037E-09        130.037E-06  
              541.169             54.117E-09        130.194E-06  
              541.97              54.197E-09        130.348E-06  
              542.77              54.277E-09        130.5E-06    
              543.57              54.357E-09        130.651E-06  
              544.37              54.437E-09        130.799E-06  
              545.169             54.517E-09        130.945E-06  
              545.97              54.597E-09        131.126E-06  
              546.77              54.6769E-09       131.245E-06  
              547.57              54.757E-09        131.381E-06  
              548.37              54.837E-09        131.52E-06   
              549.169             54.917E-09        131.659E-06  
              549.97              54.997E-09        131.798E-06  
              550.77              55.077E-09        131.936E-06  
              551.57              55.157E-09        132.07E-06   
              552.37              55.237E-09        132.213E-06  
              553.169             55.317E-09        132.352E-06  
              553.97              55.397E-09        132.489E-06  
              554.77              55.477E-09        132.633E-06  
              555.57              55.557E-09        132.793E-06  
              556.37              55.637E-09        132.949E-06  
              557.169             55.7169E-09       133.102E-06  
              557.97              55.797E-09        133.252E-06  
              558.77              55.877E-09        133.399E-06  
              559.57              55.957E-09        133.544E-06  
              560.37              56.037E-09        133.816E-06  
              561.169             56.117E-09        134.17E-06   
              561.97              56.197E-09        134.518E-06  
              562.77              56.277E-09        134.853E-06  
              563.57              56.357E-09        135.174E-06  
              564.37              56.437E-09        135.48E-06   
              565.169             56.517E-09        135.771E-06  
              565.97              56.597E-09        136.05E-06   
              566.77              56.677E-09        136.318E-06  
              567.57              56.757E-09        136.576E-06  
              568.37              56.837E-09        136.824E-06  
              569.169             56.917E-09        137.062E-06  
              569.97              56.997E-09        137.29E-06   
              570.77              57.077E-09        137.509E-06  
              571.57              57.157E-09        137.719E-06  
              572.37              57.237E-09        137.922E-06  
              573.169             57.317E-09        138.118E-06  
              573.97              57.397E-09        138.309E-06  
              574.77              57.477E-09        138.675E-06  
              575.57              57.557E-09        139.153E-06  
              576.37              57.637E-09        139.629E-06  
              577.169             57.717E-09        140.092E-06  
              577.97              57.797E-09        140.535E-06  
              578.77              57.877E-09        140.952E-06  
              579.57              57.957E-09        141.34E-06   
              580.37              58.037E-09        141.699E-06  
              581.169             58.117E-09        142.032E-06  
              581.97              58.197E-09        142.342E-06  
              582.77              58.277E-09        142.631E-06  
              583.57              58.357E-09        142.9E-06    
              584.37              58.437E-09        143.154E-06  
              585.169             58.517E-09        143.396E-06  
              585.97              58.597E-09        143.629E-06  
              586.77              58.677E-09        143.863E-06  
              587.57              58.757E-09        144.111E-06  
              588.37              58.837E-09        144.348E-06  
              589.169             58.917E-09        144.577E-06  
              589.97              58.997E-09        144.8E-06    
              590.77              59.077E-09        145.017E-06  
              591.57              59.157E-09        145.23E-06   
              592.37              59.237E-09        145.438E-06  
              593.169             59.317E-09        145.642E-06  
              593.97              59.397E-09        145.844E-06  
              594.77              59.477E-09        146.183E-06  
              595.57              59.557E-09        146.286E-06  
              596.37              59.637E-09        146.455E-06  
              597.169             59.7169E-09       146.636E-06  
              597.97              59.797E-09        146.821E-06  
              598.77              59.877E-09        147.005E-06  
              599.57              59.957E-09        147.189E-06  
              600.37              60.037E-09        147.371E-06  
              601.169             60.117E-09        147.553E-06  
              601.97              60.197E-09        147.733E-06  
              602.77              60.277E-09        147.911E-06  
              603.57              60.357E-09        148.088E-06  
              604.37              60.437E-09        148.264E-06  
              605.169             60.517E-09        148.461E-06  
              605.97              60.597E-09        148.677E-06  
              606.77              60.677E-09        148.888E-06  
              607.57              60.757E-09        149.094E-06  
              608.37              60.837E-09        149.295E-06  
              609.169             60.917E-09        149.492E-06  
              609.97              60.997E-09        149.685E-06  
              610.77              61.077E-09        149.875E-06  
              611.57              61.157E-09        150.062E-06  
              612.37              61.237E-09        150.247E-06  
              613.169             61.317E-09        150.429E-06  
              613.97              61.397E-09        150.609E-06  
              614.77              61.477E-09        150.787E-06  
              615.57              61.5569E-09       151.002E-06  
              616.37              61.637E-09        151.252E-06  
              617.169             61.717E-09        151.495E-06  
              617.97              61.797E-09        151.73E-06   
              618.77              61.877E-09        151.958E-06  
              619.57              61.957E-09        152.179E-06  
              620.37              62.037E-09        152.396E-06  
              621.169             62.117E-09        152.607E-06  
              621.97              62.197E-09        152.815E-06  
              622.77              62.277E-09        153.02E-06   
              623.57              62.3569E-09       153.222E-06  
              624.37              62.437E-09        153.421E-06  
              625.169             62.517E-09        153.618E-06  
              625.97              62.597E-09        153.812E-06  
              626.77              62.677E-09        154.005E-06  
              627.57              62.757E-09        154.195E-06  
              628.37              62.837E-09        154.383E-06  
              629.169             62.917E-09        154.57E-06   
              629.97              62.997E-09        154.755E-06  
              630.77              63.077E-09        154.938E-06  
              631.57              63.157E-09        155.12E-06   
              632.37              63.237E-09        155.3E-06    
              633.169             63.317E-09        155.478E-06  
              633.97              63.397E-09        155.655E-06  
              634.77              63.477E-09        155.83E-06   
              635.57              63.557E-09        156.003E-06  
              636.37              63.637E-09        156.174E-06  
              637.169             63.7169E-09       156.344E-06  
              637.97              63.797E-09        156.513E-06  
              638.77              63.877E-09        156.68E-06   
              639.57              63.957E-09        156.845E-06  
              640.37              64.037E-09        157.01E-06   
              641.169             64.117E-09        157.173E-06  
              641.97              64.197E-09        157.335E-06  
              642.77              64.2769E-09       157.497E-06  
              643.57              64.357E-09        157.657E-06  
              644.37              64.437E-09        157.816E-06  
              645.169             64.517E-09        157.973E-06  
              645.97              64.597E-09        158.13E-06   
              646.77              64.677E-09        158.287E-06  
              647.57              64.757E-09        158.442E-06  
              648.37              64.837E-09        158.596E-06  
              649.169             64.917E-09        158.749E-06  
              649.97              64.9969E-09       158.902E-06  
              650.77              65.077E-09        159.054E-06  
              651.57              65.157E-09        159.205E-06  
              652.37              65.237E-09        159.355E-06  
              653.169             65.317E-09        159.504E-06  
              653.97              65.397E-09        159.652E-06  
              654.77              65.477E-09        159.8E-06    
              655.57              65.557E-09        159.947E-06  
              656.37              65.637E-09        160.093E-06  
              657.169             65.7169E-09       160.239E-06  
              657.97              65.797E-09        160.384E-06  
              658.77              65.877E-09        160.528E-06  
              659.57              65.957E-09        160.671E-06  
              660.37              66.037E-09        160.814E-06  
              661.169             66.117E-09        160.956E-06  
              661.97              66.197E-09        161.098E-06  
              662.77              66.277E-09        161.239E-06  
              663.57              66.3569E-09       161.38E-06   
              664.37              66.437E-09        161.521E-06  
              665.169             66.517E-09        161.733E-06  
              665.97              66.597E-09        161.824E-06  
              666.77              66.677E-09        161.953E-06  
              667.57              66.757E-09        162.086E-06  
              668.37              66.837E-09        162.222E-06  
              669.169             66.9169E-09       162.359E-06  
              669.97              66.997E-09        162.496E-06  
              670.77              67.077E-09        162.633E-06  
              671.57              67.157E-09        162.771E-06  
              672.37              67.237E-09        162.908E-06  
              673.169             67.317E-09        163.046E-06  
              673.97              67.397E-09        163.183E-06  
              674.77              67.477E-09        163.321E-06  
              675.57              67.557E-09        163.458E-06  
              676.37              67.637E-09        163.595E-06  
              677.169             67.7169E-09       163.733E-06  
              677.97              67.797E-09        163.87E-06   
              678.77              67.877E-09        164.008E-06  
              679.57              67.957E-09        164.145E-06  
              680.37              68.037E-09        164.282E-06  
              681.169             68.117E-09        164.419E-06  
              681.97              68.197E-09        164.555E-06  
              682.77              68.277E-09        164.691E-06  
              683.57              68.357E-09        164.826E-06  
              684.37              68.437E-09        164.961E-06  
              685.169             68.5169E-09       165.187E-06  
              685.97              68.597E-09        165.289E-06  
              686.77              68.677E-09        165.443E-06  
              687.57              68.757E-09        165.6E-06    
              688.37              68.837E-09        165.757E-06  
              689.169             68.917E-09        165.913E-06  
              689.97              68.9969E-09       166.068E-06  
              690.77              69.077E-09        166.221E-06  
              691.57              69.157E-09        166.373E-06  
              692.37              69.2369E-09       166.524E-06  
              693.169             69.317E-09        166.674E-06  
              693.97              69.397E-09        166.823E-06  
              694.77              69.477E-09        166.901E-06  
              695.57              69.557E-09        167.076E-06  
              696.37              69.637E-09        167.228E-06  
              697.169             69.7169E-09       167.38E-06   
              697.97              69.797E-09        167.529E-06  
              698.77              69.877E-09        167.677E-06  
              699.57              69.957E-09        167.823E-06  
              700.37              70.037E-09        167.968E-06  
              701.169             70.117E-09        168.113E-06  
              701.97              70.197E-09        168.281E-06  
              702.77              70.277E-09        168.45E-06   
              703.57              70.3569E-09       168.618E-06  
              704.37              70.437E-09        168.784E-06  
              705.169             70.517E-09        168.948E-06  
              705.97              70.5969E-09       169.11E-06   
              706.77              70.677E-09        169.27E-06   
              707.57              70.757E-09        169.428E-06  
              708.37              70.837E-09        169.585E-06  
              709.169             70.917E-09        169.741E-06  
              709.97              70.997E-09        169.896E-06  
              710.77              71.077E-09        170.05E-06   
              711.57              71.157E-09        170.204E-06  
              712.37              71.237E-09        170.356E-06  
              713.169             71.317E-09        170.508E-06  
              713.97              71.397E-09        170.66E-06   
              714.77              71.477E-09        170.811E-06  
              715.57              71.557E-09        170.962E-06  
              716.37              71.637E-09        171.112E-06  
              717.169             71.717E-09        171.262E-06  
              717.97              71.797E-09        171.411E-06  
              718.77              71.877E-09        171.561E-06  
              719.57              71.9569E-09       171.709E-06  
              720.37              72.037E-09        171.858E-06  
              721.169             72.117E-09        172.006E-06  
              721.97              72.197E-09        172.154E-06  
              722.77              72.277E-09        172.302E-06  
              723.57              72.357E-09        172.428E-06  
              724.37              72.437E-09        172.585E-06  
              725.169             72.517E-09        172.737E-06  
              725.97              72.597E-09        172.887E-06  
              726.77              72.677E-09        173.037E-06  
              727.57              72.757E-09        173.185E-06  
              728.37              72.837E-09        173.334E-06  
              729.169             72.917E-09        173.481E-06  
              729.97              72.9969E-09       173.629E-06  
              730.77              73.077E-09        173.776E-06  
              731.57              73.157E-09        173.924E-06  
              732.37              73.2369E-09       174.071E-06  
              733.169             73.317E-09        174.218E-06  
              733.97              73.397E-09        174.365E-06  
              734.77              73.477E-09        174.512E-06  
              735.57              73.557E-09        174.659E-06  
              736.37              73.637E-09        174.805E-06  
              737.169             73.717E-09        174.952E-06  
              737.97              73.797E-09        175.098E-06  
              738.77              73.877E-09        175.244E-06  
              739.57              73.957E-09        175.39E-06   
              740.37              74.037E-09        175.537E-06  
              741.169             74.117E-09        175.693E-06  
              741.97              74.197E-09        175.831E-06  
              742.77              74.277E-09        175.976E-06  
              743.57              74.357E-09        176.121E-06  
              744.37              74.437E-09        176.266E-06  
              745.169             74.517E-09        176.412E-06  
              745.97              74.5969E-09       176.557E-06  
              746.77              74.677E-09        176.703E-06  
              747.57              74.757E-09        176.848E-06  
              748.37              74.837E-09        176.994E-06  
              749.169             74.917E-09        177.139E-06  
              749.97              74.997E-09        177.285E-06  
              750.77              75.077E-09        177.432E-06  
              751.57              75.157E-09        177.599E-06  
              752.37              75.237E-09        177.84E-06   
              753.169             75.3169E-09       178.074E-06  
              753.97              75.397E-09        178.301E-06  
              754.77              75.477E-09        178.522E-06  
              755.57              75.557E-09        178.736E-06  
              756.37              75.637E-09        178.946E-06  
              757.169             75.717E-09        179.15E-06   
              757.97              75.797E-09        179.35E-06   
              758.77              75.877E-09        179.547E-06  
              759.57              75.957E-09        179.741E-06  
              760.37              76.0369E-09       179.931E-06  
              761.169             76.117E-09        180.119E-06  
              761.97              76.197E-09        180.305E-06  
              762.77              76.277E-09        180.489E-06  
              763.57              76.357E-09        180.671E-06  
              764.37              76.437E-09        180.851E-06  
              765.169             76.517E-09        181.03E-06   
              765.97              76.597E-09        181.207E-06  
              766.77              76.6769E-09       181.382E-06  
              767.57              76.757E-09        181.556E-06  
              768.37              76.837E-09        181.729E-06  
              769.169             76.917E-09        181.901E-06  
              769.97              76.997E-09        182.071E-06  
              770.77              77.077E-09        182.241E-06  
              771.57              77.157E-09        182.409E-06  
              772.37              77.237E-09        182.576E-06  
              773.169             77.317E-09        182.743E-06  
              773.97              77.3969E-09       182.909E-06  
              774.77              77.477E-09        183.075E-06  
              775.57              77.557E-09        183.24E-06   
              776.37              77.637E-09        183.404E-06  
              777.169             77.717E-09        183.568E-06  
              777.97              77.797E-09        183.731E-06  
              778.77              77.877E-09        183.894E-06  
              779.57              77.957E-09        184.057E-06  
              780.37              78.0369E-09       184.219E-06  
              781.169             78.117E-09        184.381E-06  
              781.97              78.197E-09        184.543E-06  
              782.77              78.277E-09        184.704E-06  
              783.57              78.357E-09        184.866E-06  
              784.37              78.437E-09        185.027E-06  
              785.169             78.517E-09        185.187E-06  
              785.97              78.5969E-09       185.347E-06  
              786.77              78.677E-09        185.507E-06  
              787.57              78.757E-09        185.667E-06  
              788.37              78.837E-09        185.827E-06  
              789.169             78.917E-09        185.986E-06  
              789.97              78.997E-09        186.146E-06  
              790.77              79.077E-09        186.305E-06  
              791.57              79.157E-09        186.465E-06  
              792.37              79.237E-09        186.624E-06  
              793.169             79.3169E-09       186.782E-06  
              793.97              79.397E-09        186.941E-06  
              794.77              79.477E-09        187.1E-06    
              795.57              79.557E-09        187.259E-06  
              796.37              79.637E-09        187.418E-06  
              797.169             79.717E-09        187.577E-06  
              797.97              79.797E-09        187.736E-06  
              798.77              79.877E-09        187.895E-06  
              799.57              79.957E-09        188.055E-06  
              800.37              80.037E-09        188.214E-06  
              801.169             80.117E-09        188.374E-06  
              801.97              80.197E-09        188.533E-06  
              802.77              80.277E-09        188.692E-06  
              803.57              80.357E-09        188.851E-06  
              804.37              80.437E-09        189.009E-06  
              805.169             80.517E-09        189.168E-06  
              805.97              80.597E-09        189.327E-06  
              806.77              80.6769E-09       189.486E-06  
              807.57              80.757E-09        189.644E-06  
              808.37              80.837E-09        189.803E-06  
              809.169             80.917E-09        189.962E-06  
              809.97              80.997E-09        190.12E-06   
              810.77              81.077E-09        190.279E-06  
              811.57              81.157E-09        190.438E-06  
              812.37              81.237E-09        190.597E-06  
              813.169             81.317E-09        190.756E-06  
              813.97              81.3969E-09       190.915E-06  
              814.77              81.477E-09        191.074E-06  
              815.57              81.557E-09        191.233E-06  
              816.37              81.637E-09        191.392E-06  
              817.169             81.717E-09        191.55E-06   
              817.97              81.797E-09        191.709E-06  
              818.77              81.877E-09        191.868E-06  
              819.57              81.957E-09        192.027E-06  
              820.37              82.0369E-09       192.186E-06  
              821.169             82.117E-09        192.346E-06  
              821.97              82.197E-09        192.505E-06  
              822.77              82.277E-09        192.665E-06  
              823.57              82.357E-09        192.824E-06  
              824.37              82.437E-09        192.984E-06  
              825.169             82.517E-09        193.144E-06  
              825.97              82.597E-09        193.305E-06  
              826.77              82.677E-09        193.465E-06  
              827.57              82.757E-09        193.625E-06  
              828.37              82.837E-09        193.786E-06  
              829.169             82.917E-09        193.947E-06  
              829.97              82.997E-09        194.107E-06  
              830.77              83.077E-09        194.268E-06  
              831.57              83.157E-09        194.429E-06  
              832.37              83.237E-09        194.59E-06   
              833.169             83.317E-09        194.752E-06  
              833.97              83.397E-09        194.913E-06  
              834.77              83.477E-09        195.074E-06  
              835.57              83.557E-09        195.236E-06  
              836.37              83.637E-09        195.397E-06  
              837.169             83.717E-09        195.559E-06  
              837.97              83.797E-09        195.72E-06   
              838.77              83.877E-09        195.882E-06  
              839.57              83.957E-09        196.044E-06  
              840.37              84.037E-09        196.206E-06  
              841.169             84.117E-09        196.368E-06  
              841.97              84.197E-09        196.53E-06   
              842.77              84.277E-09        196.693E-06  
              843.57              84.357E-09        196.856E-06  
              844.37              84.437E-09        197.019E-06  
              845.169             84.517E-09        197.182E-06  
              845.97              84.597E-09        197.345E-06  
              846.77              84.6769E-09       197.509E-06  
              847.57              84.757E-09        197.672E-06  
              848.37              84.837E-09        197.836E-06  
              849.169             84.9169E-09       197.999E-06  
              849.97              84.997E-09        198.163E-06  
              850.77              85.077E-09        198.327E-06  
              851.57              85.157E-09        198.517E-06  
              852.37              85.237E-09        198.747E-06  
              853.169             85.317E-09        198.976E-06  
              853.97              85.3969E-09       199.201E-06  
              854.77              85.477E-09        199.422E-06  
              855.57              85.557E-09        199.639E-06  
              856.37              85.637E-09        199.852E-06  
              857.169             85.717E-09        200.061E-06  
              857.97              85.797E-09        200.267E-06  
              858.77              85.877E-09        200.471E-06  
              859.57              85.957E-09        200.672E-06  
              860.37              86.037E-09        200.871E-06  
              861.169             86.117E-09        201.067E-06  
              861.97              86.197E-09        201.262E-06  
              862.77              86.2769E-09       201.293E-06  
              863.57              86.357E-09        201.6E-06    
              864.37              86.437E-09        201.782E-06  
              865.169             86.517E-09        201.979E-06  
              865.97              86.597E-09        202.174E-06  
              866.77              86.677E-09        202.463E-06  
              867.57              86.757E-09        202.775E-06  
              868.37              86.837E-09        203.078E-06  
              869.169             86.917E-09        203.373E-06  
              869.97              86.997E-09        203.657E-06  
              870.77              87.077E-09        203.931E-06  
              871.57              87.157E-09        204.194E-06  
              872.37              87.237E-09        204.448E-06  
              873.169             87.317E-09        204.696E-06  
              873.97              87.397E-09        204.937E-06  
              874.77              87.477E-09        205.173E-06  
              875.57              87.557E-09        205.404E-06  
              876.37              87.637E-09        205.631E-06  
              877.169             87.717E-09        205.854E-06  
              877.97              87.797E-09        206.074E-06  
              878.77              87.877E-09        206.308E-06  
              879.57              87.957E-09        206.604E-06  
              880.37              88.037E-09        206.889E-06  
              881.169             88.117E-09        207.166E-06  
              881.97              88.197E-09        207.577E-06  
              882.77              88.277E-09        208.023E-06  
              883.57              88.357E-09        208.47E-06   
              884.37              88.437E-09        208.892E-06  
              885.169             88.517E-09        209.299E-06  
              885.97              88.597E-09        209.687E-06  
              886.77              88.677E-09        210.058E-06  
              887.57              88.757E-09        210.414E-06  
              888.37              88.837E-09        210.758E-06  
              889.169             88.9169E-09       211.091E-06  
              889.97              88.997E-09        211.414E-06  
              890.77              89.077E-09        211.727E-06  
              891.57              89.157E-09        212.032E-06  
              892.37              89.237E-09        212.328E-06  
              893.169             89.317E-09        212.618E-06  
              893.97              89.397E-09        212.901E-06  
              894.77              89.477E-09        213.178E-06  
              895.57              89.557E-09        213.451E-06  
              896.37              89.637E-09        213.719E-06  
              897.169             89.7169E-09       213.984E-06  
              897.97              89.797E-09        214.244E-06  
              898.77              89.877E-09        214.502E-06  
              899.57              89.957E-09        214.761E-06  
              900.37              90.037E-09        215.044E-06  
              901.169             90.117E-09        215.325E-06  
              901.97              90.197E-09        215.663E-06  
              902.77              90.277E-09        215.921E-06  
              903.57              90.357E-09        216.183E-06  
              904.37              90.437E-09        216.446E-06  
              905.169             90.517E-09        216.708E-06  
              905.97              90.597E-09        216.967E-06  
              906.77              90.677E-09        217.224E-06  
              907.57              90.757E-09        217.479E-06  
              908.37              90.837E-09        217.731E-06  
              909.169             90.917E-09        217.982E-06  
              909.97              90.9969E-09       218.231E-06  
              910.77              91.077E-09        218.478E-06  
              911.57              91.157E-09        218.723E-06  
              912.37              91.237E-09        218.966E-06  
              913.169             91.317E-09        219.208E-06  
              913.97              91.397E-09        219.448E-06  
              914.77              91.477E-09        219.793E-06  
              915.57              91.557E-09        220.211E-06  
              916.37              91.637E-09        220.63E-06   
              917.169             91.7169E-09       221.041E-06  
              917.97              91.797E-09        221.437E-06  
              918.77              91.877E-09        221.814E-06  
              919.57              91.957E-09        222.176E-06  
              920.37              92.037E-09        222.525E-06  
              921.169             92.117E-09        222.862E-06  
              921.97              92.197E-09        223.19E-06   
              922.77              92.277E-09        223.509E-06  
              923.57              92.3569E-09       223.82E-06   
              924.37              92.437E-09        224.125E-06  
              925.169             92.517E-09        224.422E-06  
              925.97              92.597E-09        224.714E-06  
              926.77              92.677E-09        225.E-06     
              927.57              92.757E-09        225.281E-06  
              928.37              92.837E-09        225.559E-06  
              929.169             92.917E-09        225.832E-06  
              929.97              92.997E-09        226.101E-06  
              930.77              93.077E-09        226.366E-06  
              931.57              93.157E-09        226.633E-06  
              932.37              93.237E-09        226.895E-06  
              933.169             93.317E-09        227.154E-06  
              933.97              93.397E-09        227.411E-06  
              934.77              93.477E-09        227.667E-06  
              935.57              93.557E-09        227.919E-06  
              936.37              93.637E-09        228.17E-06   
              937.169             93.717E-09        228.419E-06  
              937.97              93.797E-09        228.667E-06  
              938.77              93.877E-09        228.912E-06  
              939.57              93.957E-09        229.157E-06  
              940.37              94.037E-09        229.4E-06    
              941.169             94.117E-09        229.641E-06  
              941.97              94.197E-09        229.882E-06  
              942.77              94.277E-09        230.121E-06  
              943.57              94.357E-09        230.359E-06  
              944.37              94.437E-09        230.597E-06  
              945.169             94.517E-09        230.833E-06  
              945.97              94.597E-09        231.068E-06  
              946.77              94.677E-09        231.302E-06  
              947.57              94.757E-09        231.536E-06  
              948.37              94.837E-09        231.768E-06  
              949.169             94.917E-09        232.E-06     
              949.97              94.9969E-09       232.231E-06  
              950.77              95.077E-09        232.461E-06  
              951.57              95.157E-09        232.692E-06  
              952.37              95.237E-09        232.921E-06  
              953.169             95.317E-09        233.151E-06  
              953.97              95.397E-09        233.379E-06  
              954.77              95.477E-09        233.608E-06  
              955.57              95.557E-09        233.836E-06  
              956.37              95.637E-09        234.063E-06  
              957.169             95.7169E-09       234.29E-06   
              957.97              95.797E-09        234.517E-06  
              958.77              95.877E-09        234.742E-06  
              959.57              95.957E-09        234.967E-06  
              960.37              96.037E-09        235.191E-06  
              961.169             96.117E-09        235.415E-06  
              961.97              96.197E-09        235.676E-06  
              962.77              96.277E-09        235.885E-06  
              963.57              96.357E-09        236.099E-06  
              964.37              96.437E-09        236.317E-06  
              965.169             96.517E-09        236.535E-06  
              965.97              96.597E-09        236.754E-06  
              966.77              96.677E-09        236.974E-06  
              967.57              96.757E-09        237.193E-06  
              968.37              96.837E-09        237.412E-06  
              969.169             96.917E-09        237.631E-06  
              969.97              96.997E-09        237.85E-06   
              970.77              97.077E-09        238.069E-06  
              971.57              97.157E-09        238.287E-06  
              972.37              97.237E-09        238.506E-06  
              973.169             97.317E-09        238.724E-06  
              973.97              97.397E-09        238.941E-06  
              974.77              97.477E-09        239.158E-06  
              975.57              97.557E-09        239.375E-06  
              976.37              97.637E-09        239.591E-06  
              977.169             97.717E-09        239.806E-06  
              977.97              97.797E-09        240.021E-06  
              978.77              97.877E-09        240.235E-06  
              979.57              97.957E-09        240.449E-06  
              980.37              98.037E-09        240.662E-06  
              981.169             98.117E-09        240.874E-06  
              981.97              98.197E-09        241.086E-06  
              982.77              98.277E-09        241.297E-06  
              983.57              98.357E-09        241.507E-06  
              984.37              98.437E-09        241.717E-06  
              985.169             98.517E-09        241.926E-06  
              985.97              98.597E-09        242.135E-06  
              986.77              98.677E-09        242.3E-06    
              987.57              98.757E-09        242.531E-06  
              988.37              98.837E-09        242.747E-06  
              989.169             98.917E-09        242.96E-06   
              989.97              98.997E-09        243.17E-06   
              990.77              99.077E-09        243.379E-06  
              991.57              99.157E-09        243.587E-06  
              992.37              99.237E-09        243.793E-06  
              993.169             99.317E-09        243.999E-06  
              993.97              99.397E-09        244.205E-06  
              994.77              99.477E-09        244.409E-06  
              995.57              99.557E-09        244.613E-06  
              996.37              99.637E-09        244.817E-06  
              997.169             99.717E-09        245.019E-06  
              997.97              99.797E-09        245.222E-06  
              998.77              99.877E-09        245.424E-06  
              999.57              99.957E-09        245.625E-06  
                1.00037E+03      100.E-09           243.938E-06  
                1.00117E+03      100.E-09           240.351E-06  
                1.00197E+03      100.E-09           237.475E-06  
                1.00197E+03      100.E-09           273.03E-09   




