
                  X             Displacement          Force      

                0.                -0.                 0.         
                1.E-03           100.E-15             1.12305E-09
                2.E-03           200.E-15           705.781E-12  
                3.5E-03          350.E-15            70.4427E-12 
                5.75E-03         575.E-15             5.55354E-12
                9.125E-03        912.5E-15          545.344E-15  
               14.1875E-03         1.41875E-12       54.4662E-15 
               21.7812E-03         2.17813E-12        5.44649E-15
               33.1719E-03         3.31719E-12      544.604E-18  
               50.2578E-03         5.02578E-12       54.4593E-18 
               75.8867E-03         7.58867E-12        5.44559E-18
              114.33E-03          11.433E-12        544.533E-21  
              171.995E-03         17.1995E-12        54.4481E-21 
              258.493E-03         25.8493E-12         5.44419E-21
              388.239E-03         38.8239E-12       544.35E-24   
              582.859E-03         58.2859E-12        54.4247E-24 
              874.788E-03         87.4788E-12         5.44088E-24
                1.31268          131.268E-12        543.85E-27   
                1.96952          196.952E-12         54.3494E-27 
                2.76952          276.952E-12          5.43059E-27
                3.56952          356.952E-12        542.625E-30  
                4.36952          436.952E-12         54.219E-30  
                5.16952          516.952E-12          5.41756E-30
                5.96952          596.952E-12        541.322E-33  
                6.76952          676.952E-12         54.0888E-33 
                7.56952          756.952E-12          5.40453E-33
                8.36952          836.952E-12        540.019E-36  
                9.16952          916.952E-12         53.9585E-36 
                9.96952          996.952E-12        411.121E-09  
               10.7695             1.07695E-09        1.16265E-06
               11.5695             1.15695E-09        1.91364E-06
               12.3695             1.23695E-09        2.66366E-06
               13.1695             1.31695E-09        3.35567E-06
               13.9695             1.39695E-09        3.97018E-06
               14.7695             1.47695E-09        4.43405E-06
               15.5695             1.55695E-09        4.77475E-06
               16.3695             1.63695E-09        5.0651E-06 
               17.1695             1.71695E-09        5.33089E-06
               17.9695             1.79695E-09        5.57262E-06
               18.7695             1.87695E-09        5.78988E-06
               19.5695             1.95695E-09        5.98413E-06
               20.3695             2.03695E-09        6.1591E-06 
               21.1695             2.11695E-09        6.31649E-06
               21.9695             2.19695E-09        6.46036E-06
               22.7695             2.27695E-09        6.59468E-06
               23.5695             2.35695E-09        6.72055E-06
               24.3695             2.43695E-09        6.84036E-06
               25.1695             2.51695E-09        6.95461E-06
               25.9695             2.59695E-09        7.0635E-06 
               26.7695             2.67695E-09        7.16808E-06
               27.5695             2.75695E-09        7.2682E-06 
               28.3695             2.83695E-09        7.36422E-06
               29.1695             2.91695E-09        7.45671E-06
               29.9695             2.99695E-09        7.54615E-06
               30.7695             3.07695E-09        7.63237E-06
               31.5695             3.15695E-09        7.71524E-06
               32.3695             3.23695E-09        7.79506E-06
               33.1695             3.31695E-09        7.87188E-06
               33.9695             3.39695E-09        7.94531E-06
               34.7695             3.47695E-09        8.01552E-06
               35.5695             3.55695E-09        8.08284E-06
               36.3695             3.63695E-09        8.14728E-06
               37.1695             3.71695E-09        8.20874E-06
               37.9695             3.79695E-09        8.26718E-06
               38.7695             3.87695E-09        8.32259E-06
               39.5695             3.95695E-09        8.37511E-06
               40.3695             4.03695E-09        8.42497E-06
               41.1695             4.11695E-09        8.47246E-06
               41.9695             4.19695E-09        8.51779E-06
               42.7695             4.27695E-09        8.56114E-06
               43.5695             4.35695E-09        8.6027E-06 
               44.3695             4.43695E-09        8.64257E-06
               45.1695             4.51695E-09        8.68077E-06
               45.9695             4.59695E-09        8.71741E-06
               46.7695             4.67695E-09        8.7526E-06 
               47.5695             4.75695E-09        8.78645E-06
               48.3695             4.83695E-09        8.8191E-06 
               49.1695             4.91695E-09        8.85071E-06
               49.9695             4.99695E-09        8.88137E-06
               50.7695             5.07695E-09        8.91116E-06
               51.5695             5.15695E-09        8.94012E-06
               52.3695             5.23695E-09        8.96825E-06
               53.1695             5.31695E-09        8.9956E-06 
               53.9695             5.39695E-09        9.02222E-06
               54.7695             5.47695E-09        9.04818E-06
               55.5695             5.55695E-09        9.07352E-06
               56.3695             5.63695E-09        9.09829E-06
               57.1695             5.71695E-09        9.1225E-06 
               57.9695             5.79695E-09        9.14619E-06
               58.7695             5.87695E-09        9.16939E-06
               59.5695             5.95695E-09        9.1921E-06 
               60.3695             6.03695E-09        9.52931E-06
               61.1695             6.11695E-09       10.3944E-06 
               61.9695             6.19695E-09       11.3652E-06 
               62.7695             6.27695E-09       12.4725E-06 
               63.5695             6.35695E-09       13.9361E-06 
               64.3695             6.43695E-09       15.3552E-06 
               65.1695             6.51695E-09       16.6978E-06 
               65.9695             6.59695E-09       17.9538E-06 
               66.7695             6.67695E-09       19.1193E-06 
               67.5695             6.75695E-09       20.1915E-06 
               68.3695             6.83695E-09       21.1637E-06 
               69.1695             6.91695E-09       22.0395E-06 
               69.9695             6.99695E-09       22.8311E-06 
               70.7695             7.07695E-09       23.5415E-06 
               71.5695             7.15695E-09       24.1746E-06 
               72.3695             7.23695E-09       24.7467E-06 
               73.1695             7.31695E-09       25.2694E-06 
               73.9695             7.39695E-09       25.7485E-06 
               74.7695             7.47695E-09       26.1877E-06 
               75.5695             7.55695E-09       26.5911E-06 
               76.3695             7.63695E-09       26.9636E-06 
               77.1695             7.71695E-09       27.3093E-06 
               77.9695             7.79695E-09       27.6315E-06 
               78.7695             7.87695E-09       27.9335E-06 
               79.5695             7.95695E-09       28.2178E-06 
               80.3695             8.03695E-09       28.4855E-06 
               81.1695             8.11695E-09       28.7375E-06 
               81.9695             8.19695E-09       28.9754E-06 
               82.7695             8.27695E-09       29.2009E-06 
               83.5695             8.35695E-09       29.4153E-06 
               84.3695             8.43695E-09       29.6198E-06 
               85.1695             8.51695E-09       29.8151E-06 
               85.9695             8.59695E-09       30.0018E-06 
               86.7695             8.67695E-09       30.1805E-06 
               87.5695             8.75695E-09       30.3517E-06 
               88.3695             8.83695E-09       30.5158E-06 
               89.1695             8.91695E-09       30.6734E-06 
               89.9695             8.99695E-09       30.8249E-06 
               90.7695             9.07695E-09       30.9706E-06 
               91.5695             9.15695E-09       31.111E-06  
               92.3695             9.23695E-09       31.2465E-06 
               93.1695             9.31695E-09       31.3775E-06 
               93.9695             9.39695E-09       31.5044E-06 
               94.7695             9.47695E-09       31.6276E-06 
               95.5695             9.55695E-09       31.7471E-06 
               96.3695             9.63695E-09       31.8632E-06 
               97.1695             9.71695E-09       31.9761E-06 
               97.9695             9.79695E-09       32.086E-06  
               98.7695             9.87695E-09       32.1929E-06 
               99.5695             9.95695E-09       32.297E-06  
              100.37              10.037E-09         32.3985E-06 
              101.17              10.117E-09         32.4976E-06 
              101.97              10.197E-09         32.5943E-06 
              102.77              10.277E-09         32.6888E-06 
              103.57              10.357E-09         32.7811E-06 
              104.37              10.437E-09         32.8714E-06 
              105.17              10.517E-09         32.9598E-06 
              105.97              10.597E-09         33.0464E-06 
              106.77              10.677E-09         33.1311E-06 
              107.57              10.757E-09         33.2142E-06 
              108.37              10.837E-09         33.2956E-06 
              109.17              10.917E-09         33.3754E-06 
              109.97              10.997E-09         33.4537E-06 
              110.77              11.077E-09         33.5305E-06 
              111.57              11.157E-09         33.6327E-06 
              112.37              11.237E-09         33.934E-06  
              113.17              11.317E-09         34.2204E-06 
              113.97              11.397E-09         34.6093E-06 
              114.77              11.477E-09         35.1749E-06 
              115.57              11.557E-09         35.7161E-06 
              116.37              11.637E-09         36.2181E-06 
              117.17              11.717E-09         36.6693E-06 
              117.97              11.797E-09         37.1437E-06 
              118.77              11.877E-09         37.8546E-06 
              119.57              11.957E-09         38.7591E-06 
              120.37              12.037E-09         39.6146E-06 
              121.17              12.117E-09         40.4076E-06 
              121.97              12.197E-09         41.1422E-06 
              122.77              12.277E-09         41.8199E-06 
              123.57              12.357E-09         42.443E-06  
              124.37              12.437E-09         43.0174E-06 
              125.17              12.517E-09         43.5425E-06 
              125.97              12.597E-09         44.0139E-06 
              126.77              12.677E-09         44.4387E-06 
              127.57              12.757E-09         44.826E-06  
              128.37              12.837E-09         45.18E-06   
              129.17              12.917E-09         45.5051E-06 
              129.97              12.997E-09         45.8048E-06 
              130.77              13.077E-09         46.0816E-06 
              131.57              13.157E-09         46.3382E-06 
              132.37              13.237E-09         46.5775E-06 
              133.17              13.317E-09         46.8015E-06 
              133.97              13.397E-09         47.0121E-06 
              134.77              13.477E-09         47.2111E-06 
              135.57              13.557E-09         47.3995E-06 
              136.37              13.637E-09         47.5783E-06 
              137.17              13.717E-09         47.7486E-06 
              137.97              13.797E-09         47.9115E-06 
              138.77              13.877E-09         48.0679E-06 
              139.57              13.957E-09         48.2187E-06 
              140.37              14.037E-09         48.3646E-06 
              141.17              14.117E-09         48.5062E-06 
              141.97              14.197E-09         48.6439E-06 
              142.77              14.277E-09         48.7779E-06 
              143.57              14.357E-09         48.9086E-06 
              144.37              14.437E-09         49.0361E-06 
              145.17              14.517E-09         49.1606E-06 
              145.97              14.597E-09         49.2822E-06 
              146.77              14.677E-09         49.4012E-06 
              147.57              14.757E-09         49.5177E-06 
              148.37              14.837E-09         49.6316E-06 
              149.17              14.917E-09         49.7432E-06 
              149.97              14.997E-09         49.8526E-06 
              150.77              15.077E-09         49.9599E-06 
              151.57              15.157E-09         50.0653E-06 
              152.37              15.237E-09         50.1687E-06 
              153.17              15.317E-09         50.2702E-06 
              153.97              15.397E-09         50.3701E-06 
              154.77              15.477E-09         50.4684E-06 
              155.57              15.557E-09         50.5653E-06 
              156.37              15.637E-09         50.6607E-06 
              157.17              15.717E-09         50.7549E-06 
              157.97              15.797E-09         50.8478E-06 
              158.77              15.877E-09         50.9393E-06 
              159.57              15.957E-09         51.0294E-06 
              160.37              16.037E-09         51.1183E-06 
              161.17              16.117E-09         51.2062E-06 
              161.97              16.197E-09         51.293E-06  
              162.77              16.277E-09         51.3787E-06 
              163.57              16.357E-09         51.4634E-06 
              164.37              16.437E-09         51.5469E-06 
              165.17              16.517E-09         51.6295E-06 
              165.97              16.597E-09         51.7113E-06 
              166.77              16.677E-09         51.7923E-06 
              167.57              16.757E-09         51.8727E-06 
              168.37              16.837E-09         51.9524E-06 
              169.17              16.917E-09         52.0313E-06 
              169.97              16.997E-09         52.1094E-06 
              170.77              17.077E-09         52.187E-06  
              171.57              17.157E-09         52.264E-06  
              172.37              17.237E-09         52.3404E-06 
              173.17              17.317E-09         52.4163E-06 
              173.97              17.397E-09         52.4916E-06 
              174.77              17.477E-09         52.5664E-06 
              175.57              17.557E-09         52.6407E-06 
              176.37              17.637E-09         52.7146E-06 
              177.17              17.717E-09         52.7881E-06 
              177.97              17.797E-09         52.8611E-06 
              178.77              17.877E-09         52.9336E-06 
              179.57              17.957E-09         53.0057E-06 
              180.37              18.037E-09         53.0773E-06 
              181.17              18.117E-09         53.1484E-06 
              181.97              18.197E-09         53.2189E-06 
              182.77              18.277E-09         53.2889E-06 
              183.57              18.357E-09         53.3584E-06 
              184.37              18.437E-09         53.4275E-06 
              185.17              18.517E-09         53.4962E-06 
              185.97              18.597E-09         53.5644E-06 
              186.77              18.677E-09         53.6323E-06 
              187.57              18.757E-09         53.6998E-06 
              188.37              18.837E-09         53.7669E-06 
              189.17              18.917E-09         53.8337E-06 
              189.97              18.997E-09         53.9002E-06 
              190.77              19.077E-09         53.9662E-06 
              191.57              19.157E-09         54.032E-06  
              192.37              19.237E-09         54.0974E-06 
              193.17              19.317E-09         54.1626E-06 
              193.97              19.397E-09         54.2276E-06 
              194.77              19.477E-09         54.2923E-06 
              195.57              19.557E-09         54.3567E-06 
              196.37              19.637E-09         54.4209E-06 
              197.17              19.717E-09         54.4848E-06 
              197.97              19.797E-09         54.5484E-06 
              198.77              19.877E-09         54.6118E-06 
              199.57              19.957E-09         54.6752E-06 
              200.37              20.037E-09         54.7382E-06 
              201.17              20.117E-09         54.8011E-06 
              201.97              20.197E-09         54.8641E-06 
              202.77              20.277E-09         54.9271E-06 
              203.57              20.357E-09         54.9899E-06 
              204.37              20.437E-09         55.0525E-06 
              205.17              20.517E-09         55.1148E-06 
              205.97              20.597E-09         55.177E-06  
              206.77              20.677E-09         55.2389E-06 
              207.57              20.757E-09         55.3006E-06 
              208.37              20.837E-09         55.3621E-06 
              209.17              20.917E-09         55.4236E-06 
              209.97              20.997E-09         55.4849E-06 
              210.77              21.077E-09         55.5461E-06 
              211.57              21.157E-09         55.6072E-06 
              212.37              21.237E-09         55.6682E-06 
              213.17              21.317E-09         55.7292E-06 
              213.97              21.397E-09         55.7903E-06 
              214.77              21.477E-09         55.8516E-06 
              215.57              21.557E-09         55.9128E-06 
              216.37              21.637E-09         55.9741E-06 
              217.17              21.717E-09         56.0355E-06 
              217.97              21.797E-09         56.0967E-06 
              218.77              21.877E-09         56.158E-06  
              219.57              21.957E-09         56.5732E-06 
              220.37              22.037E-09         57.0441E-06 
              221.17              22.117E-09         57.4855E-06 
              221.97              22.197E-09         57.9042E-06 
              222.77              22.277E-09         58.3008E-06 
              223.57              22.357E-09         58.674E-06  
              224.37              22.437E-09         59.019E-06  
              225.17              22.517E-09         59.3318E-06 
              225.97              22.597E-09         59.6069E-06 
              226.77              22.677E-09         59.8479E-06 
              227.57              22.757E-09         60.063E-06  
              228.37              22.837E-09         60.2579E-06 
              229.17              22.917E-09         60.4368E-06 
              229.97              22.997E-09         60.6029E-06 
              230.77              23.077E-09         60.7591E-06 
              231.57              23.157E-09         60.9075E-06 
              232.37              23.237E-09         61.0486E-06 
              233.17              23.317E-09         61.1827E-06 
              233.97              23.397E-09         61.4136E-06 
              234.77              23.477E-09         61.8678E-06 
              235.57              23.557E-09         62.3276E-06 
              236.37              23.637E-09         62.762E-06  
              237.17              23.717E-09         63.1683E-06 
              237.97              23.797E-09         63.5369E-06 
              238.77              23.877E-09         63.8711E-06 
              239.57              23.957E-09         64.1781E-06 
              240.37              24.037E-09         64.4604E-06 
              241.17              24.117E-09         64.7178E-06 
              241.97              24.197E-09         64.9524E-06 
              242.77              24.277E-09         65.1679E-06 
              243.57              24.357E-09         65.3801E-06 
              244.37              24.437E-09         65.7033E-06 
              245.17              24.517E-09         66.013E-06  
              245.97              24.597E-09         66.3032E-06 
              246.77              24.677E-09         66.5748E-06 
              247.57              24.757E-09         66.8282E-06 
              248.37              24.837E-09         67.0653E-06 
              249.17              24.917E-09         67.2884E-06 
              249.97              24.997E-09         67.4998E-06 
              250.77              25.077E-09         67.7009E-06 
              251.57              25.157E-09         67.8931E-06 
              252.37              25.237E-09         68.0764E-06 
              253.17              25.317E-09         68.2514E-06 
              253.97              25.397E-09         68.4194E-06 
              254.77              25.477E-09         68.5812E-06 
              255.57              25.557E-09         68.7363E-06 
              256.37              25.637E-09         68.8851E-06 
              257.17              25.717E-09         69.0282E-06 
              257.97              25.797E-09         69.1664E-06 
              258.77              25.877E-09         69.3004E-06 
              259.57              25.957E-09         69.4305E-06 
              260.37              26.037E-09         69.5572E-06 
              261.17              26.117E-09         69.681E-06  
              261.97              26.197E-09         69.8022E-06 
              262.77              26.277E-09         69.9208E-06 
              263.57              26.357E-09         70.0371E-06 
              264.37              26.437E-09         70.1511E-06 
              265.17              26.517E-09         70.2627E-06 
              265.97              26.597E-09         70.3724E-06 
              266.77              26.677E-09         70.4804E-06 
              267.57              26.757E-09         70.5868E-06 
              268.37              26.837E-09         70.6914E-06 
              269.17              26.917E-09         70.7944E-06 
              269.97              26.997E-09         70.8962E-06 
              270.77              27.077E-09         70.997E-06  
              271.57              27.1569E-09        71.0972E-06 
              272.37              27.237E-09         71.197E-06  
              273.17              27.317E-09         71.2956E-06 
              273.97              27.397E-09         71.393E-06  
              274.77              27.477E-09         71.4886E-06 
              275.57              27.557E-09         71.5823E-06 
              276.37              27.637E-09         71.6747E-06 
              277.17              27.717E-09         71.7661E-06 
              277.97              27.797E-09         71.8563E-06 
              278.77              27.877E-09         71.9453E-06 
              279.57              27.957E-09         72.0334E-06 
              280.37              28.037E-09         72.1209E-06 
              281.17              28.117E-09         72.2074E-06 
              281.97              28.197E-09         72.293E-06  
              282.77              28.277E-09         72.3779E-06 
              283.57              28.357E-09         72.462E-06  
              284.37              28.437E-09         72.5454E-06 
              285.17              28.517E-09         72.6285E-06 
              285.97              28.597E-09         72.7112E-06 
              286.77              28.677E-09         72.7936E-06 
              287.57              28.757E-09         72.8757E-06 
              288.37              28.837E-09         72.9572E-06 
              289.17              28.917E-09         73.0385E-06 
              289.97              28.997E-09         73.1658E-06 
              290.77              29.077E-09         73.3151E-06 
              291.57              29.157E-09         73.459E-06  
              292.37              29.237E-09         73.5968E-06 
              293.17              29.317E-09         73.7285E-06 
              293.97              29.397E-09         73.8551E-06 
              294.77              29.477E-09         73.9771E-06 
              295.57              29.557E-09         74.095E-06  
              296.37              29.637E-09         74.2256E-06 
              297.17              29.717E-09         74.5135E-06 
              297.97              29.797E-09         74.8064E-06 
              298.77              29.877E-09         75.0888E-06 
              299.57              29.957E-09         75.3608E-06 
              300.37              30.037E-09         75.622E-06  
              301.17              30.117E-09         75.8727E-06 
              301.97              30.197E-09         76.1125E-06 
              302.77              30.277E-09         76.3403E-06 
              303.57              30.357E-09         76.5524E-06 
              304.37              30.437E-09         76.7475E-06 
              305.17              30.517E-09         76.9693E-06 
              305.97              30.597E-09         77.401E-06  
              306.77              30.677E-09         77.8301E-06 
              307.57              30.757E-09         78.2317E-06 
              308.37              30.837E-09         78.6092E-06 
              309.17              30.917E-09         78.964E-06  
              309.97              30.997E-09         79.2967E-06 
              310.77              31.077E-09         79.6062E-06 
              311.57              31.157E-09         79.8918E-06 
              312.37              31.237E-09         80.1538E-06 
              313.17              31.317E-09         80.3937E-06 
              313.97              31.397E-09         80.6537E-06 
              314.77              31.477E-09         81.1298E-06 
              315.57              31.557E-09         81.6094E-06 
              316.37              31.637E-09         82.0648E-06 
              317.17              31.7169E-09        82.4937E-06 
              317.97              31.797E-09         82.8986E-06 
              318.77              31.877E-09         83.2805E-06 
              319.57              31.957E-09         83.6354E-06 
              320.37              32.037E-09         83.9629E-06 
              321.17              32.117E-09         84.3383E-06 
              321.97              32.197E-09         84.7814E-06 
              322.77              32.277E-09         85.1919E-06 
              323.57              32.357E-09         85.5683E-06 
              324.37              32.437E-09         85.9144E-06 
              325.17              32.517E-09         86.2329E-06 
              325.97              32.597E-09         86.5263E-06 
              326.77              32.677E-09         86.7975E-06 
              327.57              32.757E-09         87.05E-06   
              328.37              32.837E-09         87.2922E-06 
              329.17              32.917E-09         87.5133E-06 
              329.97              32.997E-09         87.7254E-06 
              330.77              33.077E-09         87.9281E-06 
              331.57              33.157E-09         88.1223E-06 
              332.37              33.237E-09         88.3085E-06 
              333.17              33.317E-09         88.4876E-06 
              333.97              33.397E-09         88.6602E-06 
              334.77              33.477E-09         88.8272E-06 
              335.57              33.557E-09         88.9887E-06 
              336.37              33.637E-09         89.1454E-06 
              337.17              33.717E-09         89.2976E-06 
              337.97              33.797E-09         89.4456E-06 
              338.77              33.877E-09         89.5896E-06 
              339.57              33.957E-09         89.7303E-06 
              340.37              34.037E-09         89.8681E-06 
              341.17              34.117E-09         90.0032E-06 
              341.97              34.197E-09         90.1356E-06 
              342.77              34.277E-09         90.2655E-06 
              343.57              34.357E-09         90.3931E-06 
              344.37              34.437E-09         90.5186E-06 
              345.17              34.517E-09         90.6421E-06 
              345.97              34.597E-09         90.7638E-06 
              346.77              34.677E-09         90.884E-06  
              347.57              34.757E-09         91.0024E-06 
              348.37              34.837E-09         91.1192E-06 
              349.17              34.917E-09         91.2343E-06 
              349.97              34.997E-09         91.3478E-06 
              350.77              35.077E-09         91.4636E-06 
              351.57              35.157E-09         91.5733E-06 
              352.37              35.237E-09         91.6824E-06 
              353.17              35.317E-09         91.7702E-06 
              353.97              35.397E-09         91.8969E-06 
              354.77              35.4769E-09        92.0085E-06 
              355.57              35.557E-09         92.1165E-06 
              356.37              35.637E-09         92.222E-06  
              357.17              35.717E-09         92.3256E-06 
              357.97              35.797E-09         92.4279E-06 
              358.77              35.877E-09         92.5281E-06 
              359.57              35.957E-09         92.6296E-06 
              360.37              36.037E-09         92.7297E-06 
              361.17              36.117E-09         92.8287E-06 
              361.97              36.1969E-09        92.9271E-06 
              362.77              36.277E-09         93.0251E-06 
              363.57              36.357E-09         93.1225E-06 
              364.37              36.437E-09         93.2195E-06 
              365.17              36.5169E-09        93.316E-06  
              365.97              36.597E-09         93.412E-06  
              366.77              36.677E-09         93.5076E-06 
              367.57              36.757E-09         93.6028E-06 
              368.37              36.837E-09         93.6975E-06 
              369.17              36.917E-09         93.7918E-06 
              369.97              36.997E-09         93.8853E-06 
              370.77              37.077E-09         93.9788E-06 
              371.57              37.157E-09         94.0724E-06 
              372.37              37.2369E-09        94.1656E-06 
              373.17              37.317E-09         94.356E-06  
              373.97              37.397E-09         94.3854E-06 
              374.77              37.477E-09         94.458E-06  
              375.57              37.5569E-09        94.5435E-06 
              376.37              37.637E-09         94.632E-06  
              377.17              37.717E-09         94.7212E-06 
              377.97              37.797E-09         94.8111E-06 
              378.77              37.877E-09         94.901E-06  
              379.57              37.957E-09         94.9909E-06 
              380.37              38.037E-09         95.0808E-06 
              381.17              38.117E-09         95.1708E-06 
              381.97              38.197E-09         95.2607E-06 
              382.77              38.277E-09         95.3507E-06 
              383.57              38.357E-09         95.4406E-06 
              384.37              38.437E-09         95.5306E-06 
              385.17              38.517E-09         95.6206E-06 
              385.97              38.597E-09         95.711E-06  
              386.77              38.677E-09         95.8018E-06 
              387.57              38.757E-09         95.8926E-06 
              388.37              38.837E-09         95.9834E-06 
              389.17              38.917E-09         96.0744E-06 
              389.97              38.997E-09         96.1654E-06 
              390.77              39.077E-09         96.2564E-06 
              391.57              39.157E-09         96.3475E-06 
              392.37              39.2369E-09        96.4386E-06 
              393.17              39.317E-09         96.5298E-06 
              393.97              39.397E-09         96.621E-06  
              394.77              39.477E-09         96.7122E-06 
              395.57              39.5569E-09        96.6749E-06 
              396.37              39.637E-09         96.9146E-06 
              397.17              39.717E-09         96.9953E-06 
              397.97              39.797E-09         97.1031E-06 
              398.77              39.877E-09         97.2075E-06 
              399.57              39.957E-09         97.3067E-06 
              400.37              40.037E-09         97.4027E-06 
              401.17              40.117E-09         97.4971E-06 
              401.97              40.197E-09         97.5906E-06 
              402.77              40.277E-09         97.6834E-06 
              403.57              40.357E-09         97.7759E-06 
              404.37              40.437E-09         97.868E-06  
              405.17              40.517E-09         97.9601E-06 
              405.97              40.597E-09         98.0518E-06 
              406.77              40.677E-09         98.1435E-06 
              407.57              40.757E-09         98.2351E-06 
              408.37              40.837E-09         98.3267E-06 
              409.17              40.917E-09         98.4182E-06 
              409.97              40.9969E-09        98.5097E-06 
              410.77              41.077E-09         98.6012E-06 
              411.57              41.157E-09         98.6929E-06 
              412.37              41.237E-09         98.7846E-06 
              413.17              41.317E-09         98.8765E-06 
              413.97              41.397E-09         98.9687E-06 
              414.77              41.477E-09         99.061E-06  
              415.57              41.557E-09         99.1534E-06 
              416.37              41.637E-09         99.2459E-06 
              417.17              41.717E-09         99.3385E-06 
              417.97              41.797E-09         99.4312E-06 
              418.77              41.877E-09         99.5239E-06 
              419.57              41.957E-09         99.6167E-06 
              420.37              42.0369E-09        99.7099E-06 
              421.17              42.117E-09         99.8033E-06 
              421.97              42.197E-09         99.8968E-06 
              422.77              42.277E-09         99.9904E-06 
              423.57              42.3569E-09       100.084E-06  
              424.37              42.437E-09        100.179E-06  
              425.17              42.517E-09        100.272E-06  
              425.97              42.597E-09        100.365E-06  
              426.77              42.677E-09        100.458E-06  
              427.57              42.757E-09        100.552E-06  
              428.37              42.837E-09        100.646E-06  
              429.17              42.917E-09        100.74E-06   
              429.97              42.997E-09        100.834E-06  
              430.77              43.077E-09        100.928E-06  
              431.57              43.157E-09        101.023E-06  
              432.37              43.237E-09        101.117E-06  
              433.17              43.317E-09        101.211E-06  
              433.97              43.3969E-09       101.305E-06  
              434.77              43.477E-09        101.399E-06  
              435.57              43.557E-09        101.493E-06  
              436.37              43.637E-09        101.587E-06  
              437.17              43.717E-09        101.681E-06  
              437.97              43.797E-09        101.776E-06  
              438.77              43.877E-09        101.87E-06   
              439.57              43.957E-09        101.964E-06  
              440.37              44.0369E-09       102.059E-06  
              441.17              44.117E-09        102.154E-06  
              441.97              44.197E-09        102.248E-06  
              442.77              44.277E-09        102.343E-06  
              443.57              44.357E-09        102.438E-06  
              444.37              44.437E-09        102.533E-06  
              445.17              44.517E-09        102.627E-06  
              445.97              44.597E-09        102.722E-06  
              446.77              44.677E-09        102.816E-06  
              447.57              44.757E-09        102.91E-06   
              448.37              44.837E-09        103.003E-06  
              449.17              44.917E-09        103.097E-06  
              449.97              44.997E-09        103.19E-06   
              450.77              45.077E-09        103.284E-06  
              451.57              45.157E-09        103.377E-06  
              452.37              45.237E-09        103.47E-06   
              453.17              45.317E-09        103.563E-06  
              453.97              45.3969E-09       103.657E-06  
              454.77              45.477E-09        103.75E-06   
              455.57              45.557E-09        103.842E-06  
              456.37              45.637E-09        103.935E-06  
              457.17              45.717E-09        104.028E-06  
              457.97              45.797E-09        104.121E-06  
              458.77              45.877E-09        104.213E-06  
              459.57              45.957E-09        104.305E-06  
              460.37              46.037E-09        104.398E-06  
              461.17              46.117E-09        104.49E-06   
              461.97              46.197E-09        104.582E-06  
              462.77              46.277E-09        104.673E-06  
              463.57              46.357E-09        104.765E-06  
              464.37              46.437E-09        104.857E-06  
              465.17              46.517E-09        104.948E-06  
              465.97              46.597E-09        105.042E-06  
              466.77              46.677E-09        105.132E-06  
              467.57              46.757E-09        105.223E-06  
              468.37              46.8369E-09       105.315E-06  
              469.17              46.917E-09        105.406E-06  
              469.97              46.997E-09        105.498E-06  
              470.77              47.077E-09        105.59E-06   
              471.57              47.157E-09        105.681E-06  
              472.37              47.237E-09        105.772E-06  
              473.17              47.317E-09        105.864E-06  
              473.97              47.397E-09        105.955E-06  
              474.77              47.477E-09        106.047E-06  
              475.57              47.557E-09        106.138E-06  
              476.37              47.637E-09        106.23E-06   
              477.17              47.717E-09        106.322E-06  
              477.97              47.797E-09        106.414E-06  
              478.77              47.8769E-09       106.506E-06  
              479.57              47.957E-09        106.598E-06  
              480.37              48.037E-09        106.69E-06   
              481.17              48.117E-09        107.031E-06  
              481.97              48.197E-09        107.393E-06  
              482.77              48.277E-09        107.737E-06  
              483.57              48.357E-09        108.063E-06  
              484.37              48.437E-09        108.368E-06  
              485.17              48.517E-09        108.653E-06  
              485.97              48.597E-09        108.914E-06  
              486.77              48.677E-09        109.152E-06  
              487.57              48.757E-09        109.372E-06  
              488.37              48.8369E-09       109.579E-06  
              489.17              48.917E-09        109.774E-06  
              489.97              48.997E-09        109.96E-06   
              490.77              49.077E-09        110.138E-06  
              491.57              49.157E-09        110.31E-06   
              492.37              49.2369E-09       110.477E-06  
              493.17              49.317E-09        110.639E-06  
              493.97              49.397E-09        110.797E-06  
              494.77              49.477E-09        110.952E-06  
              495.57              49.557E-09        111.103E-06  
              496.37              49.637E-09        111.251E-06  
              497.17              49.717E-09        111.395E-06  
              497.97              49.797E-09        111.537E-06  
              498.77              49.8769E-09       111.676E-06  
              499.57              49.957E-09        111.812E-06  
              500.37              50.037E-09        111.946E-06  
              501.17              50.117E-09        112.078E-06  
              501.97              50.197E-09        112.207E-06  
              502.77              50.277E-09        112.335E-06  
              503.57              50.357E-09        112.46E-06   
              504.37              50.437E-09        112.583E-06  
              505.17              50.517E-09        112.705E-06  
              505.97              50.597E-09        112.825E-06  
              506.77              50.677E-09        112.943E-06  
              507.57              50.757E-09        113.061E-06  
              508.37              50.837E-09        113.105E-06  
              509.17              50.917E-09        113.289E-06  
              509.97              50.997E-09        113.41E-06   
              510.77              51.077E-09        113.531E-06  
              511.57              51.157E-09        113.65E-06   
              512.37              51.2369E-09       113.766E-06  
              513.169             51.317E-09        113.88E-06   
              513.97              51.397E-09        113.992E-06  
              514.77              51.477E-09        114.104E-06  
              515.57              51.557E-09        114.214E-06  
              516.37              51.6369E-09       114.324E-06  
              517.169             51.717E-09        114.434E-06  
              517.97              51.797E-09        114.543E-06  
              518.77              51.877E-09        114.652E-06  
              519.57              51.957E-09        114.816E-06  
              520.37              52.037E-09        114.888E-06  
              521.169             52.117E-09        114.985E-06  
              521.97              52.197E-09        115.089E-06  
              522.77              52.277E-09        115.195E-06  
              523.57              52.357E-09        115.301E-06  
              524.37              52.437E-09        115.408E-06  
              525.169             52.517E-09        115.515E-06  
              525.97              52.597E-09        115.62E-06   
              526.77              52.6769E-09       115.735E-06  
              527.57              52.757E-09        115.971E-06  
              528.37              52.837E-09        116.195E-06  
              529.169             52.917E-09        116.408E-06  
              529.97              52.997E-09        116.61E-06   
              530.77              53.077E-09        116.802E-06  
              531.57              53.157E-09        116.984E-06  
              532.37              53.237E-09        117.159E-06  
              533.169             53.317E-09        117.326E-06  
              533.97              53.397E-09        117.489E-06  
              534.77              53.477E-09        117.646E-06  
              535.57              53.557E-09        117.8E-06    
              536.37              53.637E-09        117.95E-06   
              537.169             53.717E-09        118.097E-06  
              537.97              53.797E-09        118.242E-06  
              538.77              53.877E-09        118.384E-06  
              539.57              53.957E-09        118.524E-06  
              540.37              54.037E-09        118.662E-06  
              541.169             54.117E-09        118.799E-06  
              541.97              54.197E-09        118.933E-06  
              542.77              54.277E-09        119.067E-06  
              543.57              54.357E-09        119.199E-06  
              544.37              54.437E-09        119.33E-06   
              545.169             54.517E-09        119.459E-06  
              545.97              54.597E-09        119.588E-06  
              546.77              54.6769E-09       119.716E-06  
              547.57              54.757E-09        119.843E-06  
              548.37              54.837E-09        119.969E-06  
              549.169             54.917E-09        120.095E-06  
              549.97              54.997E-09        120.219E-06  
              550.77              55.077E-09        120.546E-06  
              551.57              55.157E-09        120.868E-06  
              552.37              55.237E-09        121.177E-06  
              553.169             55.317E-09        121.471E-06  
              553.97              55.397E-09        121.749E-06  
              554.77              55.477E-09        122.012E-06  
              555.57              55.557E-09        122.26E-06   
              556.37              55.637E-09        122.497E-06  
              557.169             55.7169E-09       122.722E-06  
              557.97              55.797E-09        122.937E-06  
              558.77              55.877E-09        123.143E-06  
              559.57              55.957E-09        123.34E-06   
              560.37              56.037E-09        123.529E-06  
              561.169             56.117E-09        123.71E-06   
              561.97              56.197E-09        123.885E-06  
              562.77              56.277E-09        124.054E-06  
              563.57              56.357E-09        124.219E-06  
              564.37              56.437E-09        124.38E-06   
              565.169             56.517E-09        124.537E-06  
              565.97              56.597E-09        124.692E-06  
              566.77              56.677E-09        124.845E-06  
              567.57              56.757E-09        124.995E-06  
              568.37              56.837E-09        125.143E-06  
              569.169             56.917E-09        125.289E-06  
              569.97              56.997E-09        125.434E-06  
              570.77              57.077E-09        125.578E-06  
              571.57              57.157E-09        125.72E-06   
              572.37              57.237E-09        126.096E-06  
              573.169             57.317E-09        126.435E-06  
              573.97              57.397E-09        126.833E-06  
              574.77              57.477E-09        127.237E-06  
              575.57              57.557E-09        127.625E-06  
              576.37              57.637E-09        127.987E-06  
              577.169             57.717E-09        128.32E-06   
              577.97              57.797E-09        128.627E-06  
              578.77              57.877E-09        128.908E-06  
              579.57              57.957E-09        129.19E-06   
              580.37              58.037E-09        129.45E-06   
              581.169             58.117E-09        129.69E-06   
              581.97              58.197E-09        129.916E-06  
              582.77              58.277E-09        130.13E-06   
              583.57              58.357E-09        130.335E-06  
              584.37              58.437E-09        130.534E-06  
              585.169             58.517E-09        130.728E-06  
              585.97              58.597E-09        130.917E-06  
              586.77              58.677E-09        131.102E-06  
              587.57              58.757E-09        131.284E-06  
              588.37              58.837E-09        131.463E-06  
              589.169             58.917E-09        131.639E-06  
              589.97              58.997E-09        131.814E-06  
              590.77              59.077E-09        131.986E-06  
              591.57              59.157E-09        132.157E-06  
              592.37              59.237E-09        132.326E-06  
              593.169             59.317E-09        132.493E-06  
              593.97              59.397E-09        132.659E-06  
              594.77              59.477E-09        132.823E-06  
              595.57              59.557E-09        132.986E-06  
              596.37              59.637E-09        133.148E-06  
              597.169             59.7169E-09       133.308E-06  
              597.97              59.797E-09        133.468E-06  
              598.77              59.877E-09        133.627E-06  
              599.57              59.957E-09        133.785E-06  
              600.37              60.037E-09        133.942E-06  
              601.169             60.117E-09        134.099E-06  
              601.97              60.197E-09        134.255E-06  
              602.77              60.277E-09        134.41E-06   
              603.57              60.357E-09        134.564E-06  
              604.37              60.437E-09        134.718E-06  
              605.169             60.517E-09        134.872E-06  
              605.97              60.597E-09        135.024E-06  
              606.77              60.677E-09        135.177E-06  
              607.57              60.757E-09        135.329E-06  
              608.37              60.837E-09        135.481E-06  
              609.169             60.917E-09        135.632E-06  
              609.97              60.997E-09        135.801E-06  
              610.77              61.077E-09        135.973E-06  
              611.57              61.157E-09        136.141E-06  
              612.37              61.237E-09        136.306E-06  
              613.169             61.317E-09        136.468E-06  
              613.97              61.397E-09        136.628E-06  
              614.77              61.477E-09        136.785E-06  
              615.57              61.5569E-09       136.941E-06  
              616.37              61.637E-09        137.096E-06  
              617.169             61.717E-09        137.249E-06  
              617.97              61.797E-09        137.401E-06  
              618.77              61.877E-09        137.578E-06  
              619.57              61.957E-09        137.8E-06    
              620.37              62.037E-09        138.014E-06  
              621.169             62.117E-09        138.222E-06  
              621.97              62.197E-09        138.423E-06  
              622.77              62.277E-09        138.619E-06  
              623.57              62.3569E-09       138.848E-06  
              624.37              62.437E-09        139.072E-06  
              625.169             62.517E-09        139.289E-06  
              625.97              62.597E-09        139.5E-06    
              626.77              62.677E-09        139.705E-06  
              627.57              62.757E-09        139.905E-06  
              628.37              62.837E-09        140.1E-06    
              629.169             62.917E-09        140.291E-06  
              629.97              62.997E-09        140.479E-06  
              630.77              63.077E-09        140.665E-06  
              631.57              63.157E-09        140.847E-06  
              632.37              63.237E-09        141.028E-06  
              633.169             63.317E-09        141.206E-06  
              633.97              63.397E-09        141.382E-06  
              634.77              63.477E-09        141.556E-06  
              635.57              63.557E-09        141.731E-06  
              636.37              63.637E-09        141.899E-06  
              637.169             63.7169E-09       142.14E-06   
              637.97              63.797E-09        142.259E-06  
              638.77              63.877E-09        142.409E-06  
              639.57              63.957E-09        142.567E-06  
              640.37              64.037E-09        142.726E-06  
              641.169             64.117E-09        142.884E-06  
              641.97              64.197E-09        143.042E-06  
              642.77              64.2769E-09       143.2E-06    
              643.57              64.357E-09        143.356E-06  
              644.37              64.437E-09        143.511E-06  
              645.169             64.517E-09        143.665E-06  
              645.97              64.597E-09        143.819E-06  
              646.77              64.677E-09        143.971E-06  
              647.57              64.757E-09        144.123E-06  
              648.37              64.837E-09        144.274E-06  
              649.169             64.917E-09        144.424E-06  
              649.97              64.9969E-09       144.573E-06  
              650.77              65.077E-09        144.722E-06  
              651.57              65.157E-09        144.87E-06   
              652.37              65.237E-09        145.017E-06  
              653.169             65.317E-09        145.163E-06  
              653.97              65.397E-09        145.308E-06  
              654.77              65.477E-09        145.453E-06  
              655.57              65.557E-09        145.597E-06  
              656.37              65.637E-09        145.744E-06  
              657.169             65.7169E-09       145.884E-06  
              657.97              65.797E-09        146.025E-06  
              658.77              65.877E-09        146.165E-06  
              659.57              65.957E-09        146.305E-06  
              660.37              66.037E-09        146.545E-06  
              661.169             66.117E-09        146.62E-06   
              661.97              66.197E-09        146.737E-06  
              662.77              66.277E-09        146.867E-06  
              663.57              66.3569E-09       146.999E-06  
              664.37              66.437E-09        147.133E-06  
              665.169             66.517E-09        147.267E-06  
              665.97              66.597E-09        147.401E-06  
              666.77              66.677E-09        147.534E-06  
              666.97              66.697E-09        147.567E-06  
              667.27              66.727E-09        147.618E-06  
              667.72              66.7719E-09       147.616E-06  
              668.395             66.8395E-09       147.77E-06   
              669.195             66.9195E-09       147.904E-06  
              669.995             66.9995E-09       148.039E-06  
              670.794             67.0795E-09       148.174E-06  
              671.595             67.1595E-09       148.307E-06  
              672.395             67.2395E-09       148.439E-06  
              673.195             67.3195E-09       148.571E-06  
              673.995             67.3995E-09       148.702E-06  
              674.794             67.4795E-09       148.832E-06  
              675.595             67.5595E-09       148.962E-06  
              676.395             67.6395E-09       149.091E-06  
              677.195             67.7195E-09       149.219E-06  
              677.995             67.7995E-09       149.347E-06  
              678.794             67.8795E-09       149.475E-06  
              679.595             67.9594E-09       149.603E-06  
              680.395             68.0395E-09       149.73E-06   
              681.195             68.1195E-09       149.858E-06  
              681.995             68.1995E-09       149.986E-06  
              682.794             68.2794E-09       150.113E-06  
              683.595             68.3595E-09       150.24E-06   
              684.395             68.4395E-09       150.367E-06  
              685.195             68.5194E-09       150.494E-06  
              685.995             68.5995E-09       150.621E-06  
              686.794             68.6795E-09       150.748E-06  
              687.595             68.7595E-09       150.875E-06  
              688.395             68.8395E-09       151.002E-06  
              689.195             68.9195E-09       151.128E-06  
              689.995             68.9995E-09       151.255E-06  
              690.794             69.0795E-09       151.382E-06  
              691.595             69.1595E-09       151.491E-06  
              692.395             69.2395E-09       151.626E-06  
              693.195             69.3195E-09       151.756E-06  
              693.995             69.3995E-09       151.884E-06  
              694.794             69.4795E-09       152.011E-06  
              695.595             69.5595E-09       152.138E-06  
              696.395             69.6395E-09       152.265E-06  
              697.195             69.7195E-09       152.391E-06  
              697.995             69.7995E-09       152.517E-06  
              698.794             69.8795E-09       152.643E-06  
              699.595             69.9595E-09       152.77E-06   
              700.395             70.0395E-09       152.896E-06  
              701.195             70.1195E-09       153.022E-06  
              701.995             70.1995E-09       153.148E-06  
              702.794             70.2795E-09       153.274E-06  
              703.595             70.3595E-09       153.411E-06  
              704.395             70.4395E-09       153.566E-06  
              705.195             70.5195E-09       153.723E-06  
              705.995             70.5994E-09       153.867E-06  
              706.794             70.6795E-09       154.013E-06  
              707.595             70.7595E-09       154.156E-06  
              708.395             70.8395E-09       154.298E-06  
              709.195             70.9195E-09       154.439E-06  
              709.995             70.9995E-09       154.579E-06  
              710.794             71.0795E-09       154.717E-06  
              711.595             71.1595E-09       154.855E-06  
              712.395             71.2395E-09       154.991E-06  
              713.195             71.3195E-09       155.127E-06  
              713.995             71.3995E-09       155.262E-06  
              714.794             71.4795E-09       155.397E-06  
              715.595             71.5595E-09       155.531E-06  
              716.395             71.6395E-09       155.665E-06  
              717.195             71.7195E-09       155.798E-06  
              717.995             71.7995E-09       155.932E-06  
              718.794             71.8795E-09       156.065E-06  
              719.595             71.9594E-09       156.197E-06  
              720.395             72.0395E-09       156.33E-06   
              721.195             72.1195E-09       156.462E-06  
              721.995             72.1995E-09       156.594E-06  
              722.794             72.2795E-09       156.725E-06  
              723.595             72.3595E-09       156.857E-06  
              724.395             72.4395E-09       156.988E-06  
              725.195             72.5195E-09       157.119E-06  
              725.995             72.5995E-09       157.25E-06   
              726.794             72.6795E-09       157.38E-06   
              727.595             72.7595E-09       157.511E-06  
              728.395             72.8395E-09       157.642E-06  
              729.195             72.9195E-09       157.772E-06  
              729.995             72.9995E-09       157.903E-06  
              730.794             73.0795E-09       158.033E-06  
              731.595             73.1595E-09       158.164E-06  
              732.395             73.2395E-09       158.294E-06  
              733.195             73.3195E-09       158.425E-06  
              733.995             73.3995E-09       158.57E-06   
              734.794             73.4795E-09       158.716E-06  
              735.595             73.5595E-09       158.861E-06  
              736.395             73.6395E-09       159.004E-06  
              737.195             73.7195E-09       159.147E-06  
              737.995             73.7995E-09       159.289E-06  
              738.794             73.8795E-09       159.431E-06  
              739.595             73.9595E-09       159.572E-06  
              740.395             74.0395E-09       159.712E-06  
              741.195             74.1195E-09       159.852E-06  
              741.995             74.1995E-09       159.991E-06  
              742.794             74.2795E-09       160.13E-06   
              743.595             74.3595E-09       160.268E-06  
              744.395             74.4395E-09       160.406E-06  
              745.195             74.5195E-09       160.544E-06  
              745.995             74.5994E-09       160.682E-06  
              746.794             74.6795E-09       160.82E-06   
              747.595             74.7595E-09       160.958E-06  
              748.395             74.8394E-09       161.095E-06  
              749.195             74.9195E-09       161.233E-06  
              749.995             74.9995E-09       161.37E-06   
              750.794             75.0795E-09       161.508E-06  
              751.595             75.1595E-09       161.645E-06  
              752.395             75.2395E-09       161.781E-06  
              753.195             75.3195E-09       161.918E-06  
              753.995             75.3995E-09       162.055E-06  
              754.794             75.4795E-09       162.191E-06  
              755.595             75.5595E-09       162.328E-06  
              756.395             75.6395E-09       162.547E-06  
              757.195             75.7195E-09       162.757E-06  
              757.995             75.7995E-09       162.959E-06  
              758.794             75.8795E-09       163.155E-06  
              759.595             75.9594E-09       163.344E-06  
              760.395             76.0395E-09       163.528E-06  
              761.195             76.1195E-09       163.708E-06  
              761.995             76.1994E-09       163.884E-06  
              762.794             76.2795E-09       164.056E-06  
              763.595             76.3595E-09       164.226E-06  
              764.395             76.4395E-09       164.394E-06  
              765.195             76.5195E-09       164.559E-06  
              765.995             76.5995E-09       164.722E-06  
              766.794             76.6795E-09       164.884E-06  
              767.595             76.7595E-09       165.043E-06  
              768.395             76.8395E-09       165.202E-06  
              769.195             76.9194E-09       165.359E-06  
              769.995             76.9995E-09       165.516E-06  
              770.794             77.0795E-09       165.671E-06  
              771.595             77.1595E-09       165.826E-06  
              772.395             77.2395E-09       165.981E-06  
              773.195             77.3195E-09       166.134E-06  
              773.995             77.3995E-09       166.286E-06  
              774.794             77.4795E-09       166.438E-06  
              775.595             77.5595E-09       166.589E-06  
              776.395             77.6395E-09       166.738E-06  
              777.195             77.7195E-09       166.887E-06  
              777.995             77.7995E-09       167.036E-06  
              778.794             77.8795E-09       167.184E-06  
              779.595             77.9595E-09       167.332E-06  
              780.395             78.0395E-09       167.48E-06   
              781.195             78.1195E-09       167.627E-06  
              781.995             78.1995E-09       167.774E-06  
              782.794             78.2794E-09       167.92E-06   
              783.595             78.3595E-09       168.067E-06  
              784.395             78.4395E-09       168.214E-06  
              785.195             78.5195E-09       168.361E-06  
              785.995             78.5995E-09       168.508E-06  
              786.794             78.6795E-09       168.655E-06  
              787.595             78.7595E-09       168.801E-06  
              788.395             78.8395E-09       168.947E-06  
              789.195             78.9195E-09       169.093E-06  
              789.995             78.9995E-09       169.239E-06  
              790.794             79.0795E-09       169.385E-06  
              791.595             79.1595E-09       169.531E-06  
              792.395             79.2395E-09       169.676E-06  
              793.195             79.3195E-09       169.821E-06  
              793.995             79.3995E-09       169.966E-06  
              794.794             79.4795E-09       170.112E-06  
              795.595             79.5595E-09       170.257E-06  
              796.395             79.6395E-09       170.402E-06  
              797.195             79.7195E-09       170.548E-06  
              797.995             79.7995E-09       170.693E-06  
              798.794             79.8795E-09       170.839E-06  
              799.595             79.9595E-09       170.985E-06  
              800.395             80.0395E-09       171.13E-06   
              801.195             80.1195E-09       171.276E-06  
              801.995             80.1994E-09       171.422E-06  
              802.794             80.2795E-09       171.568E-06  
              803.595             80.3595E-09       171.714E-06  
              804.395             80.4395E-09       171.861E-06  
              805.195             80.5195E-09       172.007E-06  
              805.995             80.5995E-09       172.154E-06  
              806.794             80.6795E-09       172.301E-06  
              807.595             80.7595E-09       172.447E-06  
              808.395             80.8395E-09       172.594E-06  
              809.195             80.9194E-09       172.741E-06  
              809.995             80.9995E-09       172.887E-06  
              810.794             81.0795E-09       173.034E-06  
              811.595             81.1595E-09       173.181E-06  
              812.395             81.2395E-09       173.328E-06  
              813.195             81.3195E-09       173.474E-06  
              813.995             81.3995E-09       173.622E-06  
              814.794             81.4795E-09       173.769E-06  
              815.595             81.5595E-09       173.916E-06  
              816.395             81.6395E-09       174.064E-06  
              817.195             81.7195E-09       174.211E-06  
              817.995             81.7995E-09       174.359E-06  
              818.794             81.8795E-09       174.507E-06  
              819.595             81.9595E-09       174.655E-06  
              820.395             82.0395E-09       174.803E-06  
              821.195             82.1195E-09       174.951E-06  
              821.995             82.1995E-09       175.099E-06  
              822.794             82.2794E-09       175.247E-06  
              823.595             82.3595E-09       175.395E-06  
              824.395             82.4395E-09       175.544E-06  
              825.195             82.5195E-09       175.693E-06  
              825.995             82.5995E-09       175.843E-06  
              826.794             82.6795E-09       175.992E-06  
              827.595             82.7595E-09       176.141E-06  
              828.395             82.8395E-09       176.29E-06   
              829.195             82.9195E-09       176.439E-06  
              829.395             82.9395E-09       176.477E-06  
              829.695             82.9695E-09       176.533E-06  
              830.145             83.0145E-09       176.425E-06  
              830.82              83.082E-09        176.726E-06  
              831.62              83.162E-09        176.853E-06  
              832.419             83.242E-09        177.E-06     
              833.22              83.322E-09        177.156E-06  
              834.02              83.402E-09        177.311E-06  
              834.82              83.482E-09        177.466E-06  
              835.62              83.562E-09        177.62E-06   
              836.419             83.6419E-09       177.773E-06  
              837.22              83.722E-09        177.926E-06  
              838.02              83.802E-09        178.078E-06  
              838.82              83.882E-09        178.231E-06  
              839.62              83.962E-09        178.383E-06  
              840.419             84.042E-09        178.536E-06  
              841.22              84.122E-09        178.688E-06  
              842.02              84.202E-09        178.841E-06  
              842.82              84.282E-09        178.993E-06  
              843.62              84.3619E-09       179.145E-06  
              844.419             84.442E-09        179.297E-06  
              845.22              84.522E-09        179.449E-06  
              846.02              84.602E-09        179.601E-06  
              846.82              84.682E-09        179.754E-06  
              847.62              84.762E-09        179.906E-06  
              848.419             84.842E-09        180.059E-06  
              849.22              84.922E-09        180.211E-06  
              850.02              85.002E-09        180.364E-06  
              850.82              85.0819E-09       180.53E-06   
              851.62              85.162E-09        180.678E-06  
              852.419             85.242E-09        180.829E-06  
              853.22              85.322E-09        180.982E-06  
              854.02              85.402E-09        181.135E-06  
              854.82              85.482E-09        181.289E-06  
              855.62              85.562E-09        181.442E-06  
              856.419             85.642E-09        181.596E-06  
              857.22              85.7219E-09       181.75E-06   
              858.02              85.802E-09        181.932E-06  
              858.82              85.882E-09        182.143E-06  
              859.62              85.962E-09        182.352E-06  
              860.419             86.042E-09        182.556E-06  
              861.22              86.122E-09        182.757E-06  
              862.02              86.202E-09        182.953E-06  
              862.82              86.282E-09        183.147E-06  
              863.62              86.362E-09        183.337E-06  
              864.419             86.4419E-09       183.525E-06  
              865.22              86.5219E-09       183.713E-06  
              866.02              86.602E-09        184.062E-06  
              866.82              86.682E-09        184.32E-06   
              867.62              86.762E-09        184.583E-06  
              868.419             86.842E-09        184.839E-06  
              869.22              86.922E-09        185.086E-06  
              870.02              87.002E-09        185.324E-06  
              870.82              87.0819E-09       185.554E-06  
              871.62              87.1619E-09       185.778E-06  
              872.419             87.242E-09        185.997E-06  
              873.22              87.322E-09        186.21E-06   
              874.02              87.402E-09        186.42E-06   
              874.82              87.482E-09        186.626E-06  
              875.62              87.562E-09        186.829E-06  
              876.419             87.642E-09        187.029E-06  
              877.22              87.722E-09        187.227E-06  
              878.02              87.8019E-09       187.422E-06  
              878.82              87.882E-09        187.616E-06  
              879.62              87.962E-09        187.807E-06  
              880.419             88.042E-09        187.998E-06  
              881.22              88.122E-09        188.187E-06  
              882.02              88.202E-09        188.529E-06  
              882.82              88.282E-09        188.877E-06  
              883.62              88.362E-09        189.218E-06  
              884.419             88.442E-09        189.547E-06  
              885.22              88.5219E-09       189.862E-06  
              886.02              88.602E-09        190.162E-06  
              886.82              88.682E-09        190.449E-06  
              887.62              88.762E-09        190.725E-06  
              888.419             88.842E-09        190.993E-06  
              889.22              88.922E-09        191.253E-06  
              890.02              89.002E-09        191.506E-06  
              890.82              89.082E-09        191.752E-06  
              891.62              89.1619E-09       191.992E-06  
              892.419             89.242E-09        192.227E-06  
              893.22              89.322E-09        192.457E-06  
              894.02              89.402E-09        192.684E-06  
              894.82              89.482E-09        192.908E-06  
              895.62              89.562E-09        193.129E-06  
              896.419             89.642E-09        193.362E-06  
              897.22              89.722E-09        193.643E-06  
              898.02              89.8019E-09       193.915E-06  
              898.82              89.882E-09        194.18E-06   
              899.62              89.962E-09        194.437E-06  
              900.419             90.042E-09        194.689E-06  
              901.22              90.122E-09        194.937E-06  
              902.02              90.202E-09        195.18E-06   
              902.82              90.282E-09        195.42E-06   
              903.62              90.362E-09        195.657E-06  
              904.419             90.442E-09        195.892E-06  
              905.22              90.5219E-09       196.124E-06  
              906.02              90.602E-09        196.354E-06  
              906.82              90.682E-09        196.581E-06  
              907.62              90.762E-09        196.879E-06  
              908.419             90.842E-09        197.269E-06  
              909.22              90.922E-09        197.663E-06  
              910.02              91.002E-09        198.048E-06  
              910.82              91.082E-09        198.417E-06  
              911.62              91.1619E-09       198.767E-06  
              912.419             91.242E-09        199.101E-06  
              913.22              91.322E-09        199.421E-06  
              914.02              91.402E-09        199.73E-06   
              914.82              91.482E-09        200.03E-06   
              915.62              91.562E-09        200.322E-06  
              916.419             91.642E-09        200.607E-06  
              917.22              91.722E-09        200.886E-06  
              918.02              91.802E-09        201.159E-06  
              918.82              91.882E-09        201.427E-06  
              919.62              91.962E-09        201.691E-06  
              920.419             92.042E-09        201.951E-06  
              921.22              92.122E-09        202.206E-06  
              922.02              92.202E-09        202.459E-06  
              922.82              92.282E-09        202.708E-06  
              923.62              92.362E-09        202.955E-06  
              924.419             92.442E-09        203.199E-06  
              925.22              92.5219E-09       203.441E-06  
              926.02              92.6019E-09       203.68E-06   
              926.82              92.682E-09        203.917E-06  
              927.62              92.762E-09        204.152E-06  
              928.419             92.842E-09        204.385E-06  
              929.22              92.922E-09        204.617E-06  
              930.02              93.002E-09        204.848E-06  
              930.82              93.082E-09        205.127E-06  
              931.62              93.162E-09        205.334E-06  
              932.419             93.242E-09        205.552E-06  
              933.22              93.322E-09        205.775E-06  
              934.02              93.402E-09        205.999E-06  
              934.82              93.482E-09        206.224E-06  
              935.62              93.562E-09        206.449E-06  
              936.419             93.642E-09        206.673E-06  
              937.22              93.722E-09        206.897E-06  
              938.02              93.802E-09        207.121E-06  
              938.82              93.882E-09        207.344E-06  
              939.62              93.9619E-09       207.568E-06  
              940.419             94.042E-09        207.791E-06  
              941.22              94.122E-09        208.013E-06  
              942.02              94.202E-09        208.235E-06  
              942.82              94.282E-09        208.457E-06  
              943.62              94.362E-09        208.678E-06  
              944.419             94.442E-09        208.899E-06  
              945.22              94.522E-09        209.119E-06  
              946.02              94.602E-09        209.339E-06  
              946.82              94.6819E-09       209.559E-06  
              947.62              94.762E-09        210.038E-06  
              948.419             94.842E-09        210.151E-06  
              949.22              94.922E-09        210.283E-06  
              950.02              95.002E-09        210.472E-06  
              950.82              95.082E-09        210.676E-06  
              951.62              95.162E-09        210.885E-06  
              952.419             95.242E-09        211.098E-06  
              953.22              95.322E-09        211.311E-06  
              954.02              95.4019E-09       211.526E-06  
              954.82              95.482E-09        211.741E-06  
              955.62              95.562E-09        211.957E-06  
              956.419             95.642E-09        212.173E-06  
              957.22              95.722E-09        212.388E-06  
              958.02              95.802E-09        212.603E-06  
              958.82              95.882E-09        212.819E-06  
              959.62              95.962E-09        213.034E-06  
              960.419             96.0419E-09       213.249E-06  
              961.22              96.122E-09        213.465E-06  
              962.02              96.202E-09        213.681E-06  
              962.82              96.282E-09        213.908E-06  
              963.62              96.362E-09        214.134E-06  
              964.419             96.442E-09        214.36E-06   
              965.22              96.522E-09        214.584E-06  
              966.02              96.602E-09        214.807E-06  
              966.82              96.682E-09        215.029E-06  
              967.62              96.7619E-09       215.25E-06   
              968.419             96.842E-09        215.471E-06  
              969.22              96.922E-09        215.691E-06  
              970.02              97.002E-09        215.909E-06  
              970.82              97.082E-09        216.128E-06  
              971.62              97.162E-09        216.345E-06  
              972.419             97.242E-09        216.562E-06  
              973.22              97.322E-09        216.779E-06  
              974.02              97.4019E-09       216.995E-06  
              974.82              97.4819E-09       217.21E-06   
              975.62              97.562E-09        217.425E-06  
              976.419             97.642E-09        217.639E-06  
              977.22              97.722E-09        217.852E-06  
              978.02              97.802E-09        218.065E-06  
              978.82              97.882E-09        218.278E-06  
              979.62              97.962E-09        218.491E-06  
              980.419             98.042E-09        218.703E-06  
              981.22              98.1219E-09       218.914E-06  
              982.02              98.202E-09        219.125E-06  
              982.82              98.282E-09        219.336E-06  
              983.62              98.362E-09        219.546E-06  
              984.419             98.442E-09        219.755E-06  
              985.22              98.522E-09        219.964E-06  
              986.02              98.602E-09        220.172E-06  
              986.82              98.682E-09        220.379E-06  
              987.62              98.7619E-09       220.586E-06  
              988.419             98.8419E-09       220.792E-06  
              989.22              98.922E-09        220.998E-06  
              990.02              99.002E-09        221.203E-06  
              990.82              99.082E-09        221.407E-06  
              991.62              99.162E-09        221.652E-06  
              992.419             99.242E-09        221.906E-06  
              993.22              99.322E-09        222.16E-06   
              994.02              99.4019E-09       222.412E-06  
              994.82              99.4819E-09       222.662E-06  
              995.62              99.562E-09        222.909E-06  
              996.419             99.642E-09        223.152E-06  
              997.22              99.722E-09        223.392E-06  
              998.02              99.802E-09        223.629E-06  
              998.82              99.882E-09        223.864E-06  
              999.62              99.962E-09        224.095E-06  
                1.00042E+03      100.E-09           222.185E-06  
                1.00122E+03      100.E-09           218.738E-06  
                1.00162E+03      100.E-09           217.179E-06  
                1.00192E+03      100.E-09           216.173E-06  
                1.00198E+03      100.E-09           215.988E-06  
                1.002E+03        100.E-09           215.919E-06  
                1.002E+03         99.5224E-09       173.87E-06   
                1.00202E+03       98.3358E-09        66.2189E-06 
                1.00202E+03       98.3358E-09        49.3434E-06 




