
                  X             Displacement          Force      

                0.                -0.                 0.         
                1.E-03           100.E-15             1.12305E-09
                2.E-03           200.E-15           705.781E-12  
                3.5E-03          350.E-15            70.4427E-12 
                5.75E-03         575.E-15             5.55354E-12
                9.125E-03        912.5E-15          545.344E-15  
               14.1875E-03         1.41875E-12       54.4662E-15 
               21.7812E-03         2.17813E-12        5.44649E-15
               33.1719E-03         3.31719E-12      544.604E-18  
               50.2578E-03         5.02578E-12       54.4593E-18 
               75.8867E-03         7.58867E-12        5.44559E-18
              114.33E-03          11.433E-12        544.533E-21  
              171.995E-03         17.1995E-12        54.4481E-21 
              258.493E-03         25.8493E-12         5.44419E-21
              388.239E-03         38.8239E-12       544.35E-24   
              582.859E-03         58.2859E-12        54.4247E-24 
              874.788E-03         87.4788E-12         5.44088E-24
                1.31268          131.268E-12        543.85E-27   
                1.96952          196.952E-12         54.3494E-27 
                2.76952          276.952E-12          5.43059E-27
                3.56952          356.952E-12        542.625E-30  
                4.36952          436.952E-12         54.219E-30  
                5.16952          516.952E-12          5.41756E-30
                5.96952          596.952E-12        541.322E-33  
                6.76952          676.952E-12         54.0888E-33 
                7.56952          756.952E-12          5.40453E-33
                8.36952          836.952E-12        540.019E-36  
                9.16952          916.952E-12         53.9585E-36 
                9.96952          996.952E-12        411.121E-09  
               10.7695             1.07695E-09        1.16244E-06
               11.1695             1.11695E-09        1.50719E-06
               11.7695             1.17695E-09        1.91873E-06
               12.5695             1.25695E-09        2.25949E-06
               13.3695             1.33695E-09        2.54119E-06
               14.1695             1.41695E-09        2.77748E-06
               14.9695             1.49695E-09        2.98731E-06
               15.7695             1.57695E-09        3.18002E-06
               16.5695             1.65695E-09        3.36131E-06
               17.3695             1.73695E-09        3.53326E-06
               18.1695             1.81695E-09        3.69724E-06
               18.9695             1.89695E-09        3.85303E-06
               19.7695             1.97695E-09        4.00018E-06
               20.5695             2.05695E-09        4.13884E-06
               21.3695             2.13695E-09        4.26914E-06
               22.1695             2.21695E-09        4.39112E-06
               22.9695             2.29695E-09        4.50516E-06
               23.7695             2.37695E-09        4.61185E-06
               24.5695             2.45695E-09        4.71196E-06
               25.3695             2.53695E-09        4.80636E-06
               26.1695             2.61695E-09        4.89585E-06
               26.9695             2.69695E-09        4.98106E-06
               27.7695             2.77695E-09        5.06242E-06
               28.5695             2.85695E-09        5.14024E-06
               29.3695             2.93695E-09        5.21485E-06
               30.1695             3.01695E-09        5.28655E-06
               30.9695             3.09695E-09        5.35564E-06
               31.7695             3.17695E-09        5.42234E-06
               32.5695             3.25695E-09        5.48685E-06
               33.3695             3.33695E-09        5.54931E-06
               34.1695             3.41695E-09        5.60983E-06
               34.9695             3.49695E-09        5.66852E-06
               35.7695             3.57695E-09        5.72548E-06
               36.5695             3.65695E-09        5.78083E-06
               37.3695             3.73695E-09        5.83467E-06
               38.1695             3.81695E-09        5.88709E-06
               38.9695             3.89695E-09        5.93818E-06
               39.7695             3.97695E-09        5.98801E-06
               40.5695             4.05695E-09        6.03666E-06
               41.3695             4.13695E-09        6.08418E-06
               42.1695             4.21695E-09        6.13063E-06
               42.9695             4.29695E-09        6.17605E-06
               43.7695             4.37695E-09        6.22048E-06
               44.5695             4.45695E-09        6.26398E-06
               45.3695             4.53695E-09        6.30656E-06
               46.1695             4.61695E-09        6.34827E-06
               46.9695             4.69695E-09        6.38913E-06
               47.7695             4.77695E-09        6.42917E-06
               48.5695             4.85695E-09        6.46841E-06
               49.3695             4.93695E-09        6.50689E-06
               50.1695             5.01695E-09        6.54463E-06
               50.9695             5.09695E-09        6.58166E-06
               51.7695             5.17695E-09        6.61803E-06
               52.5695             5.25695E-09        6.65374E-06
               53.3695             5.33695E-09        6.68883E-06
               54.1695             5.41695E-09        6.72334E-06
               54.9695             5.49695E-09        6.75726E-06
               55.7695             5.57695E-09        6.79064E-06
               56.5695             5.65695E-09        6.82349E-06
               57.3695             5.73695E-09        6.85582E-06
               58.1695             5.81695E-09        6.88764E-06
               58.9695             5.89695E-09        6.91898E-06
               59.7695             5.97695E-09        7.21032E-06
               60.5695             6.05695E-09        7.81516E-06
               61.3695             6.13695E-09        8.71879E-06
               62.1695             6.21695E-09        9.55483E-06
               62.9695             6.29695E-09       10.3023E-06 
               63.7695             6.37695E-09       11.3099E-06 
               64.5695             6.45695E-09       12.3186E-06 
               65.3695             6.53695E-09       13.1918E-06 
               66.1695             6.61695E-09       13.9532E-06 
               66.9695             6.69695E-09       14.6216E-06 
               67.7695             6.77695E-09       15.2096E-06 
               68.5695             6.85695E-09       15.7344E-06 
               69.3695             6.93695E-09       16.2005E-06 
               70.1695             7.01695E-09       16.6172E-06 
               70.9695             7.09695E-09       16.9991E-06 
               71.7695             7.17695E-09       17.3546E-06 
               72.5695             7.25695E-09       17.6879E-06 
               73.3695             7.33695E-09       18.0013E-06 
               74.1695             7.41695E-09       18.2959E-06 
               74.9695             7.49695E-09       18.5736E-06 
               75.7695             7.57695E-09       18.8352E-06 
               76.5695             7.65695E-09       19.0818E-06 
               77.3695             7.73695E-09       19.315E-06  
               78.1695             7.81695E-09       19.5367E-06 
               78.9695             7.89695E-09       19.7486E-06 
               79.7695             7.97695E-09       19.9521E-06 
               80.5695             8.05695E-09       20.1481E-06 
               81.3695             8.13695E-09       20.3373E-06 
               82.1695             8.21695E-09       20.5202E-06 
               82.9695             8.29695E-09       20.6973E-06 
               83.7695             8.37695E-09       20.869E-06  
               84.5695             8.45695E-09       21.0358E-06 
               85.3695             8.53695E-09       21.198E-06  
               86.1695             8.61695E-09       21.356E-06  
               86.9695             8.69695E-09       21.5101E-06 
               87.7695             8.77695E-09       21.6606E-06 
               88.5695             8.85695E-09       21.8076E-06 
               89.3695             8.93695E-09       21.9513E-06 
               90.1695             9.01695E-09       22.092E-06  
               90.9695             9.09695E-09       22.2296E-06 
               91.7695             9.17695E-09       22.3644E-06 
               92.5695             9.25695E-09       22.4965E-06 
               93.3695             9.33695E-09       22.6259E-06 
               94.1695             9.41695E-09       22.7528E-06 
               94.9695             9.49695E-09       22.8773E-06 
               95.7695             9.57695E-09       22.9995E-06 
               96.5695             9.65695E-09       23.1195E-06 
               97.3695             9.73695E-09       23.2374E-06 
               98.1695             9.81695E-09       23.3533E-06 
               98.9695             9.89695E-09       23.4672E-06 
               99.7695             9.97695E-09       23.5793E-06 
              100.57              10.057E-09         23.6895E-06 
              101.37              10.137E-09         23.7981E-06 
              102.17              10.217E-09         23.9051E-06 
              102.97              10.297E-09         24.0104E-06 
              103.77              10.377E-09         24.1143E-06 
              104.57              10.457E-09         24.2166E-06 
              105.37              10.537E-09         24.3176E-06 
              106.17              10.617E-09         24.4172E-06 
              106.97              10.697E-09         24.5154E-06 
              107.77              10.777E-09         24.6124E-06 
              108.57              10.857E-09         24.7082E-06 
              109.37              10.937E-09         24.8028E-06 
              110.17              11.017E-09         24.8962E-06 
              110.97              11.097E-09         24.9885E-06 
              111.77              11.177E-09         25.0796E-06 
              112.57              11.257E-09         25.1696E-06 
              113.37              11.337E-09         25.2586E-06 
              114.17              11.417E-09         25.3464E-06 
              114.97              11.497E-09         25.4333E-06 
              115.77              11.577E-09         25.5191E-06 
              116.57              11.657E-09         25.604E-06  
              117.37              11.737E-09         25.688E-06  
              118.17              11.817E-09         25.771E-06  
              118.97              11.897E-09         25.8533E-06 
              119.77              11.977E-09         26.1445E-06 
              120.57              12.057E-09         26.513E-06  
              121.37              12.137E-09         26.932E-06  
              122.17              12.217E-09         27.3002E-06 
              122.97              12.297E-09         27.661E-06  
              123.77              12.377E-09         28.279E-06  
              124.57              12.457E-09         29.0011E-06 
              125.37              12.537E-09         29.6453E-06 
              126.17              12.617E-09         30.2266E-06 
              126.97              12.697E-09         30.7515E-06 
              127.77              12.777E-09         31.2302E-06 
              128.57              12.857E-09         31.6645E-06 
              129.37              12.937E-09         32.0471E-06 
              130.17              13.017E-09         32.3869E-06 
              130.97              13.097E-09         32.6966E-06 
              131.77              13.177E-09         32.9819E-06 
              132.57              13.257E-09         33.2478E-06 
              133.37              13.337E-09         33.4975E-06 
              134.17              13.417E-09         33.7328E-06 
              134.97              13.497E-09         33.9552E-06 
              135.77              13.577E-09         34.1661E-06 
              136.57              13.657E-09         34.3668E-06 
              137.37              13.737E-09         34.5583E-06 
              138.17              13.817E-09         34.7418E-06 
              138.97              13.897E-09         34.9185E-06 
              139.77              13.977E-09         35.0889E-06 
              140.57              14.057E-09         35.2536E-06 
              141.37              14.137E-09         35.413E-06  
              142.17              14.217E-09         35.5675E-06 
              142.97              14.297E-09         35.7177E-06 
              143.77              14.377E-09         35.8641E-06 
              144.57              14.457E-09         36.0072E-06 
              145.37              14.537E-09         36.1472E-06 
              146.17              14.617E-09         36.2846E-06 
              146.97              14.697E-09         36.4193E-06 
              147.77              14.777E-09         36.5517E-06 
              148.57              14.857E-09         36.682E-06  
              149.37              14.937E-09         36.8102E-06 
              150.17              15.017E-09         36.9366E-06 
              150.97              15.097E-09         37.0611E-06 
              151.77              15.177E-09         37.1839E-06 
              152.57              15.257E-09         37.3052E-06 
              153.37              15.337E-09         37.425E-06  
              154.17              15.417E-09         37.5434E-06 
              154.97              15.497E-09         37.6604E-06 
              155.77              15.577E-09         37.776E-06  
              156.57              15.657E-09         37.8902E-06 
              157.37              15.737E-09         38.0032E-06 
              158.17              15.817E-09         38.115E-06  
              158.97              15.897E-09         38.2256E-06 
              159.77              15.977E-09         38.335E-06  
              160.57              16.057E-09         38.4433E-06 
              161.37              16.137E-09         38.5504E-06 
              162.17              16.217E-09         38.6563E-06 
              162.97              16.297E-09         38.7611E-06 
              163.77              16.377E-09         38.8647E-06 
              164.57              16.457E-09         38.9673E-06 
              165.37              16.537E-09         39.0688E-06 
              166.17              16.617E-09         39.1693E-06 
              166.97              16.697E-09         39.2689E-06 
              167.77              16.777E-09         39.3676E-06 
              168.57              16.857E-09         39.4655E-06 
              169.37              16.937E-09         39.5626E-06 
              170.17              17.017E-09         39.659E-06  
              170.97              17.097E-09         39.7545E-06 
              171.77              17.177E-09         39.8492E-06 
              172.57              17.257E-09         39.9432E-06 
              173.37              17.337E-09         40.0365E-06 
              174.17              17.417E-09         40.1291E-06 
              174.97              17.497E-09         40.2211E-06 
              175.77              17.577E-09         40.3126E-06 
              176.57              17.657E-09         40.4035E-06 
              177.37              17.737E-09         40.4937E-06 
              178.17              17.817E-09         40.5833E-06 
              178.97              17.897E-09         40.6722E-06 
              179.77              17.977E-09         40.7606E-06 
              180.57              18.057E-09         40.8483E-06 
              181.37              18.137E-09         40.9354E-06 
              182.17              18.217E-09         41.022E-06  
              182.97              18.297E-09         41.1082E-06 
              183.77              18.377E-09         41.1938E-06 
              184.57              18.457E-09         41.279E-06  
              185.37              18.537E-09         41.3636E-06 
              186.17              18.617E-09         41.4477E-06 
              186.97              18.697E-09         41.5313E-06 
              187.77              18.777E-09         41.6144E-06 
              188.57              18.857E-09         41.6971E-06 
              189.37              18.937E-09         41.7794E-06 
              190.17              19.017E-09         41.8612E-06 
              190.97              19.097E-09         41.9426E-06 
              191.77              19.177E-09         42.0236E-06 
              192.57              19.257E-09         42.1041E-06 
              193.37              19.337E-09         42.1843E-06 
              194.17              19.417E-09         42.264E-06  
              194.97              19.497E-09         42.3435E-06 
              195.77              19.577E-09         42.4226E-06 
              196.57              19.657E-09         42.5012E-06 
              197.37              19.737E-09         42.5795E-06 
              198.17              19.817E-09         42.6573E-06 
              198.97              19.897E-09         42.7348E-06 
              199.77              19.977E-09         42.812E-06  
              200.57              20.057E-09         42.8888E-06 
              201.37              20.137E-09         42.9653E-06 
              202.17              20.217E-09         43.0413E-06 
              202.97              20.297E-09         43.1169E-06 
              203.77              20.377E-09         43.1922E-06 
              204.57              20.457E-09         43.2672E-06 
              205.37              20.537E-09         43.3417E-06 
              206.17              20.617E-09         43.4159E-06 
              206.97              20.697E-09         43.4897E-06 
              207.77              20.777E-09         43.5632E-06 
              208.57              20.857E-09         43.6364E-06 
              209.37              20.937E-09         43.7093E-06 
              210.17              21.017E-09         43.7819E-06 
              210.97              21.097E-09         43.8541E-06 
              211.77              21.177E-09         43.9261E-06 
              212.57              21.257E-09         43.9978E-06 
              213.37              21.337E-09         44.0692E-06 
              214.17              21.417E-09         44.1403E-06 
              214.97              21.497E-09         44.2111E-06 
              215.77              21.577E-09         44.2816E-06 
              216.57              21.6569E-09        44.3518E-06 
              217.37              21.737E-09         44.4218E-06 
              218.17              21.817E-09         44.4915E-06 
              218.97              21.897E-09         44.561E-06  
              219.77              21.977E-09         44.6302E-06 
              220.57              22.057E-09         44.6991E-06 
              221.37              22.137E-09         44.7677E-06 
              222.17              22.217E-09         44.8361E-06 
              222.97              22.297E-09         44.9043E-06 
              223.77              22.377E-09         44.9721E-06 
              224.57              22.457E-09         45.0396E-06 
              225.37              22.537E-09         45.1068E-06 
              226.17              22.617E-09         45.1738E-06 
              226.97              22.697E-09         45.2405E-06 
              227.77              22.777E-09         45.3069E-06 
              228.57              22.857E-09         45.3731E-06 
              229.37              22.937E-09         45.4392E-06 
              230.17              23.017E-09         45.5049E-06 
              230.97              23.097E-09         45.5704E-06 
              231.77              23.177E-09         45.6357E-06 
              232.57              23.257E-09         45.7007E-06 
              233.37              23.337E-09         45.8153E-06 
              234.17              23.417E-09         46.2351E-06 
              234.97              23.497E-09         46.6511E-06 
              235.77              23.577E-09         47.0356E-06 
              236.57              23.657E-09         47.3902E-06 
              237.37              23.737E-09         47.7104E-06 
              238.17              23.817E-09         47.9921E-06 
              238.97              23.897E-09         48.243E-06  
              239.77              23.977E-09         48.4699E-06 
              240.57              24.057E-09         48.676E-06  
              241.37              24.137E-09         48.8634E-06 
              242.17              24.217E-09         49.0348E-06 
              242.97              24.297E-09         49.1935E-06 
              243.77              24.377E-09         49.3417E-06 
              244.57              24.457E-09         49.4798E-06 
              245.37              24.537E-09         49.6076E-06 
              246.17              24.617E-09         49.7254E-06 
              246.97              24.697E-09         49.8347E-06 
              247.77              24.777E-09         49.9375E-06 
              248.57              24.857E-09         50.0359E-06 
              249.37              24.937E-09         50.1308E-06 
              250.17              25.017E-09         50.223E-06  
              250.97              25.097E-09         50.3127E-06 
              251.77              25.177E-09         50.4002E-06 
              252.57              25.257E-09         50.5674E-06 
              253.37              25.337E-09         50.9584E-06 
              254.17              25.417E-09         51.3352E-06 
              254.97              25.497E-09         51.6895E-06 
              255.77              25.577E-09         52.0113E-06 
              256.57              25.657E-09         52.2943E-06 
              257.37              25.737E-09         52.5473E-06 
              258.17              25.817E-09         52.7778E-06 
              258.97              25.897E-09         52.9905E-06 
              259.77              25.977E-09         53.1887E-06 
              260.57              26.057E-09         53.3743E-06 
              261.37              26.137E-09         53.5484E-06 
              262.17              26.217E-09         53.7109E-06 
              262.97              26.297E-09         53.8622E-06 
              263.77              26.377E-09         54.0035E-06 
              264.57              26.457E-09         54.1371E-06 
              265.37              26.537E-09         54.2647E-06 
              266.17              26.617E-09         54.3876E-06 
              266.97              26.697E-09         54.5069E-06 
              267.77              26.777E-09         54.623E-06  
              268.57              26.857E-09         54.7361E-06 
              269.37              26.937E-09         54.8466E-06 
              270.17              27.017E-09         54.9548E-06 
              270.97              27.097E-09         55.0606E-06 
              271.77              27.177E-09         55.1643E-06 
              272.57              27.257E-09         55.2658E-06 
              273.37              27.337E-09         55.3653E-06 
              274.17              27.417E-09         55.4633E-06 
              274.97              27.497E-09         55.5598E-06 
              275.77              27.577E-09         55.6549E-06 
              276.57              27.657E-09         55.7489E-06 
              277.37              27.737E-09         55.8417E-06 
              278.17              27.817E-09         55.9334E-06 
              278.97              27.897E-09         56.024E-06  
              279.77              27.977E-09         56.1135E-06 
              280.57              28.057E-09         56.2019E-06 
              281.37              28.137E-09         56.2892E-06 
              282.17              28.217E-09         56.3754E-06 
              282.97              28.297E-09         56.4607E-06 
              283.77              28.377E-09         56.6446E-06 
              284.57              28.457E-09         56.843E-06  
              285.37              28.537E-09         57.0347E-06 
              286.17              28.617E-09         57.2189E-06 
              286.97              28.697E-09         57.396E-06  
              287.77              28.777E-09         57.5666E-06 
              288.57              28.857E-09         57.731E-06  
              289.37              28.937E-09         57.8887E-06 
              290.17              29.017E-09         58.0391E-06 
              290.97              29.097E-09         58.1823E-06 
              291.77              29.177E-09         58.3191E-06 
              292.57              29.257E-09         58.4505E-06 
              293.37              29.337E-09         58.5774E-06 
              294.17              29.417E-09         58.7E-06    
              294.97              29.497E-09         58.8184E-06 
              295.77              29.577E-09         58.9327E-06 
              296.57              29.657E-09         59.0431E-06 
              297.37              29.737E-09         59.1499E-06 
              298.17              29.817E-09         59.2535E-06 
              298.97              29.897E-09         59.354E-06  
              299.77              29.977E-09         59.4519E-06 
              300.57              30.057E-09         59.5478E-06 
              301.37              30.137E-09         59.6418E-06 
              302.17              30.217E-09         59.7345E-06 
              302.97              30.297E-09         59.8252E-06 
              303.77              30.377E-09         59.9139E-06 
              304.57              30.457E-09         60.0009E-06 
              305.37              30.537E-09         60.0862E-06 
              306.17              30.617E-09         60.1701E-06 
              306.97              30.697E-09         60.2528E-06 
              307.77              30.777E-09         60.3343E-06 
              308.57              30.857E-09         60.415E-06  
              309.37              30.937E-09         60.4949E-06 
              310.17              31.017E-09         60.574E-06  
              310.97              31.097E-09         60.6523E-06 
              311.77              31.177E-09         60.7297E-06 
              312.57              31.257E-09         60.8065E-06 
              313.37              31.337E-09         60.8825E-06 
              314.17              31.417E-09         60.958E-06  
              314.97              31.497E-09         61.0329E-06 
              315.77              31.577E-09         61.1073E-06 
              316.57              31.657E-09         61.1812E-06 
              317.37              31.737E-09         61.2547E-06 
              318.17              31.817E-09         61.3277E-06 
              318.97              31.897E-09         61.4004E-06 
              319.77              31.977E-09         61.4727E-06 
              320.57              32.057E-09         61.5446E-06 
              321.37              32.137E-09         61.6308E-06 
              322.17              32.217E-09         61.8886E-06 
              322.97              32.297E-09         62.1411E-06 
              323.77              32.377E-09         62.384E-06  
              324.57              32.457E-09         62.6172E-06 
              325.37              32.5369E-09        62.9988E-06 
              326.17              32.617E-09         63.579E-06  
              326.57              32.657E-09         63.9494E-06 
              327.17              32.717E-09         64.4805E-06 
              327.97              32.797E-09         65.1013E-06 
              328.77              32.877E-09         65.6509E-06 
              329.57              32.957E-09         66.1314E-06 
              330.37              33.037E-09         66.5502E-06 
              331.17              33.117E-09         66.9148E-06 
              331.97              33.197E-09         67.2356E-06 
              332.77              33.277E-09         67.5215E-06 
              333.57              33.357E-09         67.7771E-06 
              334.37              33.437E-09         68.0071E-06 
              335.17              33.517E-09         68.2172E-06 
              335.97              33.597E-09         68.466E-06  
              336.77              33.677E-09         68.7333E-06 
              337.57              33.757E-09         68.9815E-06 
              338.37              33.837E-09         69.2136E-06 
              339.17              33.917E-09         69.432E-06  
              339.97              33.997E-09         69.6393E-06 
              340.77              34.077E-09         69.8368E-06 
              341.57              34.157E-09         70.026E-06  
              342.37              34.237E-09         70.2076E-06 
              343.17              34.317E-09         70.3828E-06 
              343.97              34.397E-09         70.5522E-06 
              344.77              34.477E-09         70.7162E-06 
              345.57              34.557E-09         70.8753E-06 
              346.37              34.637E-09         71.0294E-06 
              347.17              34.717E-09         71.1786E-06 
              347.97              34.797E-09         71.3233E-06 
              348.77              34.877E-09         71.4639E-06 
              349.57              34.957E-09         71.601E-06  
              350.37              35.037E-09         71.735E-06  
              351.17              35.117E-09         71.8663E-06 
              351.97              35.197E-09         71.9949E-06 
              352.77              35.277E-09         72.1212E-06 
              353.57              35.357E-09         72.2452E-06 
              354.37              35.437E-09         72.3673E-06 
              355.17              35.517E-09         72.4874E-06 
              355.97              35.597E-09         72.6056E-06 
              356.77              35.677E-09         72.722E-06  
              357.57              35.757E-09         72.8367E-06 
              358.37              35.8369E-09        72.9853E-06 
              359.17              35.917E-09         73.2587E-06 
              359.97              35.997E-09         73.5168E-06 
              360.77              36.077E-09         73.7603E-06 
              361.57              36.157E-09         73.9898E-06 
              362.37              36.237E-09         74.2064E-06 
              363.17              36.317E-09         74.4114E-06 
              363.97              36.397E-09         74.606E-06  
              364.77              36.477E-09         74.7909E-06 
              365.57              36.557E-09         74.9672E-06 
              366.37              36.637E-09         75.1362E-06 
              367.17              36.717E-09         75.2991E-06 
              367.97              36.797E-09         75.4566E-06 
              368.77              36.8769E-09        75.6094E-06 
              369.57              36.957E-09         75.7581E-06 
              370.37              37.037E-09         75.9028E-06 
              371.17              37.117E-09         76.044E-06  
              371.97              37.1969E-09        76.1816E-06 
              372.77              37.277E-09         76.3155E-06 
              373.57              37.357E-09         76.4457E-06 
              374.37              37.437E-09         76.5723E-06 
              375.17              37.517E-09         76.6958E-06 
              375.97              37.597E-09         76.8166E-06 
              376.77              37.677E-09         76.9352E-06 
              377.57              37.757E-09         77.0519E-06 
              378.37              37.837E-09         77.1667E-06 
              379.17              37.917E-09         77.2797E-06 
              379.97              37.997E-09         77.3911E-06 
              380.77              38.077E-09         77.501E-06  
              381.57              38.157E-09         77.3017E-06 
              382.37              38.2369E-09        77.4648E-06 
              383.17              38.317E-09         77.6775E-06 
              383.97              38.397E-09         77.8192E-06 
              384.77              38.477E-09         77.9607E-06 
              385.57              38.557E-09         78.0929E-06 
              386.37              38.637E-09         78.216E-06  
              387.17              38.717E-09         78.3325E-06 
              387.97              38.797E-09         78.4442E-06 
              388.77              38.8769E-09        78.5524E-06 
              389.57              38.957E-09         78.6578E-06 
              390.37              39.037E-09         78.7611E-06 
              391.17              39.117E-09         78.8628E-06 
              391.97              39.197E-09         78.9631E-06 
              392.77              39.277E-09         79.0623E-06 
              393.57              39.357E-09         79.1605E-06 
              394.37              39.437E-09         79.2579E-06 
              395.17              39.517E-09         79.3544E-06 
              395.97              39.597E-09         79.4502E-06 
              396.77              39.677E-09         79.5453E-06 
              397.57              39.757E-09         79.64E-06   
              398.37              39.837E-09         79.7341E-06 
              399.17              39.917E-09         79.8278E-06 
              399.97              39.997E-09         79.9211E-06 
              400.77              40.077E-09         80.0141E-06 
              401.57              40.157E-09         80.1068E-06 
              402.37              40.237E-09         80.199E-06  
              403.17              40.317E-09         80.2909E-06 
              403.97              40.397E-09         80.3826E-06 
              404.77              40.477E-09         80.474E-06  
              405.57              40.557E-09         80.5652E-06 
              406.37              40.6369E-09        80.6561E-06 
              407.17              40.717E-09         80.7469E-06 
              407.97              40.797E-09         80.8374E-06 
              408.77              40.877E-09         80.9276E-06 
              409.57              40.957E-09         81.0175E-06 
              410.37              41.037E-09         81.1071E-06 
              411.17              41.117E-09         81.1963E-06 
              411.97              41.197E-09         81.2853E-06 
              412.77              41.277E-09         81.3739E-06 
              413.57              41.357E-09         81.4623E-06 
              414.37              41.437E-09         81.5505E-06 
              415.17              41.517E-09         81.6384E-06 
              415.97              41.597E-09         81.726E-06  
              416.77              41.6769E-09        81.8134E-06 
              417.57              41.757E-09         81.9005E-06 
              418.37              41.837E-09         81.9874E-06 
              419.17              41.917E-09         82.0741E-06 
              419.97              41.997E-09         82.1606E-06 
              420.77              42.077E-09         82.2469E-06 
              421.57              42.157E-09         82.3329E-06 
              422.37              42.237E-09         82.4187E-06 
              423.17              42.317E-09         82.5042E-06 
              423.97              42.3969E-09        82.5896E-06 
              424.77              42.477E-09         82.6748E-06 
              425.57              42.557E-09         82.7599E-06 
              426.37              42.637E-09         82.8448E-06 
              427.17              42.7169E-09        82.9295E-06 
              427.97              42.797E-09         83.0141E-06 
              428.77              42.877E-09         83.0984E-06 
              429.57              42.957E-09         83.1827E-06 
              430.37              43.037E-09         83.259E-06  
              431.17              43.117E-09         83.3487E-06 
              431.97              43.197E-09         83.4348E-06 
              432.77              43.277E-09         83.5195E-06 
              433.57              43.357E-09         83.6034E-06 
              434.37              43.437E-09         83.687E-06  
              435.17              43.517E-09         83.7704E-06 
              435.97              43.597E-09         83.8536E-06 
              436.77              43.6769E-09        83.9366E-06 
              437.57              43.757E-09         84.0199E-06 
              438.37              43.837E-09         84.1025E-06 
              439.17              43.917E-09         84.1852E-06 
              439.97              43.997E-09         84.2678E-06 
              440.77              44.077E-09         84.3505E-06 
              441.57              44.157E-09         84.4331E-06 
              442.37              44.237E-09         84.5156E-06 
              443.17              44.317E-09         84.598E-06  
              443.97              44.397E-09         84.6802E-06 
              444.77              44.477E-09         84.7623E-06 
              445.57              44.557E-09         84.8442E-06 
              446.37              44.637E-09         84.926E-06  
              447.17              44.7169E-09        85.0224E-06 
              447.97              44.797E-09         85.097E-06  
              448.77              44.877E-09         85.1748E-06 
              449.57              44.957E-09         85.2542E-06 
              450.37              45.037E-09         85.3342E-06 
              451.17              45.117E-09         85.4147E-06 
              451.97              45.197E-09         85.4953E-06 
              452.77              45.277E-09         85.576E-06  
              453.57              45.357E-09         85.6567E-06 
              454.37              45.437E-09         85.7375E-06 
              455.17              45.517E-09         85.8182E-06 
              455.97              45.597E-09         85.8989E-06 
              456.77              45.677E-09         85.9795E-06 
              457.57              45.757E-09         86.0602E-06 
              458.37              45.837E-09         86.1409E-06 
              459.17              45.917E-09         86.2217E-06 
              459.97              45.997E-09         86.3024E-06 
              460.77              46.077E-09         86.3831E-06 
              461.57              46.157E-09         86.4637E-06 
              462.37              46.237E-09         86.5441E-06 
              463.17              46.317E-09         86.6243E-06 
              463.97              46.397E-09         86.7043E-06 
              464.77              46.477E-09         86.7842E-06 
              465.57              46.557E-09         86.8536E-06 
              466.37              46.637E-09         86.9393E-06 
              467.17              46.717E-09         87.0219E-06 
              467.97              46.797E-09         87.1031E-06 
              468.77              46.877E-09         87.1836E-06 
              469.57              46.957E-09         87.2636E-06 
              470.37              47.037E-09         87.3434E-06 
              471.17              47.117E-09         87.4231E-06 
              471.97              47.1969E-09        87.5026E-06 
              472.77              47.277E-09         87.582E-06  
              473.57              47.357E-09         87.6614E-06 
              474.37              47.437E-09         87.7407E-06 
              475.17              47.5169E-09        87.8201E-06 
              475.97              47.597E-09         87.8994E-06 
              476.77              47.677E-09         87.9785E-06 
              477.57              47.757E-09         88.0576E-06 
              478.37              47.837E-09         88.1367E-06 
              479.17              47.917E-09         88.2157E-06 
              479.97              47.997E-09         88.2946E-06 
              480.77              48.077E-09         88.3735E-06 
              481.57              48.157E-09         88.4524E-06 
              482.37              48.2369E-09        88.5315E-06 
              483.17              48.317E-09         88.6107E-06 
              483.97              48.397E-09         88.6901E-06 
              484.77              48.477E-09         88.8232E-06 
              485.57              48.5569E-09        88.8642E-06 
              486.37              48.637E-09         88.9346E-06 
              487.17              48.717E-09         89.0104E-06 
              487.97              48.797E-09         89.088E-06  
              488.77              48.877E-09         89.1663E-06 
              489.57              48.957E-09         89.2447E-06 
              490.37              49.037E-09         89.3233E-06 
              491.17              49.117E-09         89.402E-06  
              491.97              49.197E-09         89.4808E-06 
              492.77              49.277E-09         89.5595E-06 
              493.57              49.357E-09         89.6384E-06 
              494.37              49.437E-09         89.7172E-06 
              495.17              49.5169E-09        89.796E-06  
              495.97              49.597E-09         89.8747E-06 
              496.77              49.677E-09         89.9533E-06 
              497.57              49.757E-09         90.0318E-06 
              498.37              49.837E-09         90.1102E-06 
              499.17              49.917E-09         90.1882E-06 
              499.97              49.997E-09         90.2665E-06 
              500.77              50.077E-09         90.3447E-06 
              501.57              50.157E-09         90.4313E-06 
              502.37              50.2369E-09        90.7455E-06 
              503.17              50.317E-09         91.0484E-06 
              503.97              50.397E-09         91.3325E-06 
              504.77              50.477E-09         91.5963E-06 
              505.57              50.5569E-09        91.8417E-06 
              506.37              50.637E-09         92.0698E-06 
              507.17              50.717E-09         92.2795E-06 
              507.97              50.797E-09         92.4719E-06 
              508.77              50.877E-09         92.6495E-06 
              509.57              50.957E-09         92.8159E-06 
              510.37              51.037E-09         92.8928E-06 
              511.17              51.117E-09         93.1204E-06 
              511.97              51.197E-09         93.2677E-06 
              512.77              51.277E-09         93.4168E-06 
              513.57              51.357E-09         93.5567E-06 
              514.37              51.437E-09         93.689E-06  
              515.169             51.517E-09         93.8154E-06 
              515.97              51.597E-09         93.9371E-06 
              516.77              51.677E-09         94.0547E-06 
              517.57              51.757E-09         94.1691E-06 
              518.37              51.837E-09         94.2806E-06 
              519.169             51.917E-09         94.3897E-06 
              519.97              51.9969E-09        94.4966E-06 
              520.77              52.077E-09         94.6016E-06 
              521.57              52.157E-09         94.705E-06  
              522.37              52.237E-09         94.8067E-06 
              523.169             52.317E-09         94.9069E-06 
              523.97              52.397E-09         95.0055E-06 
              524.77              52.477E-09         95.1029E-06 
              525.57              52.557E-09         95.199E-06  
              526.37              52.637E-09         95.2942E-06 
              527.169             52.717E-09         95.3885E-06 
              527.97              52.797E-09         95.4818E-06 
              528.77              52.877E-09         95.5744E-06 
              529.57              52.957E-09         95.6661E-06 
              530.37              53.037E-09         95.7571E-06 
              531.169             53.117E-09         95.8474E-06 
              531.97              53.197E-09         95.9371E-06 
              532.77              53.277E-09         96.026E-06  
              533.57              53.3569E-09        96.1144E-06 
              534.37              53.437E-09         96.2023E-06 
              535.169             53.517E-09         96.2898E-06 
              535.97              53.597E-09         96.377E-06  
              536.77              53.677E-09         96.4638E-06 
              537.57              53.757E-09         96.5503E-06 
              538.37              53.837E-09         96.6365E-06 
              539.169             53.917E-09         96.7224E-06 
              539.97              53.997E-09         96.808E-06  
              540.77              54.077E-09         96.8934E-06 
              541.57              54.157E-09         96.9785E-06 
              542.37              54.237E-09         97.0634E-06 
              543.169             54.317E-09         97.148E-06  
              543.97              54.397E-09         97.2322E-06 
              544.77              54.477E-09         97.3161E-06 
              545.57              54.557E-09         97.3997E-06 
              546.37              54.637E-09         97.4831E-06 
              547.169             54.717E-09         97.5663E-06 
              547.97              54.797E-09         97.6493E-06 
              548.77              54.877E-09         97.7321E-06 
              549.57              54.957E-09         97.8148E-06 
              550.37              55.0369E-09        97.8973E-06 
              551.169             55.117E-09         98.0333E-06 
              551.97              55.197E-09         98.329E-06  
              552.77              55.277E-09         98.6057E-06 
              553.57              55.357E-09         98.867E-06  
              554.37              55.437E-09         99.1111E-06 
              555.169             55.517E-09         99.3384E-06 
              555.97              55.597E-09         99.5507E-06 
              556.77              55.677E-09         99.7499E-06 
              557.57              55.757E-09         99.9385E-06 
              558.37              55.837E-09        100.118E-06  
              559.169             55.917E-09        100.29E-06   
              559.97              55.997E-09        100.456E-06  
              560.77              56.077E-09        100.615E-06  
              561.57              56.157E-09        100.768E-06  
              562.37              56.237E-09        100.916E-06  
              563.169             56.317E-09        101.06E-06   
              563.97              56.3969E-09       101.199E-06  
              564.77              56.477E-09        101.334E-06  
              565.57              56.557E-09        101.466E-06  
              566.37              56.637E-09        101.594E-06  
              567.169             56.717E-09        101.719E-06  
              567.97              56.797E-09        101.842E-06  
              568.77              56.877E-09        101.961E-06  
              569.57              56.957E-09        102.078E-06  
              570.37              57.037E-09        102.192E-06  
              571.169             57.117E-09        102.304E-06  
              571.97              57.197E-09        102.414E-06  
              572.77              57.277E-09        102.523E-06  
              573.57              57.357E-09        102.643E-06  
              574.37              57.437E-09        102.782E-06  
              575.169             57.517E-09        102.915E-06  
              575.97              57.597E-09        103.044E-06  
              576.77              57.677E-09        103.169E-06  
              577.57              57.757E-09        103.292E-06  
              578.37              57.837E-09        103.411E-06  
              579.169             57.917E-09        103.587E-06  
              579.97              57.997E-09        103.752E-06  
              580.77              58.077E-09        103.91E-06   
              581.57              58.157E-09        104.061E-06  
              582.37              58.237E-09        104.206E-06  
              583.169             58.317E-09        104.345E-06  
              583.97              58.397E-09        104.481E-06  
              584.77              58.477E-09        104.613E-06  
              585.57              58.557E-09        105.038E-06  
              586.37              58.637E-09        105.471E-06  
              587.169             58.717E-09        105.888E-06  
              587.97              58.797E-09        106.276E-06  
              588.77              58.877E-09        106.633E-06  
              589.57              58.957E-09        106.96E-06   
              590.37              59.037E-09        107.254E-06  
              591.169             59.117E-09        107.516E-06  
              591.97              59.197E-09        107.789E-06  
              592.77              59.277E-09        108.254E-06  
              593.57              59.357E-09        108.731E-06  
              594.37              59.437E-09        109.2E-06    
              595.169             59.517E-09        109.639E-06  
              595.97              59.597E-09        110.049E-06  
              596.77              59.677E-09        110.432E-06  
              597.57              59.757E-09        110.789E-06  
              598.37              59.837E-09        111.122E-06  
              599.169             59.917E-09        111.432E-06  
              599.97              59.997E-09        111.722E-06  
              600.77              60.077E-09        111.992E-06  
              601.57              60.157E-09        112.241E-06  
              602.37              60.237E-09        112.473E-06  
              603.169             60.317E-09        112.69E-06   
              603.97              60.397E-09        112.895E-06  
              604.77              60.477E-09        113.089E-06  
              605.57              60.557E-09        113.273E-06  
              606.37              60.637E-09        113.449E-06  
              607.169             60.717E-09        113.617E-06  
              607.97              60.797E-09        113.78E-06   
              608.77              60.877E-09        113.937E-06  
              609.57              60.957E-09        114.089E-06  
              610.37              61.037E-09        114.237E-06  
              611.169             61.117E-09        114.381E-06  
              611.97              61.197E-09        114.523E-06  
              612.77              61.277E-09        114.659E-06  
              613.57              61.3569E-09       114.794E-06  
              614.37              61.4369E-09       114.925E-06  
              615.169             61.517E-09        115.054E-06  
              615.97              61.597E-09        115.18E-06   
              616.77              61.677E-09        115.303E-06  
              617.57              61.757E-09        115.425E-06  
              618.37              61.837E-09        115.544E-06  
              619.169             61.917E-09        115.661E-06  
              619.97              61.997E-09        115.777E-06  
              620.77              62.077E-09        115.891E-06  
              621.57              62.1569E-09       116.005E-06  
              622.37              62.237E-09        116.117E-06  
              623.169             62.317E-09        116.228E-06  
              623.97              62.397E-09        116.338E-06  
              624.77              62.477E-09        116.448E-06  
              625.57              62.557E-09        116.557E-06  
              626.37              62.637E-09        116.665E-06  
              627.169             62.717E-09        116.773E-06  
              627.97              62.797E-09        116.88E-06   
              628.77              62.877E-09        116.986E-06  
              629.57              62.957E-09        117.091E-06  
              630.37              63.037E-09        117.196E-06  
              631.169             63.117E-09        117.301E-06  
              631.97              63.197E-09        117.406E-06  
              632.77              63.277E-09        117.509E-06  
              633.57              63.357E-09        117.613E-06  
              634.37              63.4369E-09       117.716E-06  
              635.169             63.517E-09        117.819E-06  
              635.97              63.597E-09        117.921E-06  
              636.77              63.677E-09        118.023E-06  
              637.57              63.757E-09        118.124E-06  
              638.37              63.837E-09        118.225E-06  
              639.169             63.917E-09        118.326E-06  
              639.97              63.997E-09        118.526E-06  
              640.77              64.077E-09        118.718E-06  
              641.57              64.157E-09        118.9E-06    
              642.37              64.2369E-09       119.073E-06  
              643.169             64.317E-09        119.237E-06  
              643.97              64.397E-09        119.395E-06  
              644.77              64.477E-09        119.547E-06  
              645.57              64.557E-09        119.708E-06  
              646.37              64.637E-09        119.842E-06  
              647.169             64.717E-09        119.981E-06  
              647.97              64.7969E-09       120.119E-06  
              648.77              64.877E-09        120.254E-06  
              649.57              64.957E-09        120.388E-06  
              650.37              65.0369E-09       120.52E-06   
              651.169             65.117E-09        120.651E-06  
              651.97              65.197E-09        120.779E-06  
              652.77              65.277E-09        120.906E-06  
              653.57              65.357E-09        121.03E-06   
              654.37              65.437E-09        121.153E-06  
              655.169             65.517E-09        121.273E-06  
              655.97              65.5969E-09       121.393E-06  
              656.77              65.677E-09        121.511E-06  
              657.57              65.757E-09        121.628E-06  
              658.37              65.837E-09        121.743E-06  
              659.169             65.917E-09        121.858E-06  
              659.97              65.997E-09        121.972E-06  
              660.77              66.077E-09        122.085E-06  
              661.57              66.157E-09        122.197E-06  
              662.37              66.237E-09        122.309E-06  
              663.169             66.317E-09        122.42E-06   
              663.97              66.3969E-09       122.53E-06   
              664.77              66.477E-09        122.639E-06  
              665.57              66.557E-09        122.685E-06  
              666.37              66.637E-09        122.835E-06  
              667.169             66.717E-09        122.946E-06  
              667.97              66.797E-09        123.063E-06  
              668.77              66.8769E-09       123.221E-06  
              669.57              66.957E-09        123.483E-06  
              670.37              67.037E-09        123.559E-06  
              671.169             67.117E-09        123.688E-06  
              671.97              67.197E-09        123.823E-06  
              672.77              67.277E-09        123.96E-06   
              673.57              67.357E-09        124.095E-06  
              674.37              67.437E-09        124.229E-06  
              675.169             67.517E-09        124.361E-06  
              675.97              67.5969E-09       124.491E-06  
              676.77              67.6769E-09       124.62E-06   
              677.57              67.757E-09        124.752E-06  
              678.37              67.837E-09        124.875E-06  
              679.169             67.917E-09        124.998E-06  
              679.97              67.997E-09        125.121E-06  
              680.77              68.077E-09        125.243E-06  
              681.57              68.157E-09        125.365E-06  
              682.37              68.2369E-09       125.485E-06  
              683.169             68.3169E-09       125.604E-06  
              683.97              68.397E-09        125.723E-06  
              684.77              68.477E-09        125.841E-06  
              685.57              68.557E-09        125.958E-06  
              686.37              68.637E-09        126.074E-06  
              687.169             68.717E-09        126.189E-06  
              687.97              68.797E-09        126.303E-06  
              688.77              68.877E-09        126.57E-06   
              689.57              68.9569E-09       126.639E-06  
              690.37              69.0369E-09       126.765E-06  
              691.169             69.117E-09        126.9E-06    
              691.97              69.197E-09        127.035E-06  
              692.77              69.277E-09        127.168E-06  
              693.57              69.357E-09        127.3E-06    
              694.37              69.437E-09        127.43E-06   
              695.169             69.517E-09        127.559E-06  
              695.97              69.597E-09        127.686E-06  
              696.77              69.6769E-09       127.812E-06  
              697.57              69.757E-09        127.937E-06  
              698.37              69.837E-09        128.061E-06  
              699.169             69.917E-09        128.185E-06  
              699.97              69.997E-09        128.307E-06  
              700.77              70.077E-09        128.429E-06  
              701.57              70.157E-09        128.55E-06   
              702.37              70.237E-09        128.671E-06  
              703.169             70.3169E-09       128.791E-06  
              703.97              70.3969E-09       128.91E-06   
              704.77              70.477E-09        129.029E-06  
              705.57              70.557E-09        129.147E-06  
              706.37              70.637E-09        129.264E-06  
              707.169             70.717E-09        129.382E-06  
              707.97              70.797E-09        129.498E-06  
              708.77              70.877E-09        129.615E-06  
              709.57              70.957E-09        129.731E-06  
              710.37              71.0369E-09       129.847E-06  
              711.169             71.1169E-09       129.962E-06  
              711.97              71.197E-09        130.077E-06  
              712.77              71.277E-09        130.192E-06  
              713.57              71.357E-09        130.307E-06  
              714.37              71.437E-09        130.421E-06  
              715.169             71.517E-09        130.535E-06  
              715.97              71.597E-09        130.648E-06  
              716.77              71.6769E-09       130.762E-06  
              717.57              71.757E-09        130.875E-06  
              718.37              71.837E-09        130.987E-06  
              719.169             71.917E-09        131.1E-06    
              719.97              71.997E-09        131.212E-06  
              720.77              72.077E-09        131.324E-06  
              721.57              72.157E-09        131.435E-06  
              722.37              72.237E-09        131.546E-06  
              723.169             72.317E-09        131.657E-06  
              723.97              72.3969E-09       131.768E-06  
              724.77              72.4769E-09       131.878E-06  
              725.57              72.557E-09        131.988E-06  
              726.37              72.637E-09        132.097E-06  
              727.169             72.717E-09        132.206E-06  
              727.97              72.797E-09        132.315E-06  
              728.77              72.877E-09        132.424E-06  
              729.57              72.957E-09        132.533E-06  
              730.37              73.037E-09        132.641E-06  
              731.169             73.117E-09        132.749E-06  
              731.97              73.197E-09        132.857E-06  
              732.77              73.277E-09        132.965E-06  
              733.57              73.357E-09        133.073E-06  
              734.37              73.437E-09        133.181E-06  
              735.169             73.517E-09        133.288E-06  
              735.97              73.597E-09        133.396E-06  
              736.77              73.6769E-09       133.503E-06  
              737.57              73.757E-09        133.61E-06   
              738.37              73.837E-09        133.718E-06  
              739.169             73.917E-09        133.825E-06  
              739.97              73.997E-09        133.932E-06  
              740.77              74.077E-09        134.039E-06  
              741.57              74.157E-09        134.145E-06  
              742.37              74.237E-09        134.251E-06  
              743.169             74.317E-09        134.357E-06  
              743.97              74.3969E-09       134.464E-06  
              744.77              74.477E-09        134.569E-06  
              745.57              74.5569E-09       134.675E-06  
              746.37              74.637E-09        134.781E-06  
              747.169             74.717E-09        134.886E-06  
              747.97              74.797E-09        134.992E-06  
              748.77              74.877E-09        135.098E-06  
              749.57              74.957E-09        135.203E-06  
              750.37              75.037E-09        135.309E-06  
              751.169             75.117E-09        135.414E-06  
              751.97              75.197E-09        135.52E-06   
              752.77              75.277E-09        135.625E-06  
              753.57              75.357E-09        135.73E-06   
              754.37              75.437E-09        135.836E-06  
              755.169             75.517E-09        135.941E-06  
              755.97              75.597E-09        136.047E-06  
              756.77              75.677E-09        136.152E-06  
              757.57              75.757E-09        136.257E-06  
              758.37              75.837E-09        136.363E-06  
              759.169             75.9169E-09       136.468E-06  
              759.97              75.997E-09        136.573E-06  
              760.77              76.077E-09        136.678E-06  
              761.57              76.157E-09        136.784E-06  
              762.37              76.237E-09        136.889E-06  
              763.169             76.317E-09        136.994E-06  
              763.97              76.397E-09        137.1E-06    
              764.77              76.4769E-09       137.205E-06  
              765.57              76.557E-09        137.31E-06   
              766.37              76.637E-09        137.415E-06  
              767.169             76.7169E-09       137.521E-06  
              767.97              76.797E-09        137.626E-06  
              768.77              76.877E-09        137.731E-06  
              769.57              76.957E-09        137.836E-06  
              770.37              77.037E-09        137.941E-06  
              771.169             77.117E-09        138.046E-06  
              771.97              77.1969E-09       138.151E-06  
              772.77              77.277E-09        138.281E-06  
              773.57              77.357E-09        138.529E-06  
              774.37              77.437E-09        138.772E-06  
              775.169             77.517E-09        139.01E-06   
              775.97              77.597E-09        139.24E-06   
              776.77              77.677E-09        139.463E-06  
              777.57              77.757E-09        139.678E-06  
              778.37              77.837E-09        139.887E-06  
              779.169             77.9169E-09       140.089E-06  
              779.97              77.9969E-09       140.285E-06  
              780.77              78.077E-09        140.475E-06  
              781.57              78.157E-09        140.66E-06   
              782.37              78.237E-09        140.838E-06  
              783.169             78.317E-09        141.009E-06  
              783.97              78.397E-09        141.175E-06  
              784.77              78.477E-09        141.335E-06  
              785.57              78.5569E-09       141.49E-06   
              786.37              78.637E-09        141.642E-06  
              787.169             78.717E-09        141.79E-06   
              787.97              78.797E-09        141.936E-06  
              788.77              78.877E-09        142.08E-06   
              789.57              78.957E-09        142.221E-06  
              790.37              79.037E-09        142.361E-06  
              791.169             79.117E-09        142.5E-06    
              791.97              79.197E-09        142.636E-06  
              792.77              79.2769E-09       142.772E-06  
              793.57              79.3569E-09       142.905E-06  
              794.37              79.437E-09        143.036E-06  
              795.169             79.517E-09        143.165E-06  
              795.97              79.597E-09        143.292E-06  
              796.77              79.677E-09        143.418E-06  
              797.57              79.757E-09        143.542E-06  
              798.37              79.837E-09        143.666E-06  
              799.169             79.9169E-09       143.788E-06  
              799.97              79.9969E-09       143.909E-06  
              800.77              80.077E-09        144.03E-06   
              801.57              80.157E-09        144.15E-06   
              802.37              80.237E-09        144.27E-06   
              803.169             80.317E-09        144.389E-06  
              803.97              80.397E-09        144.508E-06  
              804.77              80.477E-09        144.626E-06  
              805.57              80.557E-09        144.745E-06  
              806.37              80.6369E-09       144.862E-06  
              807.169             80.7169E-09       144.98E-06   
              807.97              80.797E-09        145.097E-06  
              808.77              80.877E-09        145.214E-06  
              809.57              80.957E-09        145.197E-06  
              810.37              81.037E-09        145.423E-06  
              811.169             81.117E-09        145.519E-06  
              811.97              81.197E-09        145.639E-06  
              812.77              81.277E-09        145.759E-06  
              813.57              81.3569E-09       145.878E-06  
              814.37              81.437E-09        145.996E-06  
              815.169             81.517E-09        146.113E-06  
              815.97              81.597E-09        146.23E-06   
              816.77              81.677E-09        146.345E-06  
              817.57              81.757E-09        146.461E-06  
              818.37              81.837E-09        146.576E-06  
              819.169             81.917E-09        146.69E-06   
              819.97              81.9969E-09       146.805E-06  
              820.77              82.077E-09        146.919E-06  
              821.57              82.157E-09        147.058E-06  
              822.37              82.237E-09        147.208E-06  
              823.169             82.317E-09        147.356E-06  
              823.97              82.397E-09        147.499E-06  
              824.77              82.477E-09        147.64E-06   
              825.57              82.557E-09        147.778E-06  
              826.37              82.637E-09        147.914E-06  
              827.169             82.7169E-09       148.048E-06  
              827.97              82.7969E-09       148.181E-06  
              828.77              82.877E-09        148.32E-06   
              829.57              82.957E-09        148.445E-06  
              830.37              83.037E-09        148.634E-06  
              831.169             83.117E-09        148.843E-06  
              831.97              83.197E-09        149.048E-06  
              832.77              83.2769E-09       149.246E-06  
              833.57              83.3569E-09       149.438E-06  
              834.37              83.437E-09        149.624E-06  
              835.169             83.517E-09        149.804E-06  
              835.97              83.597E-09        149.981E-06  
              836.77              83.677E-09        150.153E-06  
              837.57              83.757E-09        150.321E-06  
              838.37              83.837E-09        150.486E-06  
              839.169             83.917E-09        150.648E-06  
              839.97              83.9969E-09       150.807E-06  
              840.77              84.077E-09        150.963E-06  
              841.57              84.1569E-09       151.129E-06  
              842.37              84.237E-09        151.349E-06  
              843.169             84.317E-09        151.563E-06  
              843.97              84.397E-09        151.771E-06  
              844.77              84.477E-09        151.971E-06  
              845.57              84.557E-09        152.163E-06  
              846.37              84.637E-09        152.348E-06  
              847.169             84.717E-09        152.527E-06  
              847.97              84.797E-09        152.701E-06  
              848.77              84.8769E-09       152.871E-06  
              849.57              84.957E-09        153.037E-06  
              850.37              85.037E-09        153.199E-06  
              851.169             85.117E-09        153.357E-06  
              851.97              85.197E-09        153.513E-06  
              852.77              85.277E-09        153.666E-06  
              853.57              85.3569E-09       153.816E-06  
              854.37              85.437E-09        153.963E-06  
              855.169             85.517E-09        154.109E-06  
              855.97              85.597E-09        154.253E-06  
              856.77              85.677E-09        154.429E-06  
              857.57              85.757E-09        154.713E-06  
              858.37              85.837E-09        154.986E-06  
              859.169             85.917E-09        155.247E-06  
              859.97              85.997E-09        155.498E-06  
              860.77              86.077E-09        155.738E-06  
              861.57              86.157E-09        155.969E-06  
              862.37              86.2369E-09       156.191E-06  
              863.169             86.317E-09        156.406E-06  
              863.97              86.397E-09        156.615E-06  
              864.77              86.477E-09        156.818E-06  
              865.57              86.557E-09        157.015E-06  
              866.37              86.637E-09        157.208E-06  
              867.169             86.7169E-09       157.397E-06  
              867.97              86.7969E-09       157.582E-06  
              868.77              86.877E-09        157.763E-06  
              869.57              86.957E-09        157.942E-06  
              870.37              87.037E-09        158.118E-06  
              871.169             87.117E-09        158.291E-06  
              871.97              87.197E-09        158.462E-06  
              872.77              87.277E-09        158.63E-06   
              873.57              87.357E-09        158.796E-06  
              874.37              87.437E-09        158.959E-06  
              875.169             87.5169E-09       159.121E-06  
              875.97              87.5969E-09       159.28E-06   
              876.77              87.677E-09        159.436E-06  
              877.57              87.757E-09        159.59E-06   
              878.37              87.837E-09        159.742E-06  
              879.169             87.917E-09        159.891E-06  
              879.97              87.997E-09        160.039E-06  
              880.77              88.077E-09        160.185E-06  
              881.57              88.157E-09        160.33E-06   
              882.37              88.237E-09        160.474E-06  
              883.169             88.3169E-09       160.617E-06  
              883.97              88.397E-09        160.758E-06  
              884.77              88.477E-09        161.06E-06   
              885.57              88.557E-09        161.442E-06  
              886.37              88.637E-09        161.815E-06  
              887.169             88.717E-09        162.174E-06  
              887.97              88.797E-09        162.519E-06  
              888.77              88.8769E-09       162.848E-06  
              889.57              88.957E-09        163.294E-06  
              890.37              89.037E-09        163.842E-06  
              891.169             89.117E-09        164.374E-06  
              891.97              89.197E-09        164.883E-06  
              892.77              89.277E-09        165.359E-06  
              893.57              89.357E-09        165.802E-06  
              894.37              89.437E-09        166.216E-06  
              895.169             89.517E-09        166.6E-06    
              895.97              89.5969E-09       166.957E-06  
              896.77              89.6769E-09       167.292E-06  
              897.57              89.757E-09        167.604E-06  
              898.37              89.837E-09        167.897E-06  
              899.169             89.917E-09        168.172E-06  
              899.97              89.997E-09        168.434E-06  
              900.77              90.077E-09        168.685E-06  
              901.57              90.157E-09        168.926E-06  
              902.37              90.2369E-09       169.158E-06  
              903.169             90.3169E-09       169.382E-06  
              903.97              90.397E-09        169.599E-06  
              904.77              90.477E-09        169.807E-06  
              905.57              90.557E-09        170.009E-06  
              906.37              90.637E-09        170.205E-06  
              907.169             90.717E-09        170.396E-06  
              907.97              90.797E-09        170.583E-06  
              908.77              90.877E-09        170.767E-06  
              909.57              90.9569E-09       170.947E-06  
              910.37              91.0369E-09       171.124E-06  
              911.169             91.117E-09        171.298E-06  
              911.97              91.197E-09        171.469E-06  
              912.77              91.277E-09        171.638E-06  
              913.57              91.357E-09        171.805E-06  
              914.37              91.437E-09        171.97E-06   
              915.169             91.517E-09        172.133E-06  
              915.97              91.597E-09        172.295E-06  
              916.77              91.6769E-09       172.454E-06  
              917.57              91.757E-09        172.613E-06  
              918.37              91.837E-09        172.77E-06   
              919.169             91.917E-09        172.926E-06  
              919.97              91.997E-09        173.081E-06  
              920.77              92.077E-09        173.234E-06  
              921.57              92.157E-09        173.387E-06  
              922.37              92.237E-09        173.538E-06  
              923.169             92.3169E-09       173.689E-06  
              923.97              92.3969E-09       173.838E-06  
              924.77              92.477E-09        173.986E-06  
              925.57              92.557E-09        174.134E-06  
              926.37              92.637E-09        174.281E-06  
              927.169             92.717E-09        174.426E-06  
              927.97              92.797E-09        174.571E-06  
              928.77              92.8769E-09       174.716E-06  
              929.57              92.957E-09        174.86E-06   
              930.37              93.0369E-09       175.003E-06  
              931.169             93.1169E-09       175.145E-06  
              931.97              93.197E-09        175.287E-06  
              932.77              93.277E-09        175.44E-06   
              933.57              93.357E-09        175.794E-06  
              934.37              93.437E-09        176.149E-06  
              935.169             93.517E-09        176.493E-06  
              935.97              93.5969E-09       176.822E-06  
              936.77              93.6769E-09       177.129E-06  
              937.57              93.757E-09        177.413E-06  
              938.37              93.837E-09        177.679E-06  
              939.169             93.917E-09        177.93E-06   
              939.97              93.997E-09        178.169E-06  
              940.77              94.077E-09        178.399E-06  
              941.57              94.157E-09        178.621E-06  
              942.37              94.237E-09        178.837E-06  
              943.169             94.317E-09        179.046E-06  
              943.97              94.3969E-09       179.25E-06   
              944.77              94.4769E-09       179.448E-06  
              945.57              94.557E-09        179.641E-06  
              946.37              94.637E-09        179.828E-06  
              947.169             94.717E-09        180.009E-06  
              947.97              94.797E-09        180.185E-06  
              948.77              94.877E-09        180.357E-06  
              949.57              94.9569E-09       180.526E-06  
              950.37              95.037E-09        180.692E-06  
              951.169             95.117E-09        180.855E-06  
              951.97              95.197E-09        181.016E-06  
              952.77              95.277E-09        181.175E-06  
              953.57              95.357E-09        181.332E-06  
              954.37              95.437E-09        181.488E-06  
              955.169             95.517E-09        181.642E-06  
              955.97              95.597E-09        181.795E-06  
              956.77              95.6769E-09       181.946E-06  
              957.57              95.757E-09        182.097E-06  
              958.37              95.837E-09        182.246E-06  
              959.169             95.917E-09        182.394E-06  
              959.97              95.997E-09        182.541E-06  
              960.77              96.077E-09        182.687E-06  
              961.57              96.157E-09        182.832E-06  
              962.37              96.237E-09        182.975E-06  
              963.169             96.3169E-09       183.119E-06  
              963.97              96.3969E-09       183.261E-06  
              964.77              96.477E-09        183.402E-06  
              965.57              96.557E-09        183.543E-06  
              966.37              96.637E-09        183.683E-06  
              967.169             96.717E-09        183.823E-06  
              967.97              96.797E-09        183.962E-06  
              968.77              96.877E-09        184.101E-06  
              969.57              96.957E-09        184.24E-06   
              970.37              97.0369E-09       184.377E-06  
              971.169             97.1169E-09       184.515E-06  
              971.97              97.197E-09        184.652E-06  
              972.77              97.277E-09        184.789E-06  
              973.57              97.357E-09        184.926E-06  
              974.37              97.437E-09        185.062E-06  
              975.169             97.517E-09        185.198E-06  
              975.97              97.597E-09        185.118E-06  
              976.37              97.637E-09        185.155E-06  
              976.97              97.697E-09        185.328E-06  
              977.77              97.7769E-09       185.478E-06  
              978.57              97.857E-09        185.661E-06  
              979.37              97.937E-09        185.812E-06  
              980.169             98.017E-09        185.962E-06  
              980.97              98.097E-09        186.11E-06   
              981.77              98.177E-09        186.264E-06  
              982.57              98.257E-09        186.413E-06  
              983.37              98.337E-09        186.56E-06   
              984.169             98.417E-09        186.703E-06  
              984.97              98.4969E-09       186.845E-06  
              985.77              98.577E-09        186.985E-06  
              986.57              98.657E-09        187.124E-06  
              987.37              98.737E-09        187.263E-06  
              988.169             98.817E-09        187.4E-06    
              988.97              98.897E-09        187.537E-06  
              989.77              98.977E-09        187.674E-06  
              990.57              99.057E-09        187.81E-06   
              991.37              99.137E-09        187.946E-06  
              992.169             99.2169E-09       188.081E-06  
              992.97              99.297E-09        188.217E-06  
              993.77              99.377E-09        188.352E-06  
              994.57              99.457E-09        188.493E-06  
              995.37              99.537E-09        188.683E-06  
              996.169             99.617E-09        188.871E-06  
              996.97              99.697E-09        189.056E-06  
              997.77              99.777E-09        189.238E-06  
              998.57              99.8569E-09       189.417E-06  
              999.37              99.937E-09        189.592E-06  
                1.00017E+03      100.E-09           189.002E-06  
                1.00097E+03      100.E-09           185.693E-06  
                1.00177E+03      100.E-09           182.947E-06  
                1.00197E+03      100.E-09           182.343E-06  
                1.00201E+03       99.2978E-09       125.267E-06  
                1.00202E+03       97.8915E-09        12.607E-06  
                1.00202E+03       97.8915E-09       524.717E-09  




